$SPEC_ID:
No sample description was entered.
$SPEC_REM:
DET# 1
DETDESC# HPGe Detector 1
AP# GammaVision Version 6.07
$DATE_MEA:
02/08/2016 09:15:57
$MEAS_TIM:
86400 94500
$DATA:
0 8191
       0
       0
       0
       2
   41665
   59162
   30802
   22040
   19762
   20259
   21168
   22633
   24454
   26714
   30047
   34406
   42770
   51605
   55927
   60684
   67480
   73511
   78451
   84246
   89447
   93553
   97163
   98436
   95999
   90916
   82289
   76674
   72449
   54576
   38631
   32532
   28955
   24724
   22421
   20286
   17073
   15829
   15166
   15389
   17079
   19167
   24093
   35570
   34334
   21290
   13843
   12838
   14020
   15682
   14972
   16046
   22309
   24623
   21371
   18148
   16901
   14995
   12832
   13977
   26076
   48655
   47552
   24083
   13066
   14559
   39264
   99434
  107494
   50987
   24585
   17587
   12171
   10004
    8969
    9049
    8865
    8849
    8731
    8717
    8977
    9167
    9540
    9928
   12027
   23217
   40862
   36189
   18636
   12540
   12496
   13116
   13380
   14308
   15278
   16541
   17665
   18967
   20969
   22891
   25013
   27618
   29772
   32301
   34815
   37230
   39776
   43289
   47593
   52031
   56740
   62918
   73339
  100805
  137493
  133059
  109412
  107297
  115502
  125420
  136991
  149972
  168076
  189973
  220025
  261285
  320186
  412189
  522698
  595577
  716776
  887141
  814663
  613374
  534057
  516561
  507990
  496422
  481975
  465953
  453276
  447207
  448256
  460138
  478582
  500550
  530021
  560631
  575862
  590025
  622872
  667631
  717994
  769002
  826546
 1209122
 6420801
32556838
67036905
51422846
14509934
 1500493
   64663
    9133
    8105
    8018
    7637
    7955
    8248
    8229
    8192
    8312
    8536
    8600
    8689
    8931
    8791
    8898
    9168
    9685
   10025
    9971
    9633
    9653
   10581
   13020
   15464
   14100
   12014
   11477
   12084
   12794
   13592
   14780
   16761
   17138
   16632
   17013
   17903
   19687
   21424
   20513
   18521
   17482
   16864
   16473
   15948
   15690
   15196
   14928
   14947
   14638
   14794
   14218
   14662
   14572
   14454
   14915
   14791
   15019
   15196
   15497
   15779
   16128
   16756
   17559
   19101
   19993
   19664
   19180
   18841
   19030
   19652
   20180
   20635
   20706
   20521
   20883
   21236
   21269
   21720
   21876
   22500
   22727
   22989
   23624
   24063
   24755
   25594
   26365
   26860
   26900
   27686
   28597
   29175
   30463
   30674
   31762
   33483
   38597
   45682
   45483
   40083
   48144
  114893
  248806
  263683
  127318
   42291
   28548
   37021
   49491
   46520
   35546
   45606
  134437
  288616
  284225
  119727
   27162
   10500
    9349
    9407
    9649
   10233
   12206
   13948
   12569
   10584
   10274
   10195
   10401
   10658
   10911
   11510
   11532
   11364
   11225
   11249
   11277
   11257
   11450
   11903
   13254
   16041
   18014
   20292
   22635
   20271
   15152
   12853
   12283
   12350
   12414
   12951
   15253
   17063
   16381
   16869
   26363
   46883
   50815
   30621
   16404
   13657
   12493
   12004
   11740
   12352
   16788
   31849
   44436
   34870
   18762
   13039
   22653
   68037
  130146
  114743
   45162
   11296
    5476
    5006
    4997
    5135
    5064
    4998
    5138
    5148
    5118
    5241
    5012
    5029
    5003
    5061
    5166
    5116
    5159
    5148
    5186
    5258
    5285
    5313
    5277
    5187
    5110
    5317
    5286
    5291
    5291
    5317
    5336
    5348
    5411
    5382
    5501
    5626
    5439
    5370
    5418
    5420
    5344
    5354
    5508
    5435
    5541
    5643
    5645
    5683
    5676
    5613
    5583
    5814
    8053
   16290
   26426
   23043
   11787
    5980
    5083
    5040
    5021
    5097
    5866
    7588
    8811
    7361
    5726
    5018
    5121
    4940
    4971
    4901
    4958
    4990
    5103
    5117
    5073
    5013
    5051
    5041
    5054
    4983
    4952
    4931
    5113
    5059
    5247
    5396
    5288
    5072
    5045
    4954
    5046
    4945
    5066
    5150
    5023
    5239
    5344
    5099
    5010
    5037
    6349
    8177
    8029
    6315
    5733
    5938
    5577
    4891
    4675
    4553
    4439
    4658
    4945
    6689
   10899
   14464
   11132
    6424
    4550
    4333
    4277
    4286
    4289
    4319
    4280
    4336
    4333
    4238
    4427
    4888
    5087
    4975
    4331
    4305
    4167
    4189
    4181
    4294
    4131
    4160
    4132
    4251
    4149
    4259
    4120
    4083
    4150
    4184
    4100
    4141
    4095
    4185
    4136
    4123
    4089
    4276
    4300
    4205
    4391
    4358
    4192
    4220
    4194
    4203
    4168
    4034
    4071
    3865
    3895
    3986
    3998
    4028
    4190
    4026
    4277
    4832
    5312
    4884
    4174
    3942
    3824
    3936
    3865
    3873
    3922
    3898
    3859
    3928
    3918
    3789
    3754
    3837
    3805
    3920
    3789
    3723
    3777
    3760
    3815
    3771
    3783
    3748
    3791
    3857
    3705
    3801
    3784
    3763
    3788
    3896
    3827
    3781
    3699
    3770
    3629
    3695
    3836
    6532
   19306
   43390
   52716
   32421
   10936
    3792
    2716
    2555
    2562
    2642
    2565
    2590
    2488
    2518
    2692
    2579
    2499
    2575
    2546
    2424
    2454
    2483
    2409
    2475
    2389
    2369
    2513
    2354
    2399
    2343
    2365
    2353
    2363
    2394
    2356
    2354
    2596
    3557
    4843
    4785
    3501
    2511
    2167
    2252
    2253
    2101
    2159
    2282
    2117
    2162
    2183
    2191
    2141
    2146
    2147
    2151
    2112
    2140
    2104
    2180
    2141
    2124
    2082
    2159
    2037
    2037
    2010
    2021
    2213
    2351
    2324
    2257
    2144
    2103
    2032
    2072
    2112
    2078
    2078
    1956
    2022
    2049
    1989
    1976
    1969
    1970
    2066
    2144
    1957
    1928
    1979
    2015
    2006
    1981
    1982
    2038
    2027
    1854
    1955
    1925
    1851
    1877
    1967
    1879
    1952
    1984
    1941
    2079
    2003
    1913
    1947
    1974
    2035
    1929
    1911
    1855
    1827
    1828
    1867
    1818
    1901
    1839
    1858
    1906
    1840
    1951
    1883
    1793
    1873
    1809
    1899
    1829
    1844
    1707
    1764
    1804
    1881
    1828
    1893
    1846
    1830
    1775
    1814
    1847
    1809
    1833
    1829
    1798
    1811
    1796
    1832
    1742
    1718
    1810
    1888
    1912
    2282
    2354
    2146
    1822
    1815
    1853
    2177
    2831
    3284
    2898
    2245
    1811
    1642
    1668
    1684
    1758
    1683
    1767
    1718
    1837
    1780
    1645
    1712
    1647
    1626
    1674
    1646
    1697
    1711
    1825
    2058
    1998
    1765
    1681
    1639
    1675
    1650
    1734
    1658
    1573
    1637
    1570
    1655
    1660
    1690
    1662
    1630
    1609
    1566
    1575
    1489
    1685
    1606
    1543
    1624
    1628
    1541
    1646
    1577
    1629
    1586
    1629
    1615
    1573
    1599
    1542
    1545
    1517
    1511
    1589
    1611
    1727
    1681
    1715
    1635
    1842
    2198
    2395
    2124
    1647
    1492
    1551
    1576
    1488
    1507
    1534
    1524
    1477
    1497
    1568
    1568
    1525
    1528
    1602
    1688
    1980
    2472
    2919
    2463
    1780
    1478
    1512
    1489
    1447
    1472
    1456
    1449
    1548
    1548
    1474
    1518
    1493
    1478
    1379
    1424
    1518
    1446
    1386
    1415
    1439
    1458
    1414
    1390
    1429
    1494
    1479
    1902
    3682
    7306
    9382
    7478
    4041
    2032
    1514
    1260
    1300
    1307
    1338
    1323
    1332
    1328
    1333
    1312
    1305
    1314
    1281
    1333
    1267
    1349
    1226
    1279
    1237
    1296
    1299
    1356
    1920
    3903
    7619
   10034
    7710
    3818
    1767
    1370
    1243
    1241
    1244
    1160
    1155
    1185
    1147
    1118
    1261
    1204
    1121
    1129
    1161
    1191
    1191
    1148
    1153
    1166
    1223
    1833
    4071
    7640
    9530
    7060
    3376
    1502
    1282
    2332
    7650
   19007
   28280
   24112
   11263
    3511
    1181
     898
    1004
     972
     907
     841
     802
     891
    1081
    1462
    1767
    1483
    1017
     853
     775
     781
     791
     716
     735
     764
     728
     792
     778
     725
     785
     777
     750
     782
     789
     739
     777
     750
     786
     806
     727
     740
     797
     794
     880
     853
     797
     791
     806
     688
     728
     770
     708
     725
     776
     707
     751
     742
     703
     754
     757
     732
     772
     779
     780
     789
     754
     746
     743
     730
     707
     748
     730
     738
     704
     708
     694
     712
     731
     740
     688
     729
     751
     749
     632
     719
     787
     724
     748
     948
    1986
    5472
   10413
   12218
    7956
    3463
    1401
    1443
    2495
    3374
    2860
    1534
     861
     636
     638
     592
     598
     599
     572
     663
     656
     991
    1781
    4397
    7138
    7482
    4535
    1835
     812
     602
     533
     522
     503
     553
     484
     546
     556
     520
     543
     512
     529
     657
     986
    1614
    2014
    1719
    1035
     649
     525
     525
     521
     510
     559
     519
     482
     562
     490
     536
     517
     494
     559
     655
     760
     866
     695
     574
     530
     517
     500
     459
     520
     492
     521
     512
     511
     599
     528
     551
     508
     515
     518
     500
     594
     651
     731
     701
     649
     547
     583
     478
     531
     502
     488
     460
     487
     480
     520
     521
     528
     520
     510
     440
     472
     518
     553
     544
     570
     548
     515
     479
     478
     498
     482
     511
     531
     509
     521
     504
     483
     558
     459
     502
     485
     481
     508
     500
     494
     509
     501
     572
     704
     795
     859
     914
     915
     864
     721
     592
     674
    1043
    1642
    1903
    1482
     903
     583
     446
     424
     453
     446
     444
     507
     486
     509
     469
     499
     485
     494
     495
     689
    1155
    1615
    1622
    1136
     707
     541
     485
     486
     478
     497
     521
     573
     487
     478
     521
     436
     468
     476
     512
     408
     452
     464
     487
     457
     479
     466
     470
     476
     449
     484
     459
     518
     488
     511
     508
     550
     619
     703
     884
     875
     729
     568
     538
     486
     521
     590
     652
     571
     510
     491
     476
     438
     448
     461
     479
     465
     470
     486
     463
     449
     447
     476
     444
     455
     445
     453
     454
     443
     446
     466
     490
     570
     595
     549
     486
     494
     565
     749
     870
     903
     710
     526
     462
     444
     448
     416
     444
     398
     477
     480
     465
     581
     614
     584
     527
     432
     436
     438
     465
     483
     493
     438
     483
     467
     481
     479
     497
     488
     476
     504
     536
     564
     563
     626
     659
     686
     699
     636
     636
     604
     653
     647
     644
     733
     734
     717
     765
     756
     797
     806
     857
     863
     856
     899
     940
     945
    1003
    1016
    1035
    1057
    1069
    1071
    1128
    1028
    1051
     988
     956
     959
     861
     932
     783
     771
     735
     711
     742
     697
     646
     625
     650
     647
     581
     556
     511
     619
     599
     613
     523
     520
     503
     488
     477
     423
     448
     382
     404
     404
     413
     352
     339
     370
     335
     364
     364
     318
     308
     348
     315
     314
     338
     333
     377
     323
     316
     332
     313
     303
     342
     352
     297
     309
     315
     352
     317
     316
     301
     291
     326
     337
     310
     325
     309
     329
     322
     299
     292
     290
     293
     292
     285
     339
     329
     320
     356
     312
     320
     341
     373
     372
     460
     536
     603
     645
     671
     732
     630
     557
     518
     473
     404
     413
     395
     396
     397
     342
     324
     291
     319
     282
     298
     288
     289
     305
     284
     288
     295
     288
     291
     294
     256
     280
     306
     298
     326
     310
     327
     300
     293
     282
     314
     275
     283
     261
     292
     286
     291
     245
     276
     297
     310
     284
     286
     299
     290
     276
     266
     270
     265
     224
     286
     234
     265
     216
     247
     253
     227
     279
     248
     235
     233
     212
     231
     248
     243
     219
     251
     258
     226
     235
     240
     234
     246
     202
     231
     209
     214
     215
     226
     252
     214
     207
     229
     228
     224
     229
     207
     242
     237
     249
     211
     220
     233
     202
     213
     204
     227
     223
     209
     202
     218
     194
     218
     201
     216
     213
     216
     191
     193
     220
     190
     210
     208
     216
     182
     209
     191
     193
     188
     187
     211
     225
     195
     222
     199
     196
     201
     181
     179
     200
     186
     217
     185
     189
     201
     224
     195
     188
     214
     213
     195
     185
     184
     185
     208
     210
     185
     206
     213
     206
     215
     203
     207
     213
     205
     208
     179
     210
     190
     167
     185
     178
     211
     187
     217
     229
     247
     212
     172
     183
     167
     195
     183
     174
     162
     199
     146
     168
     173
     167
     177
     159
     171
     183
     158
     196
     181
     202
     182
     183
     222
     211
     164
     200
     171
     171
     181
     176
     167
     191
     208
     212
     189
     186
     177
     190
     161
     159
     172
     223
     270
     272
     249
     192
     158
     137
     187
     151
     167
     153
     155
     144
     153
     156
     157
     166
     184
     209
     289
     391
     479
     394
     308
     212
     179
     175
     152
     179
     168
     163
     158
     162
     177
     163
     159
     185
     150
     177
     176
     173
     162
     149
     162
     162
     166
     155
     164
     171
     170
     168
     167
     176
     194
     189
     144
     158
     152
     149
     153
     176
     156
     169
     140
     151
     170
     140
     143
     146
     151
     175
     147
     137
     143
     136
     147
     243
     497
    1106
    1926
    2327
    1954
    1037
     492
     256
     164
     139
     137
     127
     142
     113
     166
     144
     123
     139
     123
     134
     118
     126
     136
     130
     143
     138
     167
     145
     135
     128
     136
     127
     122
     119
     137
     112
     120
     134
     137
     143
     189
     172
     173
     128
     135
     128
     126
     124
     126
     119
     111
     136
     146
     124
     146
     135
     128
     111
     112
     116
     139
     162
     215
     353
     365
     326
     265
     195
     126
     134
     116
     124
     147
     129
     103
     122
     102
     108
     113
     102
     138
     114
     136
     103
      99
     119
     113
     118
     116
     117
     129
     145
     235
     487
     911
    1360
    1394
    1018
     524
     235
     137
     113
     118
     106
      99
     113
      94
      84
     109
     113
      99
     121
     118
     123
     119
     124
     137
     414
    1359
    4190
    8623
   12262
   12147
    7897
    3555
    1069
     295
      86
      82
      58
      82
      69
      66
      79
      69
      51
      68
      89
      81
      70
      70
      91
      89
      88
      78
      78
      68
      69
      57
      67
      66
      61
      63
      57
      68
      79
      77
      93
      86
      97
      66
      58
      61
      60
      79
      66
      73
      82
     158
     169
     176
     136
      93
      71
      63
      77
      59
      65
      77
      57
      63
      63
      69
      57
      70
      77
      82
      73
      89
      83
     187
     453
     813
    1109
    1036
     634
     343
     123
      57
      69
      78
      67
      75
      83
     116
     161
     175
     178
     157
     103
      91
      74
     136
     201
     231
     225
     173
     123
      89
      71
      71
      66
      66
      58
      71
      75
      73
      84
      63
      53
      63
      60
      64
      61
      55
      69
      69
      75
      59
      63
      73
      71
      40
      85
      65
      55
      73
     116
     188
     230
     284
     204
     118
      97
      79
      70
      71
      60
      70
      61
      65
      56
      54
      47
      50
      69
      69
      34
      56
      57
      65
      57
      62
      58
      56
      59
      58
      70
      64
     134
     447
    1363
    3138
    5342
    6154
    5021
    2951
    1261
     516
     188
      87
      50
      44
      38
      40
      46
      26
      40
      44
      36
      40
      36
      50
      54
      87
      63
      69
      46
      58
      43
      61
      45
      27
      44
      52
      51
      40
      33
      37
      35
      44
      49
      65
      96
     196
     266
     264
     202
     137
      80
      45
      29
      49
      46
      40
      38
      36
      38
      44
      34
      26
      38
      30
      31
      36
      40
      37
      38
      23
      36
      35
      30
      33
      34
      44
      34
      33
      32
      31
      32
      26
      31
      36
      32
      30
      21
      22
      39
      33
      39
      36
      40
      25
      56
     128
     196
     282
     254
     209
     101
      78
      39
      38
      45
      60
      70
      79
      98
      63
      58
      37
      26
      39
      43
      43
      34
      34
      42
      25
      32
      30
      28
      31
      41
      86
     125
     183
     180
     135
     111
      50
      40
      40
      42
      73
     125
     169
     189
     156
     138
     104
     122
      94
      70
      33
      28
      32
      35
      35
      30
      26
      25
      28
      34
      27
      34
      33
      28
      34
      35
      37
      38
      23
      45
      39
      28
      42
      39
      39
      34
      34
      33
      29
      30
      33
      30
      26
      30
      29
      33
      32
      36
      27
      35
      33
      35
      31
      50
      39
      42
      29
      43
      38
      31
      26
      35
      31
      34
      34
      34
      19
      31
      22
      35
      44
      36
      30
      32
      30
      27
      26
      30
      40
      24
      31
      33
      32
      30
      22
      30
      32
      53
      61
      76
      61
      64
      63
      36
      31
      20
      29
      31
      27
      23
      35
      33
      36
      28
      34
      33
      25
      22
      23
      20
      29
      37
      29
      46
      40
      43
      42
      46
      26
      25
      23
      32
      38
      28
      29
      26
      26
      25
      32
      28
      31
      28
      37
      33
      34
      41
      34
      31
      20
      27
      20
      35
      31
      31
      39
      27
      33
      31
      32
      40
      35
      29
      33
      31
      26
      36
      44
      34
      33
      38
      32
      33
      36
      33
      36
      35
      38
      41
      31
      31
      45
      26
      34
      34
      34
      35
      29
      28
      39
      39
      30
      37
      35
      24
      44
      33
      26
      28
      37
      42
      38
      31
      23
      32
      32
      30
      32
      44
      29
      29
      41
      37
      33
      29
      30
      32
      26
      43
      36
      73
      82
      89
      69
      54
      39
      26
      35
      32
      30
      28
      31
      34
      31
      42
      41
      38
      29
      27
      27
      32
      24
      28
      30
      33
      24
      23
      40
      37
      26
      38
      22
      29
      23
      27
      34
      33
      30
      30
      35
      28
      32
      29
      44
      39
      54
      50
      32
      32
      25
      24
      29
      25
      19
      33
      20
      22
      18
      31
      29
      27
      27
      31
      35
      25
      32
      18
      17
      36
      28
      40
      34
      33
      40
      31
      25
      17
      23
      27
      28
      21
      19
      18
      28
      28
      21
      25
      24
      19
      22
      23
      27
      25
      22
      27
      33
      26
      36
      36
      29
      27
      24
      31
      22
      29
      24
      24
      27
      25
      19
      27
      34
      27
      27
      31
      30
      35
      20
      23
      24
      21
      24
      18
      30
      20
      34
      28
      27
      19
      29
      34
      31
      32
      23
      22
      20
      28
      10
      29
      25
      21
      32
      25
      25
      35
      23
      29
      29
      23
      25
      31
      29
      31
      35
      33
      21
      20
      28
      23
      21
      35
      33
      23
      27
      19
      24
      24
      21
      23
      24
      26
      22
      26
      24
      19
      26
      34
      38
      36
      31
      41
      34
      42
      35
      31
      23
      31
      24
      24
      19
      27
      25
      21
      30
      19
      19
      22
      20
      29
      17
      19
      27
      22
      24
      22
      20
      25
      14
      34
      24
      28
      21
      24
      24
      32
      17
      27
      24
      18
      22
      24
      20
      19
      22
      26
      22
      21
      25
      20
      17
      18
      19
      26
      21
      29
      31
      23
      27
      32
      22
      31
      28
      17
      16
      18
      26
      35
      21
      21
      21
      25
      24
      23
      20
      22
      19
      17
      18
      24
      21
      24
      25
      21
      24
      28
      25
      19
      21
      11
      17
      23
      25
      26
      24
      30
      23
      24
      27
      29
      23
      25
      19
      17
      13
      18
      20
      23
      26
      25
      30
      17
      16
      23
      15
      27
      27
      16
      21
      27
      38
      36
      26
      28
      19
      22
      12
      18
      22
      22
      22
      24
      25
      25
      25
      28
      20
      22
      23
      31
      27
      19
      15
      24
      26
      25
      22
      23
      27
      22
      21
      24
      23
      27
      18
      36
      27
      30
      31
      29
      19
      25
      21
      22
      19
      21
      15
      22
      18
      26
      35
      24
      16
      17
      18
      22
      18
      18
      25
      22
      16
      24
      23
      13
      18
      21
      22
      28
      25
      21
      21
      22
      18
      21
      18
      17
      19
      16
      20
      15
      26
      19
      24
      20
      29
      28
      20
      25
      27
      17
      29
      30
      24
      20
      20
      23
      26
      20
      18
      31
      24
      26
      23
      19
      13
      23
      18
      18
      11
      23
      21
      28
      27
      19
      12
      16
      26
      25
      25
      23
      18
      19
      39
      34
      39
      29
      37
      38
      51
      47
      50
      39
      46
      36
      12
      19
      27
      22
      16
      19
      20
      20
      20
      19
      25
      18
      16
      20
      25
      20
      16
      22
      15
      15
      23
      24
      26
      16
      25
      22
      26
      29
      23
      22
      29
      25
      23
      19
      18
      15
      29
      21
      29
      26
      12
      20
      18
      18
      19
      25
      16
      10
      31
      18
      19
      20
      17
      27
      18
      21
      19
      21
      12
      15
      20
      19
      16
      16
      23
      17
      15
      14
      13
      10
      18
      22
      16
      12
      20
      15
      15
      19
      21
      16
      19
      18
      23
      22
      15
      19
      21
      14
      17
      19
      21
      23
      18
      12
      24
      14
      17
      14
      19
      12
      21
      20
      22
      16
      18
      28
      10
      20
      19
      13
      20
      15
      24
      26
      20
      22
       8
      12
      18
      24
      20
      20
      24
      20
      21
      22
      19
      15
      18
      19
      20
      12
      12
      20
      17
      24
      26
      21
      18
      18
      14
      27
      16
      25
      14
      20
      19
      21
      17
      16
      22
      15
      15
      14
      15
      18
      13
      15
      21
      26
      26
      21
      22
      25
      24
      16
      18
      16
      14
      22
      22
      14
      22
      21
      16
      24
      21
      21
      15
      16
      15
      28
      16
      18
      15
      23
      17
      13
      19
      15
      14
      18
      21
      26
      20
      15
      17
      18
      23
      19
      17
      24
      14
      17
      14
      10
      19
      10
      16
      12
      15
      16
      16
      20
      14
      25
      15
      14
      16
      22
      19
      19
      24
      13
      13
      11
      11
      11
      24
      18
      21
      21
      23
      23
      20
      15
      16
      21
      15
      16
      27
      22
      23
      17
      20
      15
      27
      18
      15
      27
      18
      21
      19
      14
      18
      12
      17
      16
      17
      27
      20
      18
      15
      21
      15
      16
      15
      12
      16
      14
      21
      16
      14
      18
      18
      22
      18
      19
      20
      17
      17
      14
      18
      14
      14
      21
      16
      20
      22
      12
      15
      21
      17
      15
      12
      19
      21
      21
      19
      15
      25
      23
      23
      22
      20
      18
      19
      12
      23
      14
      17
      22
      24
      19
      21
      27
      21
      25
      27
      22
      18
      29
      27
      38
      33
      34
      41
      43
      40
      44
      36
      51
      58
      45
      41
      56
      53
      58
      69
      91
      75
      81
      70
      67
      59
      64
      44
      58
      58
      47
      46
      35
      47
      44
      38
      46
      41
      22
      34
      15
      25
      21
      27
      26
      18
      16
      19
      14
      16
      18
      12
      15
       8
      13
      14
      15
      15
      15
      18
      21
      19
      18
      25
      19
      20
      16
      20
      17
      17
       6
      10
      16
      22
      22
      15
      15
      18
      24
      22
      14
      17
      14
      13
      17
      13
      13
      10
      13
      14
      10
      11
      22
      18
      22
      18
      14
      12
      19
      17
      21
      14
      18
      16
      15
      13
      16
      11
      17
      15
      14
      24
      14
      14
      16
      10
      15
      11
      21
      11
      21
      13
      13
      14
      16
      15
      17
      16
      11
      15
       8
       9
      17
      10
      15
      25
      15
      13
      13
      19
      18
      13
      15
      14
      18
      19
      12
      16
       2
      14
      16
      16
      11
      13
      11
      20
      15
      20
      12
      15
      13
      11
      20
      14
      16
      14
      16
      21
      11
      14
      19
      18
      17
      20
      12
      14
       6
      12
      15
      10
      18
      12
      17
      15
      17
      11
      25
      16
      27
      18
      14
      24
      11
      11
      17
      11
      18
      23
      17
      15
      12
      16
      11
      17
      19
      14
      10
      17
      22
      12
      14
      17
       9
       9
      16
      21
      21
      15
      16
      19
      17
      19
      11
       9
      15
      18
      19
      23
      26
      11
      11
      19
      17
      18
      14
      19
      16
      15
      12
      19
      16
      15
      16
      22
      10
      15
      16
      22
      18
      19
      23
      17
      14
      19
      14
      17
      12
      27
      16
      19
      15
      15
      14
      16
      17
      15
      14
      13
      29
      17
      11
      18
      12
      21
       8
      14
      13
      14
      16
      20
      17
      19
      14
      16
      15
      12
      17
      13
      21
      18
      22
       9
      19
      19
      15
      10
      17
      13
      16
      13
      15
      18
      21
      17
      13
       9
      17
      14
      17
       9
      16
      17
      13
      12
      16
      14
      20
      17
      20
      16
      13
      21
      14
      21
      20
      18
      17
      21
      16
      14
      10
      15
      16
       9
      16
      21
       7
      13
      15
      17
      14
      14
      18
      12
       8
      16
       9
      19
      12
      13
      12
      18
      17
      14
      21
      17
      14
      14
      10
      16
       8
      21
      15
      18
      22
      14
      11
      12
      16
      13
      14
      19
      13
      11
      11
      18
      15
      11
       9
      16
      19
      14
      10
      19
      12
      22
      16
      20
      15
      19
      20
      24
      19
      24
      21
      15
      18
      23
      19
      19
      14
      21
      19
      22
      18
      11
      15
      17
      14
      13
      18
      15
      21
      18
      14
      21
      19
      26
      18
      21
      17
       7
      12
       7
      13
      13
      13
       9
      11
      13
       8
      12
      19
      13
       7
      16
      21
      12
      12
      11
      15
      19
       8
      17
      15
      12
      15
      17
      12
      11
      18
      11
      11
      15
       9
       7
      19
       9
      14
      22
      10
      17
      17
      11
      14
      13
       4
      17
      15
      17
      23
      12
      14
      21
      11
      13
      21
      18
      17
      16
      18
      22
      19
      18
      19
      22
      32
      18
      10
      16
      12
      13
      12
      17
       8
      14
      18
      15
      19
      16
      10
       8
      11
      17
      19
      12
      13
      12
      14
      16
      14
      11
      19
      13
      16
       7
      10
      20
      11
      18
      14
       8
      16
      11
      12
      27
       9
      12
      16
       8
      18
      14
      17
      11
      12
      14
      11
      16
      14
      14
      14
      10
      11
      11
      13
      17
      24
      13
      10
      11
       9
      18
      14
       9
      17
       9
      10
      13
      14
      15
      19
      12
      10
      14
      16
      12
      19
      16
      12
      16
       9
       9
      20
       7
      18
      15
      23
      19
      19
      14
      20
      12
      10
       9
      18
      10
       8
      25
      12
      14
      14
       3
      17
      15
      13
      11
      11
      16
      16
       8
      18
      20
      14
      11
      10
      14
      12
      18
      14
       9
      16
      11
       8
      22
      11
      18
      14
      15
      11
      17
      14
      15
      11
      14
      10
       8
      23
      11
      13
      14
      20
      12
      16
      12
      18
      14
      18
      19
      17
      14
      17
      20
      15
      12
      18
      12
      17
      13
       9
      12
       8
      10
      15
      14
      15
      20
      15
      12
      11
      15
      11
      11
      22
      12
       7
      10
      11
      14
      20
      12
      11
       9
      15
      16
      20
      17
      16
      12
      10
      16
      14
      11
      21
      14
      15
      13
      12
       7
      17
      10
      13
      14
      15
      14
      15
      11
      17
      12
      17
      20
      18
      16
      10
      10
      11
       8
      14
      10
      11
      12
      11
      10
      10
      13
      10
      13
      16
      17
      16
      12
      13
      12
      19
      13
      23
      12
       5
      19
       9
      15
      10
      10
       6
      14
      12
      11
       7
       8
      10
      18
      10
      15
      18
      23
      15
      15
      13
      10
      13
      16
      14
      16
      16
      10
      17
      16
      17
      17
      12
       8
       8
      17
       8
      14
      18
      19
      18
      12
      16
      18
      18
      15
      12
      18
      16
      19
      17
      12
      13
      17
      20
      18
      22
      18
      17
      13
      17
      19
      15
      14
      15
      21
      16
      11
      17
      21
      17
      22
      22
      21
      20
      19
      21
      21
      19
      22
      21
      10
      10
      13
      16
      12
      14
      11
      10
       9
      20
       9
      15
      20
      14
       7
      13
       8
      17
      15
      14
       6
      14
      10
      16
      12
      12
      12
       7
      13
      10
      11
      10
      18
       9
      15
      21
      15
      15
      18
      14
      14
      18
      14
       7
      12
      18
      20
      16
      18
      15
      16
      13
      15
      19
      15
      12
      17
      14
      12
      19
      11
      10
      10
      14
      14
      16
      17
      10
      14
      13
       9
      10
      14
      19
      11
      15
      12
      14
      11
      18
      15
      14
      10
      13
      17
      10
      13
      11
      14
      13
       7
      15
      12
      16
      14
       8
       5
       9
      11
       8
      15
      17
      15
      13
      13
      11
      17
      16
      14
      15
      12
      14
      14
      10
      12
      19
      21
      24
      27
      29
      25
      19
      22
      21
      15
      16
      19
      18
      11
       8
      13
      14
       8
      13
      18
      18
      14
      12
      12
      15
      11
       9
      17
      17
       9
      10
      11
      16
      12
      14
      15
      21
      15
      11
      10
       8
      12
      11
      15
      18
       8
      14
       7
      19
      16
      11
      16
      17
      15
      15
      21
      11
      11
      14
      17
      17
       4
       9
      17
      14
      21
      17
      16
       8
      13
      11
      21
      16
      18
      17
      15
      14
      19
      15
      18
      11
      15
      11
      10
      20
      14
      11
      11
      11
      14
      16
       8
      14
      17
      11
       9
      10
      13
      13
      18
      12
      18
      12
      14
      12
      13
      10
      14
      17
      15
      12
      11
      10
       4
      12
      15
      11
       9
      17
      13
      14
      13
      15
      12
       4
      12
      15
      16
      16
      16
      13
      12
      16
      15
      13
      15
      11
      21
      11
      15
      13
      17
      14
      11
      14
       9
      13
      17
      10
      23
      18
      15
      14
      17
      14
      23
      12
      12
      14
      17
      10
      12
      12
       9
      13
      16
      12
      13
      17
      17
      15
      17
      14
      14
      10
      15
      10
      16
       9
       8
      11
      15
       8
      14
      11
      15
      11
      11
      19
       8
      14
      17
      18
      10
      16
      15
      14
      16
      17
      11
      16
      11
      22
      17
      15
      17
       9
      19
       9
      21
      17
      16
      18
      14
      11
      22
      16
      17
       8
      10
      12
      10
      11
      16
      17
      15
      14
      19
       7
      10
      20
      21
      15
      18
      19
      12
      11
      17
      10
      20
      11
      11
      11
       8
      14
      15
      16
      19
      18
      16
      16
      12
      11
      11
      11
      14
      18
       6
      10
       6
      12
      22
      15
      19
      10
      21
      13
      10
      16
       9
      11
       5
      14
      12
       9
      11
      16
      15
      13
      18
      12
      13
      17
      13
      21
      13
      15
      17
      13
      13
      16
      19
       9
      14
      15
       7
      20
      19
      15
      16
      17
      11
      16
      13
      21
      15
      14
      14
      17
      20
      12
      17
      19
       7
      13
      13
      11
      15
      14
      17
      10
      14
      16
      12
      13
      11
      12
      10
      11
      14
      15
      13
      19
      10
      18
       7
      14
      17
      17
      11
      14
      14
      15
      11
      14
       8
      11
      10
      16
      12
      18
       9
      17
       9
      10
      11
      16
       9
      15
      19
      13
      15
      13
      12
      15
      16
      15
       7
      10
      18
      15
      12
      11
      10
       7
      10
       8
      12
      13
       8
      11
      10
       7
       7
      14
      11
      13
      21
       6
      13
      14
      12
      11
      12
      11
      10
       7
       5
      13
      13
      11
       7
       6
      14
       9
      12
      11
       7
      13
       9
       8
      12
      16
       6
       8
       8
      10
       7
      14
       9
      12
       8
      12
      14
      10
       9
      13
       7
       7
      10
       9
      11
      15
      10
      10
      11
       7
      12
       6
       9
      11
      14
      14
      11
       9
      11
      11
       6
      15
      11
      13
      11
       8
       9
       3
      12
       8
       7
      17
       9
      14
      13
       8
       8
       7
      12
      11
      12
      10
      11
      12
       9
      13
      10
      11
       9
      17
      16
      10
      20
       9
       8
      10
      10
      14
      10
      10
      12
       4
      10
       8
       8
      11
       8
      10
      11
      13
      11
      14
       6
       7
      10
      14
       9
      10
       6
       7
      13
       7
      13
      10
       6
       8
       8
       5
       5
       8
       7
       9
       9
      10
      15
      11
      14
      12
       7
      13
      11
       7
      16
       4
       7
       3
       8
       9
       5
       3
      14
      10
      11
       9
       6
       6
       5
       6
       8
       9
      11
       5
       6
       9
      10
      14
       8
       7
       7
       7
       9
       5
       9
       6
       8
       8
       8
       7
       8
       6
       6
      10
       9
      10
       8
      14
       4
      10
      11
      13
       6
       8
       7
      11
       8
      11
       8
       7
       7
       8
       6
       8
       9
       6
       8
      10
      10
       7
      11
       8
      11
      15
       6
      13
      14
       6
       6
      11
       7
       8
       8
      10
      11
       4
      12
      10
      14
       3
       4
       9
       6
       6
       4
       5
       7
       8
       8
       3
      13
       4
       7
       7
       6
       4
       4
      11
       4
       8
      11
      10
      12
      11
      10
      12
       7
       4
      10
      11
       8
       5
       7
      11
       4
       7
       3
      10
       6
       3
       5
       7
       7
       6
      12
       8
       7
       6
      10
       7
       6
       8
       5
       6
       6
      10
       6
      12
       9
       8
       4
       8
       5
       3
       4
       5
       5
       4
       8
       6
       5
       3
       7
       6
       8
       5
       8
       9
       7
       5
       9
       9
       7
       7
       7
       2
       7
       6
      11
       8
       8
       4
       6
       9
       3
       9
       9
       5
       9
       9
      12
       8
      15
       5
      10
       6
       8
       4
       8
       9
       7
       5
       5
       5
       7
       9
      11
       5
       7
       9
       4
       8
       4
       5
       9
       8
      10
       4
       7
       6
       8
       6
      11
       5
       7
       6
       2
       6
      10
       6
       3
       5
       4
       6
       3
       5
      11
       5
       5
       5
       9
       5
      11
      10
      10
       9
       3
       9
       3
       5
      10
       4
       7
       3
      10
       4
       7
       9
       7
       4
      10
      10
      10
       2
       7
       6
       2
       6
       8
      11
       4
       4
       2
       5
       8
       3
       6
       3
      10
       3
       4
       6
       7
      10
       4
       4
       2
       3
       2
      10
       9
       5
       9
       7
       3
       5
       5
       3
       2
       6
       8
       8
       9
       4
       9
      12
      15
      13
      15
      13
      10
       6
       6
       7
       6
       7
       4
       9
       6
       4
       3
       8
       3
       5
      10
       5
       7
       4
       8
       5
       7
       5
       7
       8
       7
       6
       5
       8
       5
       9
       7
      11
       4
       7
       6
      10
      18
      15
      24
      20
      17
      15
       9
       6
       8
      11
       7
       7
       5
       9
       7
      12
       8
       7
       7
      10
       7
       6
       5
       7
       9
       6
       8
       3
      12
       4
       4
       3
       5
       7
       4
       5
       5
       3
       8
       6
       8
       7
       6
      12
      12
      10
       7
       5
      13
       8
       8
       6
       8
      17
      14
      15
      10
      23
      12
      30
      24
      22
      14
      25
      23
      27
      31
      27
      27
      37
      35
      30
      33
      36
      37
      42
      57
      78
      99
     141
     198
     228
     259
     249
     210
     168
     111
      87
      60
      52
      50
      37
      35
      39
      28
      26
      30
      34
      37
      26
      30
      29
      26
      20
      22
      18
      12
      14
      17
      16
      12
       8
      16
       7
      16
       9
      11
       6
       7
       8
       8
       6
       6
       6
       9
       8
       4
       6
       2
       2
      12
       3
       9
       5
       6
       7
       2
       6
       3
       6
      11
       6
       4
      10
      11
       4
       2
       4
       9
       6
       3
       6
       5
       7
       6
       3
       7
       7
       5
       6
       6
       4
       8
       5
       3
       5
       6
       6
       8
      10
       9
       1
       4
       3
       6
       3
       4
       9
       4
       7
       7
       3
       4
       3
       4
      12
       5
       4
       7
       9
       5
       6
       6
       5
       4
       6
       6
       6
       3
       5
       4
       5
       2
       9
       4
       2
       7
       7
       8
       6
       2
       9
       7
       1
       2
       5
       8
       6
       3
       3
       4
       3
       7
       5
       3
       6
       5
       5
       8
       2
       5
       3
       6
       3
       3
       6
       3
       7
       5
       6
       3
       6
       8
       4
       6
       5
       5
       7
       9
       6
       4
       5
       4
       5
       4
       7
       2
       6
       7
       7
       6
       4
       4
       7
       2
       7
       3
       6
       4
       5
       8
       3
       4
       8
       6
       3
       4
       5
      11
       9
       6
       3
       1
       7
       7
       5
       6
       1
       2
       4
       4
       9
       6
       7
       4
       9
       7
       5
       4
       4
       7
       7
       4
       5
       3
       9
       6
       7
       9
       4
       7
       9
       7
       7
       5
       5
       3
       4
       6
       6
       4
       6
       6
       4
       4
       8
       5
      11
       6
       3
       3
       7
       6
      11
      10
       4
       1
       5
       8
       7
       6
       3
       6
       6
       6
       6
       8
       5
       4
       9
       5
       8
       4
       5
       7
       4
       9
       6
       4
       3
       4
       4
      11
       5
       4
       4
       3
       7
       5
       8
       4
       4
       5
       4
       4
       2
       3
       1
       4
       9
       7
       5
       4
       4
       5
       5
       3
       3
       5
       8
       4
       5
       0
       6
       7
       3
       7
       5
       1
       7
       7
       6
       8
      10
       2
       3
       3
       3
       3
       4
       7
       5
       4
       7
       8
       3
       2
       2
       4
       2
       5
       7
       6
       8
       7
       1
       3
       4
       8
       3
       7
       5
       4
       4
       3
       3
       5
       6
       2
       7
       2
       4
       4
       4
       4
       4
       3
       4
       2
       6
       5
       8
       5
       5
       2
       4
       6
       4
       4
       8
       4
       4
       6
       5
       3
       4
       5
       5
       6
       3
       3
       3
       4
       3
       5
       8
      10
       5
       6
       4
       5
       2
       3
       3
       5
       7
       3
       3
       3
       4
       3
       7
       6
       5
       3
       6
       6
       2
       3
       7
       6
       5
       3
       2
       5
       4
       4
       2
       3
       2
       6
       8
       2
       6
       3
       3
       1
       4
       6
       7
       6
       8
       7
       5
       4
       8
       1
       2
       3
       4
       5
       5
       6
       3
       6
       2
       6
       3
       4
       4
       3
       4
       5
       4
       6
       5
       7
       1
       8
       7
       6
       8
       5
       3
       4
      12
       4
      10
       3
       3
       3
       3
       3
       5
       6
       5
       5
       8
       3
       3
       5
       5
       3
       3
       1
       3
       5
       2
       7
       4
       6
       7
       9
       4
       8
       5
       6
       4
       1
       2
       4
       6
       8
       4
       8
       7
       8
       5
       6
       4
       6
       9
       7
       8
       9
       3
       8
       6
       4
       5
       6
       4
       6
       4
       8
       3
       6
       9
       5
       4
       4
       6
       4
       6
       6
       3
       6
       4
       4
       3
       2
       4
       4
       4
       2
       4
       2
       6
       4
       5
       5
       7
       4
       9
       7
       7
       4
       6
       3
       8
       7
       1
      10
       4
       1
       4
       3
       3
       2
       5
       4
       5
       3
       3
       4
      13
       6
       5
       5
       2
       3
       5
       4
       4
       4
       7
       4
       8
       3
       8
       3
       4
       2
       8
       6
       6
       3
       6
       5
       4
       3
       4
       6
       8
       6
       2
       5
       5
       1
       2
      10
       3
       5
       7
       9
       5
       6
       5
       6
       8
       2
       2
       3
       2
       5
       4
       1
       0
       6
       8
       4
       6
       4
       7
       6
       4
       6
       7
       1
       0
       2
       5
       2
       2
       3
       1
       5
       7
       2
       5
       1
       2
       4
       5
       4
       5
       2
       4
       6
       8
       5
       9
       6
       7
       3
       1
       8
       4
       5
       1
       2
       3
       5
      10
       6
       3
       4
       3
       3
       4
       3
       5
       5
       3
       7
       5
       3
      11
       2
       3
       6
       9
       6
       6
       3
       5
       9
       6
       3
       5
       5
       8
       7
       3
       1
       2
       5
       4
       2
       5
       2
       1
       2
       5
       4
       0
       3
       2
       4
       8
       6
       8
       5
       5
       6
       5
       8
       9
       5
       6
       5
       2
       7
       6
       1
       8
       0
       1
       3
       3
       1
       2
       2
       2
       4
       4
       8
       5
       4
       0
       6
       4
       6
       8
       8
       3
       3
       7
       6
       2
       5
       9
       4
       4
       3
       6
       4
       1
       4
       3
       3
       5
       7
       4
       2
       4
       5
       5
       2
       3
       2
       5
       8
       2
       4
       5
       5
       6
       4
       2
       4
       1
       4
       0
       7
       9
      12
       4
       7
       8
       7
       2
       2
       5
       5
       5
       6
       8
       4
       1
       4
       6
       3
       6
       4
       7
       0
       4
       1
       5
       8
       6
       4
       3
       2
       6
       0
       2
       4
       4
       4
      10
       5
       4
       4
       8
       8
       5
       9
       4
       3
       7
       2
       3
       6
       6
      12
       4
       7
       6
       7
       2
       8
       3
       1
       6
       8
       5
       8
       4
       5
       2
       4
       4
       4
       7
       4
       4
       6
       4
      12
       8
       5
       5
       6
       9
      14
      11
      12
       4
       8
       7
       4
       4
       6
       3
       4
       5
       5
       4
       0
       5
       7
       5
       5
       5
       5
       4
       5
       2
       1
       7
       3
       3
       5
       7
       2
       3
       3
       3
       5
       4
       4
       6
       5
       5
       2
       4
       3
       6
       4
       6
       3
       2
       3
       6
       8
       4
       4
       4
       1
       8
       5
       6
       3
       5
       4
       6
       4
       5
       6
       3
       4
       6
       3
       7
       4
       7
       5
       2
       6
       0
       5
       0
       3
       6
       2
       8
       5
       6
       3
       5
       2
       6
       3
       2
       1
       2
       3
       4
       4
       3
       6
       5
       1
       5
       3
       5
       4
       4
       4
       7
       3
       4
       5
       3
       5
       6
       2
       1
       3
       3
       3
       4
       4
       6
       3
       5
       5
       4
       4
       4
       2
       4
       4
       3
       0
       2
       2
       2
       4
       6
       2
       0
       1
       3
       3
       1
       5
       5
       2
       2
       2
       5
       4
       4
       3
       3
       4
       1
       2
       4
       5
       5
       5
       4
       4
       2
       4
       7
       6
       3
       4
       5
       3
       9
       4
       1
       6
       5
       1
       3
       3
       2
       0
       3
       5
       2
       4
       2
       3
       7
       2
       5
       1
       7
       7
       1
      10
       7
       8
       9
       2
       7
       5
       6
       2
       6
       3
       4
       4
       2
       3
       7
       6
       2
       3
       2
       8
       6
       1
       2
       4
       7
       1
       0
       3
       2
       7
       3
       4
       6
       4
       2
       6
       7
       3
       3
       4
       1
       9
       1
       2
       2
       6
       4
       4
       5
       7
       9
       4
       6
       5
       7
       8
       6
       9
       3
       8
       5
      11
       6
       7
      10
       8
       2
       5
       4
       7
       5
       3
       4
       5
       7
       6
       4
       6
       3
       8
       6
       8
       3
       4
       6
       4
       7
       4
       4
       7
       4
       2
       4
       3
       4
       4
       7
       2
       4
       1
       6
       6
       3
      10
       3
       4
       0
       7
       2
       7
       2
       5
       5
       5
       3
       5
       4
       3
       3
       7
       4
       4
       3
       1
       2
       7
       4
       2
       5
       4
       8
       8
       3
       5
       5
       3
       3
       3
       6
       7
       4
       3
       2
       5
       4
       7
       6
       5
       5
       7
       3
       7
       5
       5
       8
       5
       2
       1
       1
       8
       1
       4
       3
       4
       2
       3
       1
       2
       4
       2
       4
       3
       3
       1
       6
       5
       4
       3
       3
       2
       4
       3
       8
       5
       7
       3
       1
       4
       8
       3
       3
       5
       5
       4
       5
       4
       4
       1
       4
       3
       6
       3
       2
       3
       4
       6
       2
       5
       5
       3
       2
       4
       5
       1
       4
       1
       6
       8
       7
       3
       2
       4
       9
       3
       2
       5
       3
       2
       5
       3
       2
       3
       9
       5
       4
       7
       4
       4
       4
       6
       5
       2
       1
       1
       4
       3
       4
       4
       2
       8
       2
       7
       2
       7
       3
       4
       1
       1
       1
       3
       4
       3
       3
       4
       3
       3
       6
       1
       5
       3
       1
       4
       6
       4
       6
       4
       4
       4
       5
       4
       3
       0
       2
       2
       6
       3
       3
       4
       2
       4
       3
       3
       8
       1
       5
       3
       5
       5
       3
       4
       7
       3
       8
       2
       0
       3
       1
       7
       6
       2
       3
       3
       3
       1
       2
       4
       4
       0
       4
       6
       5
       2
       4
       2
       2
       3
       3
       5
       2
       5
       0
       6
       2
       5
       3
       4
       4
       5
       3
       3
       6
       4
       6
       3
       7
       4
       4
       3
       5
       5
       3
       2
       5
       4
       7
       3
       6
       2
       0
       2
       3
       6
       1
      10
       2
       3
       7
       5
       3
       4
       2
       2
       3
       0
       3
       2
       2
       3
       2
       9
       3
       6
       4
       2
       6
       1
       4
       5
       8
       4
       3
       1
       4
       1
       1
       1
       1
       4
       4
       5
       0
       1
       6
       0
       2
       3
       4
       4
       4
       2
       4
       3
       1
       4
       3
       5
       4
       6
       2
       5
       4
       4
       3
       5
       3
       1
       1
       6
       4
       2
       2
       6
       2
       8
       1
       3
       4
       5
       6
       7
       6
       8
       1
       3
       4
       3
       3
       4
       6
       5
       1
       4
       2
       3
       5
       1
       3
       3
       2
       4
       4
       5
       7
       2
       1
       2
       4
       4
       2
       4
       2
       1
       5
       5
       1
       5
       2
       6
       1
       0
       3
       2
       3
       1
       4
       5
       0
       4
       7
       1
       1
       6
       1
       2
       4
       3
       3
       2
       6
       1
       2
       1
       4
       6
       2
       5
       6
       5
       4
       3
       4
       3
       1
       4
       3
       3
       3
       0
       2
       1
       3
       0
       4
       2
       4
       5
       2
       6
       3
       2
       1
       3
       4
       4
       5
       0
       7
       5
       4
       2
       3
       2
       1
       2
       3
       5
       3
       0
       4
       8
       4
       1
       2
       4
       5
       1
       1
       4
       2
       2
       3
       4
       3
       2
       6
       4
       6
       5
       0
       3
       3
       3
       4
       1
       3
       2
       3
       0
       2
       4
       4
       7
       4
       0
       1
       4
       0
       6
       3
       1
       6
       2
       1
       2
       3
       3
       1
       3
       1
       5
       3
       2
       4
       3
       3
       3
       5
       3
       4
       5
       6
       6
       3
       1
       2
       4
       3
       3
       3
       3
       4
       5
       3
       2
       4
       4
       4
       3
       4
       6
       1
       7
       2
       5
       3
       2
       1
       5
       0
       5
       3
       4
       3
      10
       3
       4
       3
       2
       0
       3
       3
       3
       3
       4
       2
       2
       4
       5
       1
       6
       1
       2
       0
       3
       2
       1
       9
       2
       6
       2
       3
       2
       2
       0
       4
       2
       0
       2
       6
       3
       4
       6
       5
       1
       2
       4
       3
       3
       1
       1
       4
       0
       4
       4
       4
       2
       3
       3
       2
       2
       2
       1
       0
       9
       3
       4
       1
       3
       2
       3
       2
       5
       4
       1
       0
       3
       2
       0
       2
       1
       5
       5
       2
       5
       2
       1
       3
       3
       2
       2
       3
       4
       3
       1
       2
       1
       2
       4
       4
       5
       4
       2
       2
       4
       3
       3
       0
       3
       3
       6
       4
       7
       2
       3
       3
       5
       4
       4
       5
       3
       2
       5
       5
       2
       1
       2
       2
       3
       0
       2
       3
       0
       2
       4
       5
       1
       1
       3
       5
       3
       3
       4
       2
       7
       3
       4
       3
       2
       1
       2
       3
       4
       3
       4
       4
       2
       3
       2
       4
       6
       6
       8
       3
       5
       4
       4
       4
       1
       2
       3
       4
       7
       4
       8
       9
       4
       6
       2
       4
       4
       4
       6
       4
       4
       4
       7
       3
       4
       6
      10
       1
       3
       3
      10
       8
       5
       6
       6
       8
       5
      11
       9
      10
       5
       5
      10
       4
       1
       3
       3
       6
       6
       8
       4
       4
       3
       3
       8
       1
       5
       4
       3
       1
       2
       5
       3
       1
       6
       3
       4
      11
      10
       5
       4
       4
       9
       5
       3
       6
       6
       3
       6
       6
       9
       8
       5
       5
       2
       5
       7
       2
       3
       5
       2
       5
       7
       3
       5
       6
       2
       6
       3
       7
       6
       3
       1
       7
       5
       3
       4
       4
       3
       5
       2
       2
       8
       7
       5
       3
       5
       5
       6
       2
       7
       5
       2
       2
       4
       6
       3
       3
       3
       5
       1
       4
       4
       5
       2
       3
       4
       6
       4
       4
       0
       3
       2
       4
       4
       5
       3
       4
       3
       1
       6
       1
       1
       4
       7
       2
       5
       1
       2
       2
       4
       2
       1
       2
       3
       5
       3
       0
       3
       1
       2
       4
       1
       6
       3
       0
       2
       5
       1
       4
       7
       3
       2
       2
       3
       1
       0
       2
       3
       2
       2
       3
       4
       3
       2
       2
       1
       3
       2
       4
       2
       4
       3
       0
       3
       0
       0
       1
       7
       3
       1
       1
       2
       2
       3
       2
       0
       4
       0
       5
       2
       2
       1
       3
       6
       5
       2
       3
       0
       4
       4
       2
       0
       1
       0
       0
       1
       3
       4
       2
       2
       5
       4
       2
       0
       5
       1
       4
       3
       5
       2
       0
       1
       0
       3
       2
       4
       3
       0
       3
       1
       2
       3
       1
       5
       2
       2
       6
       3
       3
       3
       2
       3
       3
       1
       2
       3
       1
       0
       2
       5
       1
       2
       2
       4
       1
       2
       4
       3
       1
       3
       1
       2
       4
       1
       2
       1
       1
       2
       3
       2
       4
       1
       1
       0
       0
       0
       2
       2
       0
       1
       3
       4
       5
       2
       6
       8
      12
      15
      22
      17
      17
      17
      10
       9
       9
       4
       3
       2
       1
       0
       2
       7
       4
       3
       1
       1
       5
       1
       5
       2
       2
       0
       3
       2
       2
       2
       1
       1
       1
       1
       4
       3
       0
       2
       3
       3
       4
       0
       2
       3
       2
       2
       4
       3
       2
       2
       3
       1
       0
       1
       1
       2
       2
       4
       3
       1
       2
       4
       1
       3
       1
       1
       3
       6
       0
       0
       2
       2
       3
       3
       2
       1
       2
       2
       1
       3
       0
       3
       3
       2
       2
       0
       2
       1
       0
       1
       2
       2
       3
       1
       5
       2
       5
       2
       2
       1
       1
       2
       0
       2
       6
       5
       0
       2
       3
       3
       1
       2
       3
       4
       0
       2
       0
       2
       0
       0
       1
       2
       1
       2
       0
       5
       2
       2
       2
       3
       0
       2
       0
       3
       1
       4
       3
       5
       2
       2
       3
       1
       2
       3
       2
       3
       3
       2
       4
       2
       4
       2
       2
       2
       5
       3
       1
       1
       2
       4
       3
       5
       1
       1
       2
       1
       1
       4
       3
       3
       3
       5
       1
       2
       2
       3
       2
       3
       2
       2
       1
       1
       2
       3
       2
       3
       0
       2
       3
       1
       2
       1
       3
       4
       3
       3
       1
       1
       0
       2
       3
       4
       4
       4
       2
       4
       2
       5
       0
       1
       0
       1
       1
       1
       2
       3
       4
       1
       2
       3
       1
       1
       1
       4
       3
       2
       2
       3
       1
       2
       3
       3
       2
       2
       1
       4
       2
       4
       2
       2
       4
       6
       1
       3
       0
       1
       2
       0
       3
       1
       1
       0
       4
       4
       4
       1
       1
       1
       4
       0
       1
       2
       2
       1
       6
       2
       4
       1
       2
       2
       4
       2
       2
       3
       3
       5
       1
       2
       2
       4
       1
       3
       2
       3
       2
       1
       0
       2
       3
       3
       3
       2
       1
       1
       3
       2
       2
       2
       2
       0
       4
       1
       5
       6
       1
       4
       2
       0
       2
       2
       3
       1
       1
       1
       3
       4
       3
       1
       2
       1
       1
       2
       2
       3
       2
       3
       2
       3
       0
       1
       4
       2
       2
       3
       1
       3
       0
       2
       4
       3
       4
       2
       2
       1
       3
       2
       6
       2
       3
       2
       2
       5
       1
       2
       3
       1
       2
       2
       3
       4
       5
       1
       1
       1
       4
       3
       0
       3
       2
       0
       2
       1
       0
       2
       2
       2
       3
       2
       0
       2
       5
       2
       2
       1
       3
       3
       2
       4
       2
       1
       1
       1
       2
       3
       2
       3
       2
       2
       2
       3
       4
       0
       4
       4
       6
       2
       1
       0
       4
       2
       4
       4
       1
       1
       4
       5
       2
       0
       4
       2
       4
       3
       3
       1
       2
       1
       1
       2
       2
       5
       4
       1
       3
       1
       2
       1
       4
       1
       2
       4
       1
       0
       3
       4
       0
       4
       5
       2
       3
       2
       0
       0
       2
       3
       4
       1
       5
       1
       4
       1
       3
       3
       4
       1
       4
       1
       3
       3
       3
       1
       2
       2
       0
       3
       1
       4
       5
       4
       2
       2
       1
       0
       2
       1
       2
       4
       3
       2
       3
       3
       3
       1
       1
       4
       2
       5
       1
       1
       0
       4
       2
       3
       1
       1
       2
       1
       2
       1
       3
       2
       5
       2
       4
       3
       1
       3
       1
       2
       2
       1
       1
       1
       1
       3
       1
       2
       1
       3
       3
       2
       1
       3
       2
       1
       6
       2
       1
       2
       3
       2
       1
       2
       3
       3
       1
       1
       0
       1
       4
       2
       1
       2
       2
       1
       3
       4
       0
       3
       0
       2
       0
       0
       3
       4
       2
       0
       1
       5
       2
       2
       4
       0
       3
       1
       2
       0
       3
       4
       0
       0
       1
       1
       4
       3
       2
       0
       5
       3
       1
       2
       1
       0
       2
       2
       1
       4
       1
       4
       1
       1
       1
       1
       3
       2
       3
       0
       2
       1
       4
       1
       1
       3
       1
       6
       2
       1
       1
       2
       0
       1
       3
       3
       3
       1
       2
       2
       4
       0
       2
       1
       3
       0
       3
       5
       6
       2
       1
       4
       1
       0
       3
       1
       1
       4
       2
       2
       2
       2
       2
       1
       0
       1
       2
       2
       0
       2
       2
       5
       2
       2
       2
       5
       2
       1
       2
       1
       1
       1
       1
       0
       1
       2
       3
       0
       2
       1
       0
       1
       3
       2
       1
       3
       1
       2
       1
       4
       2
       5
       0
       1
       1
       2
       1
       1
       3
       0
       3
       2
       2
       1
       0
       2
       2
       0
       1
       1
       1
       0
       1
       2
       1
       1
       2
       1
       3
       4
       1
       0
       0
       1
       0
       3
       1
       0
       1
       4
       1
       4
       1
       3
       1
       3
       0
       4
       0
       2
       1
       3
       1
       3
       5
       0
       2
       3
       3
       3
       0
       0
       2
       0
       2
       3
       2
       3
       2
       0
       7
       2
       0
       3
       2
       5
       2
       6
       3
       5
       1
       1
       0
       2
       1
       1
       1
       3
       1
       2
       2
       1
       4
       0
       3
       0
       2
       2
       1
       1
       3
       1
       1
       1
       0
       2
       1
       0
       3
       0
       3
       0
       1
       1
       1
       3
       3
       2
       0
       1
       6
       0
       1
       2
       3
       2
       2
       2
       2
       3
       1
       3
       1
       0
       4
       3
       1
       3
       2
       0
       1
       1
       3
       2
       0
       4
       1
       4
       3
       3
       1
       0
       1
       3
       0
       1
       2
       2
       0
       2
       5
       5
       2
       2
       3
       0
       4
       6
       3
       2
       1
       2
       4
       1
       2
       1
       3
       1
       1
       2
       3
       3
       3
       2
       3
       3
       3
       2
       1
       5
       5
       2
       1
       2
       1
       2
       3
       6
       5
       2
       1
       1
       2
       2
       3
       0
       3
       4
       4
       1
       1
       1
       2
       1
       2
       3
       3
       4
       2
       1
       5
       2
       3
       2
       2
       4
       2
       1
       1
       1
       2
       4
       2
       1
       0
       4
       0
       3
       2
       3
       3
       0
       1
       1
       2
       8
       2
       3
       5
       0
       2
       0
       3
       3
       1
       4
       1
       3
       3
       3
       2
       2
       1
       2
       0
       2
       1
       3
       2
       2
       3
       3
       2
       2
       6
       5
       1
       2
       3
       2
       0
       1
       2
       3
       1
       1
       2
       0
       0
       1
       2
       1
       1
       1
       1
       1
       3
       0
       2
       2
       1
       2
       0
       1
       0
       0
       0
       1
       3
       3
       1
       1
       0
       1
       1
       3
       4
       4
       1
       1
       2
       1
       1
       5
       3
       2
       1
       1
       2
       3
       0
       1
       1
       3
       5
       1
       3
       2
       1
       2
       3
       1
       1
       1
       0
       1
       2
       1
       3
       0
       3
       1
       0
       2
       2
       2
       5
       3
       1
       1
       2
       1
       2
       1
       1
       2
       2
       0
       1
       1
       1
       4
       1
       9
$ROI:
0
$PRESETS:
Live Time
86400
0
$ENER_FIT:
0.137869 0.366631
$MCA_CAL:
3
1.378689E-001 3.666307E-001 -4.415950E-008 keV
$SHAPE_CAL:
3
2.301834E+000 9.195991E-004 -5.357180E-008
