$SPEC_ID:
Molnar Range
$SPEC_REM:
DET# 1
DETDESC# HPGe Detector 1
AP# GammaVision Version 6.07
$DATE_MEA:
10/19/2015 13:11:13
$MEAS_TIM:
3600 3732
$DATA:
0 8191
       0
       0
       0
       0
    1821
    2191
    1173
     887
     772
     747
     794
     874
     864
     935
     927
    1042
    1055
    1144
    1257
    1284
    1316
    1368
    1354
    1361
    1387
    1367
    1405
    1349
    1255
    1201
    1180
    1087
    1004
     824
     702
     729
     717
     717
     952
     919
     620
     490
     488
     511
     509
     539
     578
     735
     697
     531
     487
     458
     520
     518
     526
     567
     582
     631
     646
     608
     596
     586
     654
     913
    2742
    6175
    6213
    2834
     884
     759
     846
    1373
    1638
    1883
    2336
    1857
    1130
     817
     703
     685
     758
     799
     833
     871
     855
     960
     979
    1031
    1069
    1200
    1315
    1427
    1344
    1353
    1426
    1497
    1633
    1689
    1746
    1948
    2041
    2250
    2455
    2643
    2938
    3180
    3453
    3567
    3913
    4076
    4476
    4841
    5087
    5737
    6414
    6964
    7644
    8341
    9431
    9725
   10147
   10819
   11386
   12551
   13629
   14761
   16337
   18325
   20357
   23818
   27965
   33275
   39264
   45013
   49621
   53222
   53169
   50120
   47281
   44860
   44358
   44863
   47194
   49480
   50600
   51631
   51050
   50905
   49823
   48615
   47165
   45729
   44879
   42464
   40099
   35064
   27956
   20852
   15906
   16203
   61315
  299484
  625255
  490171
  142242
   15029
     774
     199
     195
     176
     188
     191
     207
     210
     205
     189
     219
     195
     222
     222
     248
     259
     243
     219
     263
     261
     277
     298
     311
     303
     357
     342
     323
     346
     380
     413
     483
     468
     510
     516
     568
     558
     584
     698
     754
     733
     634
     693
     661
     664
     647
     667
     607
     618
     633
     588
     530
     562
     493
     486
     492
     464
     460
     472
     437
     426
     421
     463
     451
     464
     523
     558
     506
     460
     464
     448
     497
     509
     547
     506
     507
     521
     482
     513
     539
     495
     499
     509
     531
     522
     546
     600
     590
     550
     550
     486
     536
     553
     586
     541
     535
     553
     576
     708
     785
     772
     704
     779
    1824
    3792
    3872
    1899
     715
     493
     619
     767
     753
     573
     707
    2173
    4492
    4244
    1894
     435
     194
     192
     189
     185
     170
     220
     216
     231
     197
     179
     180
     196
     191
     200
     197
     196
     218
     208
     200
     206
     221
     221
     223
     220
     276
     295
     357
     337
     360
     259
     213
     212
     220
     202
     217
     233
     282
     275
     211
     256
     308
     300
     271
     234
     219
     204
     215
     198
     214
     285
     493
     756
     599
     276
     237
     370
    1036
    2034
    1750
     701
     190
     124
     104
      75
      94
     121
     121
      90
     103
      82
      91
      87
      98
      89
      96
     103
      98
     107
      76
     109
     109
      82
      74
      82
      84
      89
      90
     111
      89
      92
     100
     101
     100
      92
      96
      82
     106
     113
      96
     100
      82
      95
     102
      81
     102
      90
      73
      73
      94
      97
      92
      88
     107
     148
     283
     418
     392
     173
     113
      90
      89
      90
      85
     110
     125
     145
     124
     100
      84
      83
     100
      86
      90
      91
      70
      92
      75
      74
      74
      75
      75
      73
      96
      78
     106
      75
      92
     100
      86
      89
      86
      88
      93
      78
      79
      92
     100
      87
      90
      87
      85
      64
      88
     109
     159
     139
      96
     116
      99
     100
      84
      79
      76
      94
      82
      96
     112
     162
     237
     188
     114
     101
      78
      88
      74
      69
      76
      73
      72
      72
      97
      69
      94
      88
      80
      77
      78
      74
      59
      74
      82
      76
      66
      73
      78
      62
      64
      62
      70
      74
      76
      62
      77
      65
      75
      84
      59
      71
      66
      80
      68
      79
      64
      76
      77
      64
      62
      73
      71
      60
      65
      83
      66
      67
      67
      51
      83
      62
      86
      74
      99
      64
      50
      65
      73
      69
      50
      62
      72
      59
      64
      61
      65
      64
      60
      84
      60
      57
      76
      53
      70
      73
      63
      61
      60
      58
      69
      60
      65
      55
      68
      49
      78
      63
      72
      53
      68
      54
      53
      67
      99
     319
     704
     828
     501
     174
      60
      53
      42
      46
      39
      42
      44
      45
      44
      50
      43
      36
      48
      36
      43
      42
      45
      38
      42
      44
      42
      37
      46
      49
      35
      44
      37
      43
      39
      49
      41
      39
      54
      91
      67
      59
      37
      38
      30
      42
      40
      34
      33
      46
      34
      37
      35
      39
      40
      33
      28
      51
      38
      37
      35
      30
      40
      46
      31
      26
      38
      37
      33
      29
      34
      35
      46
      42
      33
      33
      35
      26
      34
      28
      34
      34
      33
      28
      36
      35
      30
      49
      33
      39
      35
      32
      30
      34
      28
      43
      34
      24
      33
      32
      40
      33
      32
      38
      27
      32
      29
      26
      35
      28
      20
      27
      33
      33
      24
      26
      42
      37
      32
      28
      37
      25
      22
      39
      42
      39
      29
      25
      34
      36
      36
      28
      26
      29
      23
      33
      31
      34
      22
      30
      32
      29
      34
      30
      22
      28
      27
      41
      32
      25
      36
      32
      25
      36
      30
      40
      34
      34
      42
      36
      35
      30
      29
      38
      52
      48
      41
      36
      33
      19
      35
      31
      21
      35
      28
      20
      42
      40
      24
      27
      33
      35
      40
      22
      32
      22
      30
      38
      28
      31
      34
      27
      28
      22
      37
      37
      30
      22
      30
      26
      24
      26
      31
      24
      29
      24
      32
      26
      28
      22
      33
      33
      22
      30
      36
      36
      20
      27
      25
      34
      29
      35
      22
      20
      23
      27
      24
      17
      32
      37
      20
      18
      39
      34
      40
      37
      35
      26
      31
      28
      26
      36
      32
      29
      27
      18
      26
      22
      23
      28
      28
      32
      31
      44
      72
      50
      25
      31
      25
      25
      22
      20
      25
      29
      24
      27
      22
      26
      21
      22
      31
      29
      21
      26
      22
      22
      17
      21
      20
      18
      29
      19
      24
      35
      60
     130
     162
     117
      69
      44
      20
      25
      24
      29
      12
      21
      25
      18
      20
      18
      28
      27
      25
      26
      20
      28
      24
      25
      14
      23
      25
      25
      34
      62
     104
     171
     126
      63
      30
      32
      35
      20
      11
      15
      32
      28
      21
      15
      15
      16
      21
      18
      23
      14
      19
      23
      16
      23
      22
      22
      74
     122
     141
     102
      44
      24
      19
      44
     144
     312
     437
     377
     183
      57
      12
      14
      17
      19
      13
      11
      10
      13
      18
      22
      15
      32
      23
      12
      14
      10
      11
      10
      15
      13
       7
      19
      12
      16
      22
      14
      17
       5
      16
       8
      14
      14
      12
       8
      16
      12
       7
      15
      10
      17
      18
      18
      10
       9
      17
      18
      13
      11
       7
      12
      18
      13
      14
      15
      14
      16
       7
      13
      18
      15
      12
      18
       9
      16
      13
       9
      10
      10
      10
      15
      16
       9
      13
      11
      12
      10
       9
      16
      13
      11
      15
      14
      12
      20
      41
     110
     166
     193
     112
      55
      12
      20
      41
      65
      44
      27
      14
       5
      10
      10
      10
      10
      11
      11
      12
      15
      28
      56
     115
     142
      67
      25
      15
      11
      10
      13
       6
       6
       6
      14
      13
       9
      10
       8
      10
       8
      18
      30
      31
      23
      16
      10
       8
      12
       5
       3
      10
       5
      14
      12
       9
      15
       6
       7
      11
      15
      12
      17
      14
       9
      13
      11
      14
      11
       5
      15
       4
       8
      10
      11
      17
      10
       8
      10
       9
      17
       5
      13
      12
      15
      13
       7
      11
       9
      10
       8
      10
      14
       9
       4
      11
       6
       7
       7
      14
       9
       5
       9
      11
       9
      10
      13
       9
       8
       3
      10
       6
      10
       6
       8
      13
       7
      11
      13
       5
      11
      10
       9
       8
      10
      11
       9
      10
       9
       8
       8
      14
      13
      17
      21
       5
       9
      12
      20
      23
      42
      19
      10
       8
      14
      13
       5
       8
       9
       3
      12
      11
      11
      13
       9
      11
       8
       8
      16
      28
      32
      19
      13
      17
       5
       6
       7
      15
       7
       7
      15
      15
       7
       8
       9
       9
       7
       7
       5
       5
      11
       5
       7
       5
       7
      10
       7
       7
       7
      12
      10
       4
      11
      12
       6
      19
      12
      13
      12
      11
      16
      12
      10
      10
       6
       8
       6
       4
       7
       3
       9
       9
       5
       4
       7
       8
      11
      15
      13
       6
       8
      10
       7
       9
       5
       6
       8
      10
       8
       9
       7
       8
       8
      10
       9
       8
      17
      12
       8
       9
       7
       5
       8
       8
      13
       7
       9
       5
       9
      12
      12
      11
      13
       9
      14
       9
      13
       7
      11
       7
       8
      11
      11
       8
      10
       8
       8
      13
       7
      11
       4
      11
      12
       4
      17
       7
      14
      10
      16
      17
       2
      11
       8
      13
       9
      11
      12
      14
      13
       9
      14
      14
      17
      17
      12
      11
      20
      19
      23
      22
      15
      23
      19
      15
      14
      12
      16
      13
      13
      11
       4
      11
      10
      14
       9
      15
      10
      11
      14
      15
      11
      12
      11
       7
       9
       4
       7
       5
      10
       8
       3
       7
       9
      11
       7
       9
       6
      12
       4
       7
       8
      10
       2
       4
       7
       8
       3
       5
       6
       1
       9
       7
       7
       9
       7
       5
       6
       7
       9
       4
       5
      12
       6
      11
       7
       4
       6
       9
       4
       8
       6
       5
      12
       3
       9
       6
       5
       5
       7
       6
       3
       3
       9
       7
       7
       9
       6
       9
      20
      19
       9
      14
      11
      15
      13
      11
       9
       9
       7
       8
      11
       5
       4
       5
       5
       3
      11
       3
       5
       6
       2
       6
       9
       6
       5
       5
       5
       5
       5
       8
       9
       4
       3
       6
       5
       9
       4
       4
       2
       6
       6
       8
       2
       1
       2
       6
       6
       3
       8
       5
       3
       5
       5
       6
       3
       3
       8
       1
       7
       4
       6
       3
       4
       7
       7
       4
       5
       5
       7
       3
       2
       3
       2
       7
       8
       6
       5
       6
       2
       4
       2
       4
       5
       2
       1
       3
       2
       2
       3
       2
       5
       2
       2
       6
       5
       2
       3
       1
       4
       4
       5
       5
       5
       2
       3
       6
       4
       3
       0
       4
       3
       6
       4
       6
       5
       1
       5
       0
       3
       4
       3
       4
       1
       2
       1
       1
       2
       6
       4
       5
       3
       3
       1
       6
       5
       4
       5
       4
       3
       3
       3
       5
       3
       3
       5
       1
       6
       3
       3
       4
       3
       2
       7
       9
       9
       1
       5
       6
       4
       4
       2
       7
       1
       4
       2
       7
       4
       5
       0
       0
       5
       3
       2
       5
       4
       3
       6
       2
       0
       4
       7
       5
       5
       2
       2
       8
       3
       1
       4
       4
       2
       4
       4
       4
       2
       4
       5
       5
       7
       4
       4
       0
       3
       7
       3
       3
       0
       4
       5
       1
       6
       6
       4
       4
       7
       6
       6
       4
       4
       3
       7
       2
       7
       3
       6
       4
       2
       0
       3
       5
       5
       0
       2
       2
       5
       8
      10
       6
       3
       7
       7
       4
       6
       3
       3
       1
       4
       5
       6
       1
       1
       2
       1
       3
       4
       3
       2
       1
       1
       6
       1
       8
       6
       2
       2
       6
       5
       6
       1
       4
       3
       2
       3
       2
       4
       3
       4
       4
       2
       2
       2
       4
       2
       3
       0
       2
       4
       5
       7
       2
       5
       4
       8
      14
      41
      43
      34
      23
       7
       2
       6
       2
       3
       5
       3
       0
       0
       3
       3
       7
       4
       6
       1
       0
       3
       2
       3
       5
       2
       5
       6
       2
       4
       1
       3
       2
       2
       3
       2
       3
       1
       6
       1
       4
       2
       2
       3
       2
       3
       3
       5
       6
       2
       4
       0
       1
       4
       2
       1
       2
       4
       0
       3
       3
       4
       2
       9
       3
       2
       1
       2
       6
       2
       3
       2
       2
       2
       2
       2
       3
       1
       0
       2
       1
       3
       1
       1
       3
       1
       1
       2
       1
       7
       2
       5
      13
      12
      21
      18
      22
       8
       2
       2
       7
       2
       3
       4
       3
       1
       4
       2
       3
       0
       1
       3
       2
       3
       3
       4
       9
      19
      68
     140
     194
     173
     147
      43
      19
       3
       2
       3
       3
       2
       1
       1
       3
       1
       0
       3
       4
       1
       2
       3
       4
       3
       1
       2
       2
       0
       1
       1
       2
       3
       0
       1
       5
       1
       1
       0
       1
       1
       1
       1
       2
       1
       1
       1
       0
       3
       3
       2
       2
       1
       1
       2
       1
       2
       2
       2
       4
       3
       3
       0
       4
       3
       0
       3
       1
       1
       3
       4
       1
       3
       6
      15
      22
      10
       6
       3
       0
       1
       1
       0
       1
       1
       3
       2
       4
       1
       2
       6
       1
       1
       0
       3
       3
       3
       2
       1
       2
       1
       3
       1
       1
       3
       2
       1
       2
       1
       2
       5
       1
       2
       1
       3
       1
       2
       1
       4
       2
       4
       0
       0
       0
       3
       1
       3
       1
       2
       1
       3
       1
       4
       5
       4
       0
       0
       3
       0
       1
       1
       4
       0
       5
       1
       1
       2
       4
       3
       1
       1
       1
       1
       3
       0
       1
       3
       1
       2
       2
       5
       1
       9
      21
      47
      82
      81
      75
      45
      17
       9
       6
       1
       0
       2
       0
       0
       1
       1
       0
       0
       2
       0
       1
       0
       2
       1
       0
       3
       2
       2
       4
       2
       0
       1
       1
       0
       0
       1
       4
       1
       1
       2
       1
       2
       1
       3
       4
       6
       2
       2
       0
       3
       2
       0
       1
       1
       1
       4
       1
       3
       2
       2
       0
       0
       2
       1
       4
       0
       2
       2
       1
       1
       0
       2
       2
       2
       3
       0
       2
       1
       2
       0
       1
       0
       1
       0
       0
       2
       0
       0
       1
       1
       1
       0
       0
       2
       4
       2
       4
       1
       2
       1
       2
       1
       2
       0
       2
       3
       3
       0
       1
       1
       2
       0
       2
       0
       1
       0
       1
       0
       1
       0
       1
       2
       1
       0
       6
       2
       3
       4
       3
       0
       2
       0
       4
       0
       1
       2
       5
       2
       4
       2
       2
       0
       1
       1
       1
       2
       1
       2
       0
       1
       3
       1
       1
       2
       2
       2
       0
       1
       1
       0
       1
       1
       1
       1
       0
       2
       0
       0
       2
       1
       0
       0
       1
       1
       1
       0
       6
       0
       0
       2
       3
       0
       2
       2
       1
       0
       0
       0
       1
       1
       2
       3
       1
       0
       0
       0
       0
       0
       0
       0
       0
       0
       0
       0
       2
       4
       1
       0
       0
       0
       0
       0
       2
       1
       0
       1
       2
       2
       1
       1
       1
       0
       3
       1
       0
       2
       1
       2
       0
       1
       0
       1
       2
       0
       0
       1
       0
       1
       1
       2
       1
       0
       2
       0
       0
       2
       1
       1
       0
       0
       0
       2
       0
       1
       1
       0
       1
       1
       0
       4
       2
       0
       0
       0
       1
       1
       0
       1
       4
       0
       1
       0
       1
       0
       1
       2
       0
       2
       1
       1
       0
       0
       3
       0
       4
       2
       1
       3
       2
       0
       1
       0
       1
       0
       1
       1
       2
       0
       0
       1
       0
       3
       2
       2
       0
       1
       2
       1
       2
       0
       2
       0
       1
       2
       3
       1
       2
       0
       0
       0
       2
       0
       1
       0
       2
       0
       1
       2
       0
       2
       0
       1
       2
       1
       0
       1
       0
       2
       0
       0
       0
       3
       1
       2
       3
       0
       1
       1
       2
       0
       0
       0
       1
       3
       2
       2
       0
       0
       0
       0
       2
       0
       0
       1
       0
       0
       2
       0
       2
       1
       0
       0
       0
       0
       1
       2
       0
       0
       0
       0
       1
       2
       1
       1
       2
       0
       1
       1
       1
       1
       0
       1
       0
       0
       2
       3
       1
       1
       0
       1
       0
       0
       1
       1
       2
       1
       2
       2
       0
       4
       1
       2
       1
       2
       1
       2
       0
       1
       0
       1
       1
       1
       3
       1
       1
       1
       0
       2
       0
       0
       1
       0
       1
       2
       1
       0
       1
       3
       1
       0
       0
       2
       1
       0
       1
       0
       1
       1
       0
       2
       1
       0
       1
       0
       1
       1
       0
       3
       0
       0
       0
       1
       1
       0
       1
       1
       4
       0
       1
       1
       0
       0
       2
       0
       1
       0
       1
       0
       0
       2
       3
       1
       2
       1
       0
       1
       1
       1
       0
       0
       0
       0
       1
       0
       0
       2
       0
       2
       0
       0
       0
       0
       0
       0
       0
       0
       0
       1
       1
       0
       0
       1
       0
       2
       0
       0
       0
       1
       1
       1
       0
       2
       1
       2
       1
       1
       1
       0
       0
       1
       0
       0
       2
       0
       0
       1
       0
       0
       0
       0
       0
       2
       0
       0
       2
       0
       2
       1
       2
       1
       0
       0
       1
       0
       1
       0
       2
       0
       0
       2
       0
       1
       0
       1
       1
       0
       0
       2
       0
       1
       1
       1
       0
       0
       0
       0
       1
       0
       0
       0
       0
       0
       0
       2
       0
       0
       3
       0
       0
       0
       1
       1
       0
       0
       0
       0
       1
       0
       0
       0
       1
       0
       0
       1
       0
       2
       0
       0
       0
       0
       0
       0
       0
       0
       0
       0
       0
       0
       1
       1
       1
       0
       0
       2
       1
       0
       0
       0
       0
       0
       1
       1
       0
       0
       1
       0
       0
       0
       0
       1
       2
       1
       0
       2
       1
       1
       1
       0
       1
       0
       1
       0
       0
       1
       2
       0
       0
       1
       1
       2
       1
       3
       0
       0
       0
       0
       1
       0
       2
       1
       0
       0
       0
       1
       1
       1
       0
       3
       3
       2
       1
       0
       5
       0
       0
       0
       0
       0
       3
       0
       1
       0
       1
       0
       3
       0
       1
       0
       1
       2
       3
       1
       0
       3
       1
       0
       1
       0
       1
       0
       2
       0
       1
       0
       1
       0
       1
       0
       0
       1
       0
       0
       0
       0
       1
       2
       2
       0
       0
       0
       0
       0
       1
       0
       0
       1
       1
       0
       1
       2
       1
       0
       1
       0
       0
       4
       1
       0
       0
       0
       0
       0
       1
       0
       0
       0
       1
       0
       0
       0
       1
       1
       1
       1
       1
       1
       1
       1
       1
       0
       2
       2
       0
       0
       0
       0
       2
       0
       0
       0
       1
       0
       0
       0
       2
       1
       1
       0
       0
       3
       2
       1
       0
       0
       2
       0
       1
       1
       0
       0
       0
       0
       0
       2
       1
       0
       0
       0
       0
       0
       1
       2
       0
       3
       0
       0
       1
       1
       0
       1
       2
       0
       1
       0
       1
       0
       0
       0
       0
       0
       0
       0
       2
       0
       0
       0
       2
       1
       0
       0
       2
       0
       0
       1
       1
       0
       0
       1
       0
       0
       2
       0
       1
       1
       0
       1
       0
       1
       0
       0
       1
       1
       2
       1
       0
       0
       0
       0
       1
       0
       1
       0
       0
       2
       0
       0
       1
       0
       2
       2
       1
       3
       3
       0
       0
       1
       1
       0
       0
       2
       1
       2
       0
       0
       1
       0
       0
       0
       1
       0
       3
       1
       0
       1
       2
       1
       3
       2
       0
       0
       1
       1
       1
       2
       0
       1
       1
       1
       1
       0
       0
       1
       1
       0
       0
       0
       0
       1
       1
       0
       0
       0
       0
       2
       0
       1
       1
       1
       1
       1
       1
       1
       1
       0
       2
       0
       0
       0
       0
       1
       1
       0
       1
       1
       2
       0
       1
       0
       0
       0
       3
       0
       0
       0
       0
       0
       1
       1
       0
       3
       0
       3
       0
       0
       1
       2
       1
       0
       0
       1
       0
       1
       0
       0
       0
       0
       0
       0
       0
       0
       2
       0
       0
       0
       0
       2
       0
       1
       0
       1
       1
       1
       0
       0
       0
       0
       0
       0
       1
       0
       0
       0
       0
       0
       1
       1
       0
       1
       2
       0
       0
       1
       2
       0
       0
       0
       2
       1
       1
       0
       2
       0
       0
       1
       1
       0
       0
       0
       0
       1
       1
       1
       0
       0
       1
       0
       2
       1
       0
       0
       1
       0
       0
       1
       1
       1
       0
       0
       0
       2
       1
       0
       0
       1
       0
       1
       0
       0
       1
       0
       1
       0
       0
       0
       0
       2
       1
       0
       0
       0
       2
       0
       2
       0
       1
       0
       0
       0
       1
       1
       0
       2
       0
       0
       0
       0
       1
       1
       0
       0
       0
       1
       1
       0
       0
       0
       0
       0
       0
       2
       0
       0
       1
       0
       0
       1
       1
       1
       1
       1
       3
       3
       2
       0
       1
       3
       0
       0
       0
       2
       2
       1
       0
       0
       1
       1
       2
       1
       1
       2
       0
       0
       1
       0
       1
       1
       2
       0
       0
       0
       0
       0
       1
       0
       2
       1
       3
       1
       1
       0
       1
       1
       0
       0
       2
       1
       0
       0
       1
       1
       0
       0
       0
       0
       0
       1
       0
       0
       0
       0
       0
       1
       1
       0
       0
       2
       0
       0
       0
       1
       0
       0
       1
       1
       2
       0
       1
       0
       1
       1
       0
       0
       1
       1
       1
       0
       0
       0
       1
       1
       0
       0
       0
       1
       0
       1
       1
       0
       0
       0
       0
       1
       2
       0
       0
       0
       0
       1
       1
       2
       0
       0
       1
       1
       1
       2
       1
       0
       0
       2
       0
       1
       1
       1
       1
       0
       2
       0
       1
       2
       0
       1
       0
       0
       0
       1
       1
       1
       1
       2
       0
       1
       1
       1
       0
       0
       1
       0
       0
       0
       0
       0
       0
       2
       0
       1
       0
       0
       3
       2
       0
       2
       0
       1
       0
       0
       2
       1
       0
       2
       1
       0
       0
       0
       0
       1
       1
       2
       0
       0
       1
       0
       3
       0
       1
       0
       0
       1
       2
       2
       0
       0
       1
       0
       1
       0
       1
       0
       0
       1
       0
       0
       0
       0
       2
       0
       1
       0
       0
       0
       0
       1
       1
       0
       0
       0
       2
       1
       0
       0
       0
       1
       2
       0
       1
       1
       1
       0
       1
       1
       0
       0
       2
       1
       1
       1
       1
       0
       0
       1
       2
       0
       0
       0
       1
       0
       0
       0
       1
       0
       1
       0
       0
       0
       1
       0
       1
       3
       0
       1
       1
       0
       0
       1
       1
       0
       1
       1
       0
       0
       0
       1
       0
       1
       0
       1
       0
       0
       0
       1
       0
       0
       0
       0
       0
       1
       0
       0
       1
       2
       0
       0
       1
       0
       2
       0
       0
       2
       1
       1
       0
       1
       0
       2
       1
       0
       0
       0
       1
       1
       0
       1
       0
       0
       0
       3
       0
       0
       0
       0
       0
       1
       0
       0
       0
       0
       0
       0
       0
       1
       2
       1
       0
       0
       1
       0
       0
       0
       0
       0
       0
       0
       0
       0
       1
       2
       0
       0
       0
       3
       1
       0
       0
       1
       2
       0
       1
       0
       0
       1
       0
       1
       1
       1
       0
       0
       2
       0
       0
       1
       4
       0
       0
       0
       1
       0
       0
       0
       1
       0
       2
       0
       2
       0
       0
       0
       0
       0
       1
       1
       0
       1
       0
       0
       0
       0
       0
       0
       2
       0
       0
       0
       1
       1
       0
       0
       0
       0
       1
       0
       0
       1
       0
       1
       0
       0
       1
       1
       0
       1
       0
       0
       0
       1
       0
       0
       0
       0
       0
       1
       0
       1
       1
       0
       0
       0
       0
       0
       1
       0
       1
       0
       0
       1
       1
       0
       1
       0
       1
       1
       1
       0
       0
       2
       0
       0
       0
       0
       0
       2
       1
       1
       0
       0
       0
       0
       0
       0
       0
       0
       0
       1
       0
       0
       0
       1
       1
       1
       1
       1
       1
       2
       0
       0
       0
       0
       0
       1
       1
       0
       0
       1
       0
       1
       2
       0
       0
       0
       0
       0
       0
       2
       1
       0
       0
       1
       0
       0
       1
       0
       0
       0
       0
       2
       1
       0
       0
       1
       0
       0
       0
       0
       0
       0
       0
       1
       0
       0
       0
       1
       0
       0
       0
       0
       0
       1
       0
       0
       1
       0
       0
       0
       1
       1
       0
       0
       1
       0
       0
       0
       0
       1
       0
       0
       0
       0
       0
       0
       1
       0
       0
       1
       2
       0
       0
       1
       1
       0
       0
       0
       0
       0
       2
       0
       0
       0
       1
       0
       1
       0
       0
       1
       0
       0
       1
       1
       0
       0
       0
       0
       0
       1
       0
       0
       2
       1
       0
       0
       0
       1
       1
       1
       0
       0
       2
       1
       1
       0
       0
       1
       1
       0
       2
       1
       0
       1
       0
       1
       0
       0
       0
       1
       0
       0
       0
       0
       0
       0
       0
       3
       0
       1
       1
       0
       1
       0
       0
       0
       0
       1
       1
       0
       0
       0
       1
       3
       0
       1
       1
       0
       0
       0
       2
       0
       0
       1
       0
       0
       0
       0
       0
       0
       0
       1
       0
       2
       0
       0
       0
       0
       0
       1
       0
       2
       0
       0
       1
       0
       2
       1
       1
       0
       1
       0
       1
       0
       1
       1
       0
       1
       0
       1
       1
       0
       0
       0
       1
       0
       0
       0
       0
       0
       3
       1
       0
       0
       0
       1
       0
       1
       0
       0
       0
       0
       1
       0
       0
       0
       0
       0
       0
       1
       1
       0
       1
       0
       0
       0
       1
       1
       1
       1
       0
       1
       0
       0
       0
       1
       0
       0
       1
       0
       0
       0
       0
       0
       1
       0
       0
       0
       0
       0
       0
       2
       0
       1
       0
       0
       0
       0
       0
       0
       0
       1
       1
       1
       0
       2
       1
       0
       0
       1
       0
       0
       1
       0
       0
       1
       1
       0
       0
       1
       2
       1
       0
       1
       0
       1
       1
       0
       1
       0
       0
       0
       0
       1
       0
       0
       0
       0
       0
       0
       1
       0
       1
       0
       0
       1
       0
       0
       2
       0
       1
       2
       0
       0
       0
       2
       0
       1
       0
       1
       0
       0
       0
       1
       0
       0
       0
       0
       1
       1
       0
       0
       0
       0
       0
       1
       0
       2
       0
       0
       1
       0
       0
       0
       0
       0
       0
       3
       1
       0
       0
       1
       1
       0
       1
       0
       0
       0
       1
       0
       0
       0
       0
       0
       0
       1
       0
       0
       0
       0
       0
       0
       0
       0
       0
       0
       0
       0
       0
       1
       0
       0
       0
       1
       0
       0
       1
       1
       1
       0
       1
       0
       1
       1
       1
       0
       0
       1
       0
       3
       1
       0
       0
       1
       0
       1
       0
       0
       0
       0
       1
       0
       0
       0
       0
       0
       1
       0
       2
       0
       0
       0
       0
       1
       0
       0
       2
       0
       2
       0
       2
       0
       0
       0
       0
       0
       0
       0
       0
       1
       0
       0
       0
       0
       1
       0
       0
       0
       0
       0
       3
       2
       0
       0
       1
       0
       0
       0
       1
       0
       1
       0
       0
       0
       0
       0
       0
       0
       0
       1
       0
       2
       0
       1
       1
       0
       1
       0
       0
       0
       1
       0
       0
       1
       1
       1
       0
       0
       0
       1
       0
       0
       0
       1
       0
       0
       0
       0
       0
       0
       0
       0
       0
       0
       0
       0
       0
       0
       1
       0
       0
       1
       0
       0
       0
       0
       2
       0
       0
       0
       0
       0
       0
       1
       0
       0
       1
       1
       0
       0
       0
       0
       0
       1
       0
       0
       0
       1
       0
       0
       1
       0
       0
       0
       1
       0
       0
       0
       0
       0
       0
       0
       1
       0
       1
       0
       0
       1
       0
       0
       0
       0
       0
       0
       0
       1
       1
       0
       0
       0
       0
       1
       0
       1
       1
       0
       0
       0
       1
       1
       2
       0
       0
       0
       0
       0
       0
       0
       0
       0
       0
       0
       0
       0
       0
       1
       0
       0
       0
       0
       1
       0
       0
       0
       0
       0
       0
       0
       0
       1
       0
       0
       0
       1
       0
       1
       0
       0
       0
       0
       0
       0
       0
       0
       0
       0
       2
       1
       0
       0
       1
       0
       0
       1
       1
       0
       0
       1
       0
       0
       0
       0
       0
       1
       1
       0
       0
       0
       1
       0
       1
       0
       1
       0
       0
       1
       1
       2
       0
       0
       0
       0
       0
       1
       0
       0
       2
       0
       0
       1
       1
       0
       1
       1
       1
       0
       1
       0
       0
       0
       0
       0
       0
       0
       0
       1
       0
       1
       1
       0
       0
       0
       0
       1
       0
       0
       1
       0
       0
       0
       0
       1
       0
       0
       0
       0
       0
       0
       2
       0
       0
       0
       0
       0
       0
       0
       0
       0
       1
       0
       1
       0
       0
       0
       0
       0
       0
       0
       0
       0
       0
       0
       0
       0
       1
       1
       1
       0
       0
       0
       1
       0
       0
       0
       0
       0
       0
       1
       0
       0
       0
       0
       0
       0
       0
       0
       1
       0
       0
       1
       1
       0
       0
       0
       0
       1
       0
       0
       2
       0
       0
       0
       0
       1
       0
       1
       0
       0
       0
       0
       2
       0
       0
       0
       0
       0
       0
       0
       1
       1
       3
       1
       0
       0
       0
       0
       1
       0
       0
       0
       0
       2
       1
       0
       0
       0
       0
       0
       1
       0
       1
       0
       0
       1
       0
       0
       0
       1
       1
       0
       1
       0
       1
       0
       0
       0
       0
       1
       1
       0
       0
       0
       0
       0
       0
       1
       0
       1
       3
       0
       0
       1
       1
       0
       0
       0
       0
       0
       0
       1
       0
       0
       0
       0
       0
       0
       0
       1
       0
       0
       0
       1
       1
       0
       0
       1
       0
       0
       1
       0
       0
       0
       0
       0
       0
       0
       1
       0
       0
       0
       1
       1
       0
       0
       0
       0
       1
       2
       0
       1
       0
       1
       0
       0
       0
       0
       0
       0
       0
       1
       0
       0
       1
       0
       1
       0
       0
       1
       0
       0
       0
       0
       0
       0
       0
       0
       1
       1
       0
       0
       0
       0
       0
       0
       0
       0
       0
       0
       0
       1
       1
       0
       0
       0
       1
       1
       0
       0
       0
       0
       1
       0
       0
       0
       0
       1
       0
       0
       1
       2
       0
       0
       0
       0
       0
       0
       1
       0
       0
       1
       0
       1
       0
       0
       0
       0
       0
       0
       0
       0
       1
       0
       1
       0
       2
       0
       0
       0
       0
       0
       0
       0
       0
       1
       0
       0
       0
       0
       0
       1
       0
       0
       0
       0
       0
       0
       1
       1
       1
       0
       1
       0
       0
       0
       0
       0
       0
       1
       0
       0
       0
       0
       1
       1
       0
       0
       1
       0
       0
       1
       0
       0
       0
       0
       0
       1
       0
       0
       1
       0
       0
       0
       1
       0
       1
       0
       0
       1
       0
       0
       0
       0
       0
       1
       0
       0
       0
       1
       0
       0
       0
       0
       0
       0
       0
       0
       1
       0
       1
       1
       0
       0
       1
       0
       0
       2
       0
       0
       0
       1
       1
       0
       1
       1
       0
       1
       0
       0
       0
       0
       0
       0
       0
       0
       2
       0
       0
       0
       1
       1
       0
       0
       1
       0
       0
       0
       0
       0
       0
       0
       1
       0
       0
       1
       0
       1
       0
       0
       0
       0
       0
       0
       0
       0
       0
       0
       1
       1
       0
       0
       0
       0
       0
       0
       0
       1
       0
       0
       0
       1
       0
       0
       0
       0
       0
       1
       1
       0
       2
       0
       0
       1
       1
       0
       0
       0
       0
       2
       0
       0
       0
       0
       0
       0
       0
       0
       0
       1
       0
       0
       0
       0
       0
       0
       0
       0
       0
       0
       0
       0
       0
       0
       0
       0
       0
       1
       1
       0
       0
       0
       0
       0
       0
       1
       0
       0
       0
       0
       0
       1
       0
       1
       1
       0
       1
       0
       0
       0
       0
       0
       0
       0
       0
       0
       0
       0
       0
       0
       0
       0
       0
       0
       2
       1
       0
       0
       0
       0
       0
       0
       0
       0
       0
       0
       1
       1
       2
       1
       0
       0
       1
       1
       0
       0
       1
       0
       0
       1
       0
       0
       0
       0
       1
       0
       1
       0
       0
       0
       0
       0
       1
       0
       0
       0
       2
       0
       0
       0
       0
       0
       0
       1
       0
       1
       0
       0
       0
       0
       1
       2
       0
       1
       0
       0
       0
       0
       1
       1
       0
       0
       0
       0
       0
       1
       0
       0
       1
       0
       0
       0
       0
       0
       0
       0
       2
       1
       0
       0
       0
       1
       0
       0
       0
       1
       0
       0
       0
       0
       0
       1
       2
       0
       0
       1
       1
       0
       0
       1
       0
       0
       0
       0
       0
       2
       1
       0
       0
       0
       1
       0
       1
       1
       1
       0
       0
       0
       0
       1
       0
       1
       1
       0
       2
       4
       3
       4
       2
       3
       4
       2
       3
       2
       1
       1
       1
       1
       0
       2
       1
       1
       0
       0
       0
       0
       0
       0
       0
       0
       1
       0
       0
       1
       1
       0
       0
       2
       0
       0
       0
       0
       0
       0
       0
       0
       0
       2
       0
       0
       0
       0
       0
       1
       0
       1
       0
       0
       0
       0
       1
       0
       0
       0
       0
       2
       0
       0
       0
       0
       0
       0
       0
       0
       0
       0
       0
       0
       0
       1
       0
       0
       1
       0
       0
       1
       0
       0
       0
       0
       0
       0
       0
       1
       1
       0
       0
       0
       0
       0
       0
       0
       0
       0
       0
       0
       0
       0
       0
       2
       0
       0
       0
       0
       1
       0
       0
       1
       1
       0
       1
       0
       0
       0
       0
       0
       1
       0
       0
       0
       0
       0
       0
       0
       1
       0
       0
       0
       0
       0
       0
       0
       0
       0
       0
       1
       0
       0
       0
       0
       1
       0
       1
       0
       0
       0
       1
       0
       0
       0
       0
       0
       0
       0
       0
       0
       0
       0
       0
       0
       0
       0
       0
       0
       1
       0
       0
       0
       0
       1
       0
       0
       0
       0
       0
       0
       0
       0
       0
       0
       0
       0
       0
       0
       0
       0
       0
       1
       0
       1
       1
       0
       1
       0
       0
       0
       0
       0
       0
       0
       0
       0
       0
       0
       0
       0
       0
       0
       0
       0
       0
       0
       0
       0
       0
       1
       0
       0
       0
       0
       0
       1
       0
       0
       0
       0
       0
       0
       0
       0
       0
       0
       1
       0
       0
       0
       0
       1
       0
       0
       0
       0
       0
       1
       0
       0
       0
       0
       0
       0
       0
       0
       0
       0
       0
       0
       0
       0
       0
       0
       0
       0
       0
       0
       0
       1
       1
       0
       0
       0
       1
       0
       0
       0
       0
       0
       0
       0
       0
       0
       0
       0
       0
       1
       0
       0
       0
       0
       0
       1
       0
       0
       0
       0
       0
       0
       0
       0
       0
       0
       0
       0
       0
       0
       0
       0
       0
       0
       0
       0
       0
       0
       1
       1
       0
       0
       0
       0
       0
       1
       0
       0
       0
       1
       1
       0
       0
       0
       0
       0
       0
       0
       0
       0
       0
       0
       0
       0
       0
       0
       0
       0
       0
       0
       0
       0
       2
       0
       0
       0
       0
       0
       0
       0
       1
       0
       0
       0
       0
       0
       0
       0
       0
       1
       0
       0
       0
       0
       0
       0
       0
       0
       0
       0
       0
       1
       1
       0
       0
       0
       1
       0
       0
       0
       0
       0
       0
       0
       0
       0
       0
       0
       0
       0
       1
       0
       0
       0
       0
       0
       0
       0
       0
       0
       0
       0
       0
       0
       0
       0
       0
       0
       1
       1
       0
       0
       0
       0
       1
       0
       0
       0
       0
       1
       1
       0
       0
       0
       0
       0
       1
       0
       0
       1
       0
       1
       0
       1
       0
       0
       0
       0
       0
       0
       0
       0
       0
       0
       0
       0
       0
       0
       2
       0
       0
       0
       0
       0
       0
       0
       0
       0
       0
       1
       0
       1
       0
       0
       0
       0
       0
       0
       0
       0
       1
       0
       0
       0
       0
       0
       1
       1
       0
       0
       1
       0
       0
       0
       2
       0
       0
       0
       1
       0
       0
       0
       1
       0
       1
       1
       0
       0
       0
       0
       0
       0
       1
       0
       0
       0
       0
       0
       0
       0
       1
       0
       0
       0
       0
       0
       0
       0
       0
       0
       0
       1
       0
       1
       1
       0
       0
       0
       0
       0
       0
       0
       1
       1
       2
       0
       0
       1
       0
       0
       0
       0
       0
       0
       0
       0
       1
       0
       0
       0
       0
       0
       0
       0
       0
       0
       0
       0
       0
       0
       0
       0
       0
       0
       0
       0
       0
       0
       0
       0
       0
       0
       0
       0
       0
       0
       1
       0
       0
       0
       0
       0
       3
       0
       2
       0
       0
       0
       0
       0
       0
       0
       0
       1
       0
       0
       0
       0
       0
       0
       0
       0
       0
       0
       0
       0
       0
       2
       0
       1
       0
       0
       0
       0
       0
       1
       0
       0
       0
       0
       0
       0
       0
       1
       0
       0
       0
       0
       0
       0
       0
       0
       0
       0
       0
       0
       0
       0
       0
       0
       0
       0
       0
       0
       1
       0
       0
       0
       0
       0
       0
       0
       0
       1
       0
       0
       2
       0
       0
       0
       0
       0
       1
       0
       0
       1
       0
       0
       0
       0
       0
       0
       1
       0
       0
       0
       0
       0
       0
       0
       0
       0
       0
       0
       0
       0
       0
       1
       0
       0
       0
       1
       0
       0
       0
       1
       0
       0
       0
       0
       0
       0
       1
       0
       0
       0
       0
       1
       0
       0
       0
       0
       1
       1
       0
       0
       0
       0
       0
       0
       1
       0
       0
       0
       0
       0
       0
       1
       0
       0
       1
       0
       0
       1
       0
       1
       0
       0
       0
       0
       0
       0
       1
       0
       0
       0
       0
       0
       0
       0
       0
       0
       0
       0
       1
       0
       0
       0
       0
       0
       0
       1
       1
       0
       1
       0
       0
       0
       0
       0
       0
       0
       0
       0
       0
       0
       0
       0
       0
       0
       0
       0
       0
       0
       0
       0
       0
       0
       0
       0
       0
       0
       0
       0
       0
       0
       0
       0
       0
       0
       0
       0
       0
       0
       0
       0
       0
       0
       2
       1
       0
       0
       0
       1
       0
       0
       1
       0
       0
       0
       0
       1
       0
       0
       0
       0
       1
       0
       0
       0
       1
       0
       0
       1
       0
       0
       0
       0
       0
       1
       0
       0
       0
       0
       0
       0
       0
       0
       0
       0
       0
       1
       1
       0
       0
       0
       0
       0
       0
       1
       0
       0
       0
       0
       1
       1
       0
       1
       1
       0
       0
       1
       0
       0
       0
       0
       0
       0
       1
       0
       0
       0
       1
       1
       1
       0
       0
       0
       0
       0
       0
       0
       0
       0
       0
       0
       0
       1
       0
       0
       0
       0
       0
       0
       0
       0
       0
       0
       0
       0
       0
       0
       1
       0
       1
       0
       0
       0
       0
       0
       0
       0
       1
       0
       1
       0
       0
       0
       1
       0
       0
       0
       0
       1
       0
       0
       0
       1
       0
       1
       0
       0
       0
       0
       1
       1
       0
       0
       2
       0
       0
       0
       0
       0
       0
       0
       0
       0
       0
       0
       0
       0
       1
       0
       0
       0
       0
       1
       0
       0
       0
       0
       0
       0
       0
       0
       0
       1
       0
       0
       0
       0
       0
       0
       0
       0
       0
       0
       0
       0
       0
       0
       0
       0
       0
       0
       0
       0
       0
       1
       0
       0
       0
       0
       1
       0
       0
       1
       0
       0
       0
       0
       0
       1
       0
       0
       0
       0
       0
       0
       0
       0
       0
       0
       0
       0
       0
       0
       0
       0
       0
       0
       0
       1
       0
       0
       0
       0
       0
       0
       0
       2
       0
       0
       0
       0
       0
       0
       0
       0
       0
       1
       2
       0
       0
       0
       0
       0
       1
       0
       0
       0
       0
       0
       0
       0
       0
       0
       0
       1
       0
       0
       1
       0
       0
       1
       0
       0
       0
       0
       0
       0
       0
       0
       1
       0
       0
       0
       0
       0
       1
       0
       0
       0
       0
       1
       0
       0
       0
       0
       0
       0
       0
       0
       0
       0
       0
       0
       0
       0
       0
       0
       0
       0
       0
       0
       0
       0
       0
       0
       0
       0
       1
       0
       0
       0
       0
       0
       0
       0
       0
       0
       0
       0
       0
       0
       0
       0
       0
       0
       0
       0
       2
       0
       1
       0
       0
       0
       0
       0
       0
       0
       0
       0
       0
       0
       0
       0
       0
       0
       0
       0
       0
       0
       0
       0
       0
       0
       0
       0
       0
       0
       0
       0
       1
       0
       1
       0
       0
       0
       0
       0
       0
       0
       0
       0
       0
       0
       0
       1
       0
       0
       0
       2
       0
       0
       0
       0
       0
       0
       0
       0
       0
       0
       0
       0
       0
       0
       1
       0
       0
       0
       0
       0
       0
       0
       0
       0
       0
       0
       0
       0
       0
       0
       0
       0
       0
       0
       0
       0
       0
       0
       0
       0
       0
       0
       1
       1
       0
       0
       0
       0
       0
       0
       0
       0
       0
       1
       0
       0
       0
       0
       0
       0
       0
       0
       0
       0
       0
       0
       0
       0
       0
       0
       0
       0
       0
       0
       0
       0
       0
       0
       0
       0
       0
       0
       1
       1
       0
       0
       0
       0
       0
       0
       0
       0
       0
       0
       0
       0
       0
       0
       0
       0
       0
       0
       0
       0
       0
       0
       0
       0
       1
       1
       0
       0
       0
       0
       0
       1
       0
       0
       0
       0
       0
       0
       0
       0
       0
       0
       0
       0
       0
       1
       0
       0
       0
       0
       0
       0
       0
       0
       1
       0
       0
       0
       0
       0
       0
       0
       0
       0
       0
       0
       0
       0
       0
       0
       0
       0
       0
       0
       0
       0
       0
       0
       0
       1
       1
       0
       0
       0
       0
       0
       0
       0
       0
       0
       0
       0
       0
       0
       0
       0
       0
       0
       0
       0
       0
       0
       0
       0
       0
       1
       0
       0
       0
       0
       0
       0
       0
       0
       0
       1
       0
       0
       0
       0
       2
       0
       1
       0
       0
       0
       0
       0
       0
       0
       0
       0
       0
       0
       0
       0
       0
       0
       0
       0
       0
       0
       1
       0
       0
       0
       0
       0
       0
       0
       0
       0
       0
       1
       0
       0
       0
       0
       0
       0
       0
       0
       0
       0
       0
       0
       0
       0
       0
       0
       0
       1
       0
       2
       0
       0
       0
       0
       0
       0
       0
       0
       0
       0
       0
       0
       0
       0
       1
       0
       1
       0
       0
       0
       0
       0
       0
       0
       0
       0
       0
       0
       0
       0
       0
       0
       0
       0
       0
       0
       0
       0
       0
       0
       0
       0
       0
       0
       0
       0
       0
       1
       0
       0
       0
       0
       0
       0
       0
       0
       0
       0
       0
       0
       0
       0
       0
       1
       0
       0
       0
       0
       0
       0
       0
       1
       1
       0
       0
       0
       0
       0
       0
       0
       1
       0
       0
       0
       0
       0
       0
       0
       0
       0
       0
       0
       0
       0
       0
       0
       0
       0
       0
       1
       0
       0
       0
       0
       0
       0
       0
       0
       0
       0
       0
       0
       0
       0
       0
       0
       1
       0
       0
       0
       0
       0
       0
       0
       0
       0
       0
       0
       0
       0
       0
       0
       0
       0
       1
       0
       0
       0
       1
       0
       0
       1
       0
       0
       0
       1
       0
       0
       0
       0
       0
       0
       0
       0
       0
       0
       1
       0
       0
       3
       0
       0
       0
       0
       0
       0
       0
       0
       0
       0
       1
       0
       1
       0
       1
       0
       0
       1
       0
       0
       0
       1
       0
       0
       0
       0
       0
       1
       1
       1
       0
       0
       0
       0
       0
       0
       0
       0
       0
       0
       0
       0
       0
       0
       0
       0
       0
       0
       0
       0
       0
       0
       0
       0
       0
       0
       0
       0
       0
       0
       0
       0
       0
       0
       0
       1
       1
       0
       0
       1
       0
       0
       0
       0
       0
       0
       0
       0
       0
       0
       0
       0
       0
       0
       0
       0
       0
       0
       0
       1
       0
       0
       1
       0
       1
       0
       0
       0
       0
       0
       0
       0
       0
       0
       1
       0
       0
       0
       0
       1
       0
       0
       0
       0
       0
       0
       0
       0
       0
       0
       0
       0
       2
       1
       0
       1
       0
       1
       0
       0
       0
       0
       0
       0
       0
       0
       0
       0
       0
       0
       0
       1
       0
       0
       0
       1
       0
       0
       1
       0
       0
       0
       1
       0
       0
       0
       0
       0
       0
       0
       0
       0
       0
       0
       0
       0
       0
       0
       0
       0
       0
       0
       0
       0
       0
       0
       0
       0
       0
       0
       0
       0
       0
       0
       0
       0
       0
       0
       0
       0
       0
       0
       0
       0
       0
       0
       1
       0
       0
       0
       0
       0
       1
       0
       0
       0
       0
       0
       0
       0
       0
       0
       0
       0
       0
       0
       0
       0
       0
       0
       0
       0
       0
       0
       0
       1
       0
       0
       0
       0
       1
       0
       0
       1
       0
       0
       0
       0
       0
       0
       0
       0
       1
       0
       0
       1
       0
       0
       0
       0
       0
       0
       1
       0
       0
       0
       0
       0
       0
       0
       0
       0
       0
       0
       0
       0
       0
       0
       0
       0
       0
       0
       0
       0
       1
       0
       0
       0
       0
       0
       0
       0
       0
       0
       0
       0
       0
       0
       0
       1
       1
       0
       0
       0
       0
       0
       0
       0
       0
       0
       0
       0
       0
       1
       0
       0
       0
       0
       0
       0
       0
       0
       0
       0
       0
       0
       0
       0
       0
       0
       0
       0
       0
       0
       0
       0
       0
       0
       0
       0
       0
       0
       0
       0
       0
       0
       0
       0
       0
       0
       2
       0
       0
       0
       0
       0
       0
       0
       0
       0
       0
       0
       0
       0
       0
       1
       0
       0
       0
       0
       0
       0
       0
       0
       0
       0
       0
       0
       0
       0
       0
       0
       0
       0
       0
       0
       0
       0
       0
       0
       0
       2
       0
       0
       0
       0
       0
       0
       1
       0
       0
       0
       0
       0
       0
       1
       0
       0
       0
       0
       1
       0
       1
       0
       0
       0
       0
       0
       0
       0
       0
       0
       0
       0
       0
       0
       1
       0
       0
       0
       0
       0
       0
       0
       1
       0
       0
       0
       0
       0
       0
       0
       0
       1
       0
       1
       0
       0
       0
       0
       1
       0
       0
       0
       0
       0
       0
       0
       0
       0
       0
       0
       0
       0
       0
       0
       0
       0
       0
       0
       0
       0
       0
       0
       0
       0
       0
       0
       0
       0
       0
       0
       0
       0
       0
       0
       0
       0
       0
       0
       0
       0
       0
       0
       0
       0
       0
       0
       0
       0
       0
       0
       0
       0
       1
       0
       0
       0
       0
       0
       1
       0
       0
       2
       0
       0
       0
       0
       0
       0
       0
       0
       0
       0
       0
       0
       0
       0
       0
       0
       1
       0
       0
       0
       0
       0
       0
       1
       0
       0
       1
       0
       1
       0
       0
       0
       0
       0
       0
       0
       0
       0
       0
       0
       0
       0
       0
       0
       0
       0
       0
       0
       0
       0
       0
       0
       1
       0
       0
       0
       0
       0
       0
       0
       0
       0
       1
       0
       0
       0
       0
       0
       0
       0
       1
       0
       0
       0
       0
       1
       0
       1
       0
       1
       0
       2
       0
       0
       0
       0
       0
       0
       0
       0
       1
       0
       0
       0
       1
       0
       0
       0
       0
       1
       0
       0
       0
       1
       0
       0
       0
       0
       0
       0
       0
       0
       0
       0
       0
       0
       0
       0
       1
       0
       0
       0
       1
       0
       0
       0
       0
       0
       0
       0
       0
       0
       0
       0
       0
       0
       0
       0
       0
       0
       1
       0
       0
       0
       0
       0
       1
       0
       0
       0
       0
       0
       0
       0
       0
       0
       0
       0
       0
       0
       0
       0
       0
       0
       0
       0
       0
       0
       0
       0
       0
       0
       0
       0
       0
       0
       0
       0
       0
       0
       0
       0
       0
       0
       0
       0
       0
       0
       0
       0
       0
       0
       0
       0
       0
       0
       0
       0
       0
       0
       0
       0
       0
       1
       1
       0
       0
       0
       0
       0
       0
       0
       0
       0
       0
       0
       0
       1
       0
       1
       1
       0
       0
       0
       0
       0
       0
       0
       0
       0
       0
       1
       0
       0
       0
       0
       0
       0
       0
       0
       0
       0
       0
       1
       0
       1
       0
       0
       0
       0
       0
       0
       0
       0
       0
       0
       0
       0
       0
       0
       0
       0
       0
       0
       0
       0
       1
       0
       1
       0
       0
       0
       0
       0
       0
       0
       0
       0
       0
       0
       0
       0
       0
       0
       0
       0
       0
       0
       0
       0
       0
       1
       0
       0
       0
       1
       0
       0
       0
       0
       0
       0
       0
       0
       0
       0
       0
       0
       0
       0
       0
       0
       0
       0
       0
       0
       0
       0
       0
       0
       0
       0
       0
       0
       0
       0
       0
       0
       0
       0
       0
       0
       0
       0
       0
       0
       0
       0
       0
       1
       1
       0
       0
       0
       0
       0
       1
       0
       1
       0
       0
       0
       0
       0
       0
       0
       0
       0
       0
       0
       0
       0
       0
       0
       0
       0
       0
       0
       0
       0
       0
       0
       0
       0
       0
       0
       0
       0
       1
       0
       0
       0
       0
       0
       0
       0
       0
       0
       0
       0
       0
       0
       0
       0
       0
       0
       0
       0
       0
       0
       0
       0
       0
       0
       0
       0
       0
       1
       0
       0
       0
       0
       0
       0
       0
       0
       0
       0
       0
       0
       0
       0
       1
       0
       0
       0
       0
       0
       0
       0
       0
       0
       0
       0
       0
       0
       0
       0
       0
       1
       0
       0
       0
       0
       0
       0
       0
       0
       0
       0
       0
       1
       0
       0
       0
       0
       0
       0
       1
       0
       0
       0
       0
       0
       0
       0
       0
       0
       0
       0
       0
       0
       0
       0
       0
       0
       0
       1
       0
       0
       0
       0
       1
       0
       0
       0
       0
       0
       0
       0
       0
       0
       0
       0
       0
       0
       0
       0
       0
       0
       1
       0
       0
       0
       0
       0
       0
       0
       0
       0
       0
       0
       0
       0
       0
       0
       0
       0
       0
       0
       0
       0
       0
       0
       0
       0
       0
       0
       0
       0
       0
       0
       0
       0
       0
       0
       0
       0
       0
       0
       1
       0
       0
       0
       0
       0
       0
       0
       0
       0
       0
       0
       0
       0
       0
       0
       0
       0
       0
       0
       0
       0
       0
       0
       0
       0
       0
       0
       0
       1
       0
       0
       0
       0
       0
       0
       0
       0
       0
       0
       0
       0
       0
       1
       0
       0
       0
       0
       0
       0
       0
       0
       0
       0
       0
       0
       0
       0
       0
       0
       0
       0
       0
       0
       1
       0
       0
       1
       0
       0
       0
       0
       0
       0
       0
       0
       0
       0
       0
       0
       1
       0
       0
       0
       0
       0
       0
       0
       1
       0
       0
       0
       0
       0
       0
       0
       0
       0
       0
       0
       1
       0
       0
       1
       0
       0
       0
       0
       0
       1
       0
       0
       0
       0
       0
       0
       0
       0
       0
       0
       0
       0
       0
       0
       0
       0
       0
       0
       0
       0
       0
       0
       0
       0
       0
       0
       0
       0
       0
       0
       0
       0
       0
       0
       0
       0
       0
       0
       0
       0
       0
       0
       0
       0
       0
       0
       0
       0
       0
       0
       0
       0
       0
       0
       0
       0
       0
       0
       0
       0
       0
       0
       0
       0
       0
       0
       0
       0
       0
       0
       0
       0
       0
       1
       0
       1
       0
       0
       0
       0
       0
       0
       0
       1
       0
       0
       0
       0
       0
       0
       0
       1
       0
       0
       0
       0
       1
       0
       0
       0
       0
       0
       0
       0
       1
       0
       1
       0
       0
       0
       0
       0
       0
       0
       0
       0
       0
       0
       1
       0
       0
       0
       0
       0
       1
       0
       0
       0
       0
       0
       0
       0
       0
       0
       0
       1
       0
       0
       0
       0
       0
       0
       0
       0
       0
       0
       0
       0
       0
       0
       0
       0
       1
       0
       0
       0
       0
       0
       0
       0
       0
       1
       0
       0
       0
       0
       0
       0
       0
       0
       0
       0
       0
       0
       0
       0
       0
       0
       0
       0
       0
       0
       0
       0
       0
       0
       0
       0
       0
       0
       0
       0
       0
       0
       0
       0
       1
       0
       1
       0
       0
       0
       1
       0
       0
       1
       0
       0
       0
       0
       0
       0
       0
       0
       1
       0
       0
       0
       0
       0
       0
       0
       0
       0
       0
       0
       0
       0
       0
       0
       0
       0
       0
       0
       1
       0
       0
       0
       0
       0
       0
       0
       0
       0
       0
       0
       0
       0
       0
       0
       1
       0
       0
       0
       0
       0
       0
       0
       0
       0
       0
       0
       0
       0
       0
       0
       0
       1
       0
       0
       0
       0
       0
       0
       0
       0
       0
       1
       0
       0
       0
       0
       1
       0
       1
       0
       0
       0
       1
       0
       0
       0
       0
       0
       0
       0
       1
       0
       0
       0
       0
       1
       0
       0
       0
       1
       0
       0
       0
       0
       0
       0
       0
       0
       0
       0
       0
       0
       1
       0
       0
       0
       0
       0
       1
       0
       0
       0
       0
       0
       0
       0
       0
       0
       0
       0
       0
       0
       0
       0
       0
       0
       0
       0
       0
       0
       2
       0
       0
       0
       0
       0
       0
       0
       0
       0
       1
       0
       0
       0
       0
       0
       0
       0
       0
       0
       0
       0
       0
       0
       0
       1
       0
       0
       0
       0
       0
       0
       0
       0
       0
       0
       0
       0
       0
       0
       0
       1
       0
       0
       0
       0
       0
       0
       0
       0
       0
       0
       1
       0
       0
       0
       0
       0
       1
       0
       0
       0
       0
       0
       0
       0
       0
       0
       0
       0
       0
       0
       0
       0
       0
       1
       0
       0
       0
       0
       0
       0
       0
       0
       0
       0
       0
       0
       0
       0
       0
       0
       0
       0
       0
       0
       0
       0
       1
       0
       0
       0
       0
       0
       0
       0
       0
       0
       0
       0
       0
       0
       0
       0
       0
       0
       0
       0
       0
       0
       0
       0
       0
       1
       0
       0
       0
       0
       0
       0
       0
       0
       0
       0
       1
       0
       0
       0
       0
       1
$ROI:
0
$PRESETS:
Live Time
3600
0
$ENER_FIT:
0.137869 0.366631
$MCA_CAL:
3
1.378689E-001 3.666307E-001 -4.415950E-008 keV
$SHAPE_CAL:
3
2.301834E+000 9.195991E-004 -5.357180E-008
