$SPEC_ID:
Molnar Range
$SPEC_REM:
DET# 1
DETDESC# HPGe Detector 1
AP# GammaVision Version 6.07
$DATE_MEA:
10/13/2015 16:31:54
$MEAS_TIM:
43200 44835
$DATA:
0 8191
       0
       0
       0
       1
   22103
   23805
   12874
    9650
    9030
    9422
    9695
   10224
   10707
   11040
   11644
   12403
   13184
   14742
   15432
   15794
   16544
   16669
   17231
   17568
   17838
   17554
   17373
   17048
   16415
   15468
   14183
   13707
   13003
   10536
    8932
    8695
    8255
    8547
   10640
   10115
    7399
    5972
    5749
    5878
    6189
    6482
    7210
    8896
    8744
    7067
    6049
    5817
    5925
    6351
    6282
    6391
    7302
    7525
    7420
    7124
    7364
    7188
    7273
   10177
   28684
   66624
   68763
   31026
   10872
    8179
   10289
   17179
   20385
   21392
   25897
   21355
   13441
    9668
    8827
    8737
    8962
    9441
    9612
   10047
   10288
   10763
   11163
   11740
   12296
   14075
   16559
   17085
   15713
   15797
   16544
   17251
   18524
   19741
   21186
   22745
   24794
   27234
   29801
   32352
   35118
   38039
   41270
   44009
   47176
   50039
   53430
   57656
   62662
   68691
   76315
   84179
   90884
  101726
  112574
  118382
  122985
  129916
  140061
  150071
  163352
  178589
  195832
  218332
  246842
  285386
  335698
  400454
  474272
  540351
  598740
  645940
  644068
  605357
  570536
  542395
  532461
  542590
  567922
  594007
  612873
  619935
  620098
  614001
  604355
  592853
  579144
  569848
  555068
  533496
  497204
  433577
  348174
  261091
  200142
  199257
  735182
 3669542
 7870444
 6364094
 1913924
  213707
   10869
    2288
    2247
    2175
    2262
    2342
    2506
    2404
    2463
    2542
    2595
    2650
    2664
    2745
    2822
    2850
    2975
    3042
    3135
    3195
    3138
    3345
    3352
    3803
    4311
    4177
    4047
    4200
    4443
    4722
    5007
    5785
    6406
    6494
    6532
    6648
    7011
    8003
    8954
    8613
    7979
    7642
    7578
    7579
    7559
    7454
    7431
    7115
    6952
    6853
    6596
    6283
    6099
    5944
    5787
    5677
    5430
    5409
    5334
    5332
    5263
    5126
    5230
    5763
    6220
    6453
    6202
    5613
    5510
    5510
    5586
    6055
    6167
    6190
    5830
    5831
    5762
    6078
    6071
    6023
    6157
    6094
    6200
    6191
    6346
    6508
    6523
    6399
    6409
    6401
    6383
    6399
    6460
    6712
    6634
    6645
    6944
    7775
    8775
    8696
    7919
    9137
   19934
   42043
   45331
   22931
    8297
    5706
    6965
    9178
    8663
    6783
    8174
   22658
   48940
   49000
   21768
    5355
    2321
    2012
    1995
    2120
    2241
    2562
    2888
    2698
    2230
    2147
    2127
    2178
    2310
    2407
    2350
    2356
    2349
    2372
    2418
    2427
    2411
    2458
    2440
    2702
    3208
    3650
    3791
    4444
    4041
    3051
    2609
    2514
    2480
    2431
    2508
    2874
    3193
    3079
    2743
    2912
    3404
    3683
    2961
    2597
    2655
    2550
    2274
    2332
    2425
    3186
    5562
    8050
    6411
    3586
    2480
    4027
   11816
   22485
   20547
    8495
    2268
    1211
    1084
    1173
    1098
    1110
    1083
    1161
    1128
    1108
    1094
    1139
    1085
    1098
    1159
    1103
    1111
    1100
    1108
    1065
    1112
    1106
    1164
    1120
    1019
    1034
    1084
    1046
    1084
    1036
    1103
    1029
    1059
    1090
    1088
    1122
    1099
    1147
    1094
    1050
    1069
    1034
    1139
    1094
    1089
    1098
    1157
    1121
    1146
    1111
    1151
    1122
    1111
    1495
    3012
    4943
    4260
    2293
    1176
     991
    1007
     971
    1053
    1161
    1440
    1623
    1451
    1168
     988
     995
    1027
     951
    1005
     988
    1026
     963
    1029
     974
    1010
    1023
    1012
    1025
     954
    1015
    1043
     954
    1010
    1058
    1022
    1056
    1025
     977
    1021
    1029
    1058
     984
     982
     997
    1002
    1017
    1077
    1038
    1056
    1208
    1669
    1524
    1338
    1136
    1161
    1209
    1008
    1019
     991
     920
     941
    1006
    1300
    2017
    2704
    2230
    1342
     990
     948
     893
     847
     897
     862
     856
     940
     869
     894
     928
    1020
    1114
    1034
     916
     860
     865
     871
     869
     873
     818
     880
     881
     899
     858
     878
     837
     836
     834
     817
     881
     801
     841
     871
     843
     813
     839
     825
     788
     867
     918
     926
     846
     845
     819
     852
     809
     803
     845
     828
     814
     791
     815
     831
     818
     764
     816
     971
     996
     904
     876
     804
     773
     773
     754
     752
     743
     774
     737
     734
     733
     711
     765
     771
     755
     795
     739
     746
     741
     736
     804
     738
     730
     719
     730
     746
     774
     658
     715
     768
     820
     740
     709
     690
     751
     674
     726
     715
     722
    1130
    3405
    7714
    9569
    6082
    2186
     751
     525
     590
     507
     541
     539
     448
     494
     476
     497
     520
     525
     468
     524
     503
     477
     468
     513
     519
     509
     439
     467
     474
     462
     500
     472
     499
     475
     475
     447
     458
     531
     685
     951
     919
     690
     496
     454
     461
     455
     432
     408
     434
     413
     465
     410
     383
     466
     392
     466
     454
     407
     434
     415
     439
     420
     395
     414
     427
     464
     389
     420
     360
     413
     464
     478
     459
     412
     427
     422
     372
     411
     406
     372
     412
     339
     459
     357
     427
     442
     427
     465
     425
     398
     388
     348
     414
     401
     387
     395
     387
     393
     370
     358
     384
     385
     401
     367
     391
     363
     379
     431
     402
     389
     372
     355
     388
     370
     346
     391
     368
     337
     362
     345
     356
     339
     354
     334
     397
     369
     377
     347
     361
     368
     343
     372
     363
     321
     365
     394
     373
     362
     341
     387
     363
     336
     358
     368
     355
     345
     337
     357
     328
     368
     355
     314
     355
     351
     357
     321
     376
     434
     456
     411
     353
     344
     363
     377
     526
     600
     598
     411
     332
     360
     348
     310
     313
     373
     390
     342
     366
     336
     350
     325
     330
     309
     340
     306
     307
     341
     377
     413
     373
     345
     364
     352
     361
     341
     333
     323
     333
     314
     329
     313
     325
     336
     322
     312
     294
     347
     333
     304
     305
     328
     333
     314
     319
     352
     343
     319
     328
     286
     344
     313
     292
     313
     300
     314
     334
     319
     310
     320
     356
     317
     350
     339
     353
     419
     448
     407
     330
     312
     310
     319
     328
     332
     301
     282
     315
     297
     315
     295
     317
     321
     294
     312
     368
     505
     541
     476
     368
     290
     290
     289
     268
     278
     309
     331
     324
     334
     350
     315
     290
     300
     264
     263
     267
     287
     300
     250
     301
     301
     272
     311
     306
     308
     299
     358
     627
    1280
    1748
    1403
     832
     401
     286
     252
     282
     242
     246
     270
     262
     263
     264
     268
     278
     255
     255
     253
     254
     256
     259
     282
     262
     267
     289
     249
     355
     706
    1467
    1857
    1477
     782
     348
     249
     248
     234
     279
     253
     224
     224
     233
     240
     248
     254
     242
     209
     222
     237
     221
     261
     222
     217
     240
     356
     704
    1441
    1780
    1382
     676
     292
     251
     406
    1283
    3546
    5284
    4562
    2297
     704
     279
     183
     196
     210
     198
     187
     187
     187
     191
     286
     339
     301
     230
     177
     163
     178
     165
     127
     166
     182
     166
     149
     125
     162
     173
     152
     153
     169
     167
     169
     154
     164
     163
     147
     171
     172
     161
     193
     170
     195
     172
     182
     182
     182
     131
     162
     173
     166
     144
     162
     143
     174
     160
     143
     160
     154
     158
     161
     171
     151
     161
     168
     148
     152
     145
     154
     152
     146
     131
     149
     164
     134
     158
     157
     152
     137
     140
     144
     161
     153
     176
     169
     159
     195
     380
     937
    1896
    2287
    1560
     670
     299
     270
     436
     636
     587
     332
     196
     132
     120
     119
     102
     152
     136
     128
     145
     186
     326
     771
    1342
    1389
     936
     404
     172
     105
      99
     111
     128
     113
     111
     118
     116
     129
     129
     119
     124
     137
     200
     329
     354
     337
     206
     152
     104
     119
      97
     109
     105
     125
     116
     117
     121
     110
     108
     117
     122
     128
     138
     159
     144
     127
     114
     135
     101
     105
     122
      95
     106
     113
      96
     103
     103
     115
     101
     106
     110
     122
     110
     127
     157
     159
     121
     121
     116
     123
     116
      98
      96
      96
      96
     102
      91
      99
      89
     105
      98
      97
     109
     107
     114
     100
     126
     115
     127
     100
     117
      92
     108
      96
      99
     112
     105
      99
     114
     109
      96
     106
     119
     101
      97
     107
     108
     106
     121
     112
     159
     159
     151
     185
     191
     179
     140
     114
     121
     203
     301
     391
     308
     197
     100
     133
     105
     103
     101
     110
     105
      93
      88
     104
     101
     105
     115
     116
     127
     219
     307
     317
     229
     169
      96
      89
      91
     109
     103
     106
     111
      98
     101
     116
      80
      91
     102
     110
      97
     104
     107
      97
     103
     120
     105
     114
     111
     103
      96
     116
     107
      94
     125
     110
     104
     122
     139
     162
     169
     156
     130
     117
     100
     109
     107
     108
     116
     100
      99
     117
      99
      97
      91
      92
     111
     108
      90
      96
      99
     114
      98
     117
     110
      86
     107
      86
      94
      99
      92
      90
     110
     116
      96
     101
     101
     119
     137
     185
     175
     142
     122
      88
      71
      83
     105
      98
     108
     106
      92
      94
     135
     108
     110
      97
      79
     113
      94
      89
      89
      86
      87
      95
      96
     108
      86
      93
     108
     110
     111
     113
     109
     110
     116
     127
     136
     147
     131
     102
     103
     140
     130
     170
     157
     144
     136
     140
     135
     173
     147
     177
     174
     165
     157
     190
     180
     207
     185
     210
     213
     209
     217
     205
     225
     195
     221
     167
     184
     174
     180
     157
     152
     144
     153
     153
     154
     105
     133
     115
     127
     126
     132
     115
     127
     120
     116
     113
     116
     107
      90
     104
      90
      95
      81
      83
      93
      85
      83
      62
      75
      78
      75
      71
      81
      78
      80
      71
      63
      71
      65
      53
      64
      70
      72
      63
      61
      68
      80
      75
      75
      62
      70
      75
      72
      83
      75
      75
      54
      57
      77
      82
      80
      72
      67
      63
      73
      64
      66
      65
      62
      65
      80
      71
      66
      66
      83
      79
      94
     118
     146
     165
     180
     217
     225
     189
     209
     152
     124
      98
     100
      91
      99
      87
      63
      61
      60
      59
      77
      71
      68
      63
      64
      66
      68
      60
      62
      77
      57
      59
      51
      63
      73
      57
      77
      70
      55
      65
      50
      67
      66
      60
      51
      59
      59
      60
      53
      62
      52
      63
      66
      70
      61
      50
      66
      58
      59
      62
      58
      48
      64
      62
      49
      59
      53
      51
      56
      63
      50
      54
      62
      46
      41
      44
      55
      40
      61
      53
      54
      58
      47
      41
      46
      41
      39
      36
      46
      56
      47
      42
      43
      42
      48
      43
      44
      48
      54
      53
      62
      39
      68
      42
      35
      50
      40
      57
      62
      54
      52
      58
      61
      51
      43
      52
      44
      46
      46
      39
      46
      41
      48
      52
      41
      51
      60
      43
      43
      39
      60
      53
      37
      51
      46
      40
      52
      54
      56
      55
      36
      50
      43
      48
      38
      42
      56
      45
      46
      49
      51
      38
      51
      35
      39
      52
      46
      46
      44
      46
      55
      38
      64
      52
      43
      54
      42
      38
      43
      35
      41
      53
      44
      40
      40
      49
      66
      41
      60
      39
      41
      33
      46
      44
      49
      34
      49
      44
      45
      36
      40
      47
      40
      41
      44
      32
      40
      42
      33
      43
      45
      45
      59
      63
      53
      55
      54
      34
      41
      40
      51
      42
      58
      39
      34
      33
      36
      36
      36
      46
      55
      46
      71
      48
      44
      31
      42
      39
      33
      37
      44
      50
      39
      34
      31
      46
      35
      41
      53
      57
      92
      84
      78
      73
      53
      43
      43
      34
      47
      48
      54
      46
      37
      44
      43
      44
      53
      55
      49
      55
      39
      43
      56
      45
      39
      44
      43
      42
      45
      41
      48
      42
      59
      56
      68
      53
      45
      45
      48
      45
      32
      38
      32
      42
      41
      32
      41
      31
      50
      33
      38
      45
      32
      36
      36
      46
      45
      73
     192
     345
     420
     387
     218
     104
      43
      29
      32
      38
      33
      27
      35
      35
      29
      42
      35
      33
      33
      36
      30
      38
      31
      27
      42
      31
      30
      40
      34
      42
      33
      44
      33
      38
      35
      39
      40
      33
      46
      43
      51
      44
      43
      29
      30
      44
      34
      35
      37
      29
      36
      39
      29
      33
      37
      35
      47
      27
      20
      34
      34
      41
      68
      83
      59
      60
      36
      45
      36
      46
      27
      23
      27
      37
      30
      28
      31
      30
      40
      27
      31
      39
      33
      33
      35
      32
      33
      28
      35
      24
      29
      41
      99
     170
     264
     293
     199
     118
      64
      41
      35
      31
      26
      22
      34
      42
      30
      35
      30
      32
      31
      26
      37
      31
      34
      36
      78
     251
     758
    1585
    2292
    2321
    1537
     738
     217
      62
      28
      18
      21
      27
      24
      13
      19
      23
      19
      17
      20
      20
      20
      31
      27
      22
      34
      26
      15
      21
      21
      24
      22
      22
      13
      14
      30
      10
      16
      18
      33
      22
      21
      28
      21
      21
      17
      30
      21
      16
      18
      31
      36
      28
      40
      21
      23
      24
      10
      12
      19
      16
      18
      15
      27
      13
      21
      14
      15
      11
      20
      15
      25
      42
      82
     155
     233
     222
     138
      62
      37
      15
      12
      21
      20
      30
      28
      31
      33
      47
      43
      45
      25
      24
      30
      43
      55
      51
      52
      36
      33
      23
      17
      16
      10
      23
      24
      23
      16
      21
      18
      15
      23
      15
      17
      25
      20
      19
      18
      26
      21
      26
      17
      18
      13
      17
      22
      21
      20
      19
      27
      39
      48
      58
      57
      36
      15
      24
      15
      19
      16
      25
      18
      20
      15
      21
      17
      21
      16
      26
      15
      16
      19
      15
      22
      17
      17
      14
      11
      19
      25
      18
      36
      98
     226
     570
     992
    1171
    1090
     625
     279
     119
      39
      33
      21
      15
      22
      12
      16
      10
      17
      15
      16
      11
       7
      12
      12
      17
      17
      20
      21
      15
      17
      18
      13
      12
      19
      10
      13
       7
      12
       5
      14
       8
      16
      14
      18
      42
      54
      57
      49
      30
      31
      14
      15
      14
      12
      17
      10
      14
      14
       6
      11
      17
       8
      13
      11
      11
      11
       9
      16
      11
       7
      20
      14
       9
      13
      10
      14
      15
      11
      16
      14
      19
      12
      12
      13
      11
      10
      16
      11
      10
      13
      12
      15
       8
      23
      21
      34
      43
      51
      54
      31
      15
      10
      20
      11
      18
      18
      14
      27
      19
      13
      18
      14
      14
       9
      14
      10
      14
      19
      12
       8
       9
      11
      10
      15
      25
      34
      47
      41
      30
      29
      21
      27
      12
      19
      20
      22
      27
      31
      38
      34
      37
      25
      28
      22
      14
      11
       6
      15
      14
      19
      11
       5
      16
      13
      15
      17
       9
       7
      14
      13
       8
      12
      16
      15
       8
      12
       9
      12
      13
      16
      19
      14
      10
      12
      15
      13
      11
      11
      14
      17
      12
      12
      15
       9
      13
      10
       7
      20
       9
       8
      10
      23
       2
       9
      14
      16
       9
       9
       6
       9
       9
       8
      14
      10
      13
       6
      11
      15
       8
      16
       5
      13
      10
      11
       7
       9
      14
      12
      11
      11
      17
      19
      18
      22
      27
      23
      17
      23
      10
       7
      15
      14
       7
       9
      12
      14
      15
      10
      10
       7
      12
      11
      16
       6
      14
       9
      10
      11
      19
       9
      15
      19
       8
       9
      11
       6
      13
      14
      12
       8
      10
      11
      16
      11
       5
      15
       7
       9
      10
      12
      11
      11
      14
      10
      12
      12
      10
      11
      13
       8
      14
       9
       9
       9
      11
       9
      12
      14
       8
      15
      13
      11
      11
      11
      10
      12
      13
      11
      15
       5
      12
      15
      17
       7
      16
      11
       8
      19
      10
      11
      14
       8
      10
      18
      14
      18
       6
      12
      10
      17
      10
       9
      10
       8
       9
      11
      11
      18
      11
      11
      15
      11
       9
      14
       8
      16
       7
      23
      19
      13
       8
      11
      17
      28
      28
      28
      23
      19
      15
      14
      12
      13
       9
      14
      11
      13
      13
      23
      13
      16
      12
      13
      11
       2
      16
      10
       5
       7
      10
      12
       6
       6
       6
      13
      13
      12
       7
       5
      13
      16
       7
      14
      16
       9
      11
      12
      17
      16
       8
      12
       9
      10
      13
      14
       7
      11
       8
      10
      11
       8
      13
      10
      10
      10
       7
       6
       7
      12
       7
      10
      10
       9
      13
      16
      17
       7
      10
       6
      16
      17
      10
      14
       9
       6
       9
       9
       9
       6
      13
      18
       8
      18
       6
       8
       9
      16
      12
      15
      18
       3
       7
       6
      13
      11
       7
      13
       5
       6
       6
       9
      12
      14
       8
       6
      10
      10
       7
       7
      12
      13
       9
      15
      11
      16
       6
      10
       9
       9
       4
       8
      10
      10
       7
      14
      10
       8
      12
      14
      11
      13
       9
      11
       8
      14
      11
      11
      14
       8
      13
       7
      10
      11
      11
      11
       9
       8
       5
       6
      13
       9
      10
       6
      10
      10
       9
      12
      13
       7
       6
       8
       9
       8
       7
      11
      10
      12
       9
      10
      14
       8
      17
      10
      15
      15
      14
      11
       8
      11
       8
      13
      12
      10
       6
      11
       8
      11
       9
       8
      13
       7
       7
       9
      11
      12
      14
       9
       5
      10
      12
      15
       6
       8
       6
      11
       6
       8
       7
       8
       5
       9
       8
       8
      10
      12
      10
       6
       8
      11
      11
      12
      10
      11
      10
      10
      14
       8
      12
       3
       4
       7
      13
       8
      20
       7
       6
       7
      16
       9
       5
       9
       8
       9
       8
       8
      11
      10
      11
      11
       7
       9
      12
       5
       8
       5
       5
       3
      12
       9
      11
      13
       0
      15
       7
       7
      13
       3
       8
       6
       5
       7
       7
       7
       5
       9
       9
       8
       8
       5
      11
       4
       9
       9
      11
       7
       8
       5
       7
      12
       6
       5
       7
       8
      11
      14
      11
       7
      10
      11
      12
       9
       9
       6
       6
       9
      12
       9
       8
       9
       5
       2
      16
       9
      12
      10
       9
      14
       8
       5
      17
       7
       8
      11
      11
       6
       6
      12
      11
       9
      12
      10
      10
       9
       7
       6
       8
       3
       5
       3
       8
       7
      11
       8
       6
       7
       7
       6
       8
       6
      10
       5
       4
       4
       5
       9
      11
      10
       7
       9
      11
       5
      11
       9
       7
      14
       8
       7
       4
       2
       8
       7
      15
       5
       7
       6
      10
       3
       7
       8
      10
       6
       6
      11
       8
      10
       8
      10
       5
      10
       7
       8
      13
      10
      11
       8
       6
       8
       8
       4
       8
       7
       9
       7
       9
       7
       6
       4
       5
       4
      11
      11
       6
      12
       6
       9
       9
      12
      22
      12
      14
      15
      11
      10
      15
       9
       8
      11
      11
       6
       8
      17
       5
       6
       8
       7
       7
       4
       8
       9
       4
      10
      16
       4
       7
       8
       8
       5
       5
       8
       7
       7
       9
       7
       8
       5
       5
      11
       4
       7
      14
       5
      14
       6
      13
       6
       2
       8
       5
       9
       7
       7
       3
       5
       6
      10
       9
       5
       8
       8
       7
       5
       5
       6
       8
       8
      13
      11
      13
      13
       9
      12
       8
       7
       6
       9
      10
       7
      15
       3
       7
       6
      11
       6
       4
       6
       6
      10
       5
       7
       6
       4
       9
       9
       4
       3
       6
      15
       5
       6
      11
       6
       9
       9
       9
       8
       6
      10
      12
       8
       5
       9
       8
       8
       6
       5
       8
       7
       6
      12
       8
      11
      10
       9
       9
      14
      10
       2
       8
       5
       7
       4
       8
      16
       7
       9
       8
       6
      10
       6
       3
       5
       6
       5
       6
      11
       4
      11
       7
       9
       8
      11
       7
       9
       8
       5
       9
       3
       4
      11
      11
       8
       6
       5
       8
       6
      12
       9
       9
       5
       8
       7
       6
       4
       9
       6
       4
       8
      10
       7
       7
      10
       6
      10
       8
       6
       8
       5
       7
      13
      12
      14
       5
       5
       7
       6
       6
       7
       5
       7
       5
       5
      11
       8
       6
      12
       8
       3
       4
       7
       5
      11
      10
       9
       4
       9
       8
       7
       6
       7
       8
       5
       3
       2
       9
       6
       5
      11
       6
       5
       4
       9
       9
       6
       7
       7
      10
       4
       8
       4
       7
       5
       6
       6
      12
       5
       5
       9
       9
       9
       8
       7
       6
       3
       7
      12
       3
       8
       5
       4
       8
       9
       5
       6
       4
      11
       5
       5
       8
      10
       6
       4
       5
       4
       9
       6
       4
       6
       8
       6
       6
      10
       4
       6
       5
       5
       6
       8
       4
       7
       6
      12
       9
       6
       9
       4
       6
       4
       5
       8
       3
       7
       8
       7
       7
       6
       6
      12
       7
      10
       4
      14
      10
      11
      10
      13
      11
       5
       6
       9
      12
       8
      16
      12
       9
      13
      12
       5
       4
       7
       8
      12
      13
       7
       5
      15
      13
      13
      10
      11
      20
      13
      13
      11
      17
      11
      25
      22
      21
      24
      28
       9
      13
      17
      16
      19
      13
      10
      13
      12
      14
      20
      17
       3
       7
      10
      10
      11
      13
       5
       6
       6
       7
       9
       9
       6
      10
       3
       6
       6
       7
       3
       5
       5
       9
       4
       5
       7
       4
       3
       4
       9
       4
       7
       7
      14
       4
       5
       7
      11
       4
       8
       7
       7
       2
       2
       7
       7
       5
       7
       6
       7
       9
       3
       6
       6
       3
       7
       6
       7
       7
       7
       5
       7
       5
       4
       7
       2
       8
       5
       5
       7
      10
      12
      11
      14
       8
       3
       4
       5
       5
       7
       5
      11
       2
       5
       5
       8
       4
       3
       6
       6
       6
       9
       6
       6
       8
       6
       6
       7
       6
       5
       4
       5
      10
       5
       5
       4
       4
       8
       3
       7
       6
      11
       6
       7
       7
       3
       7
       4
      10
       3
      10
       7
       8
       4
       6
      10
      11
       7
       6
       3
       3
       6
       6
       3
       3
       4
       7
       4
       9
      11
       7
       6
       2
       5
       4
       4
       5
       8
       4
       5
       9
       8
       2
       6
       5
       3
       9
       4
       6
       6
       4
      10
       6
       4
       1
       5
       7
       9
       4
       8
       8
       7
       4
       4
       5
       7
      10
       5
       6
       5
       2
       5
       4
       3
       3
       6
       6
       8
       8
       7
       5
       6
       5
       3
       8
       7
       8
       4
       5
       9
       6
       1
       5
       6
       7
       6
       5
       4
       5
       3
       5
       5
       6
      10
       7
       1
       4
       4
       7
      10
      10
       5
       4
       8
       6
       7
       8
       5
       4
       4
       3
       6
       6
       9
       3
       3
       2
       4
       3
       5
       3
       4
       4
       5
      12
      10
       9
       3
      11
       5
       5
       6
      11
      10
       3
      11
       7
       7
       6
       5
       4
       3
       8
       9
       3
       7
       6
       9
       3
       6
       8
       8
       3
      11
       4
       4
       8
       7
       5
       2
       8
       3
       7
       8
       7
       8
       8
       4
       8
       4
       5
       3
       4
       7
       4
       6
       2
       6
       9
       9
       2
       4
       6
       5
       7
       7
       3
       2
       5
       8
       3
      13
       3
       8
       3
       5
       7
       5
       6
       1
       6
       3
       4
       9
       5
       3
       5
      10
       3
      14
       6
       5
       4
       5
       3
       7
       7
       4
       6
       2
       6
       4
       5
       5
       5
       4
       9
       3
       3
       5
       4
       6
       4
       6
       4
       6
       4
       7
       7
       8
       4
       7
      10
       8
       4
       6
       5
       7
       4
       4
       1
       4
       7
       4
       3
       5
       2
       4
       5
       3
       4
       8
       8
      12
       1
      11
       6
       2
       6
       5
       6
       4
       6
       4
       5
       7
       4
       6
       9
       6
       6
       5
       5
       6
       6
       6
      13
      11
       6
       3
       7
       7
       5
       4
       8
       6
      10
       5
       6
       3
       3
       7
       5
       6
       1
       4
       4
       4
       6
       5
       5
       7
       4
       5
       7
       6
       7
       3
       7
       5
       6
       7
       9
       2
       6
       2
       8
       5
       9
       5
       3
       5
       7
       8
       9
       8
       5
       3
       4
       5
       2
       9
       3
       5
       3
       5
       8
       6
       6
       3
       9
       6
       4
       2
       4
       7
       3
       4
       5
       7
       2
       5
       9
       4
       5
       5
       3
       5
       5
       6
       2
       5
       7
       5
       5
       9
       4
       4
       3
       6
       3
       1
       7
       2
       6
       9
       2
       7
       4
       3
       6
       4
       3
       4
       2
       6
       6
       5
       5
       7
       4
       1
       3
       4
       4
       3
       3
       3
       4
       2
       6
       4
       9
       3
       4
       5
       6
       6
       1
       7
       7
       5
       4
       3
       6
       0
       5
       6
       2
       8
       7
       6
       3
       7
       3
       6
       7
       2
       5
       8
       3
       3
       6
       8
       5
       6
       2
       2
       5
       5
       4
       4
       5
       5
       3
       6
       3
       6
       5
       2
       5
       5
       4
      13
       4
       4
       6
       6
       4
      10
       1
       5
       4
       5
       4
       5
       4
       6
       7
       6
      11
       3
       2
       5
       8
       7
       3
       3
       8
       8
       8
       2
       7
       8
       8
       4
       5
       4
       3
       7
       3
       4
       4
       4
      10
       7
       6
       5
       5
       4
       5
       3
       4
       0
       3
       5
       5
       2
       6
       6
      10
       9
       4
       4
       4
       7
       4
       3
       5
       7
       6
       5
       7
       2
       6
       6
       4
       8
       5
       5
       5
       3
       4
       3
       5
      11
       8
       1
       5
       4
       5
       5
       6
       8
       6
       4
       3
       6
       5
       5
       6
       3
       2
       4
       5
       3
       2
       3
      11
       4
       3
       3
      11
       3
       3
       5
       9
       4
       4
       2
       5
       6
       6
       5
       4
       8
       5
       7
       4
       7
       7
       1
       4
       2
       5
       2
       4
       7
       8
      10
       6
       4
       4
       4
       4
       3
       7
       3
       3
       9
       5
       4
       2
       4
       6
       8
       6
       3
       4
       5
       4
       8
       6
       6
       8
       5
      12
       5
       6
       5
       5
       7
       5
       7
       7
       5
       5
       7
       7
       8
       7
      12
       5
       7
       1
      10
       8
       3
       5
       5
       5
       4
       3
       3
       8
       4
       4
       3
      10
       3
       2
       6
       2
       4
       2
       7
       5
       2
      10
       2
       3
      10
       2
       2
       6
       2
       5
       5
       1
      11
       7
       7
       6
       3
       3
       2
       6
       3
       7
       6
       3
       2
       9
       3
       5
       5
       2
       4
       6
       8
       6
       5
       4
       9
       3
       1
       3
       0
       1
       3
       7
       4
      10
       6
       1
       3
       4
       5
       5
       3
       3
       2
       3
       7
       4
       5
       2
       6
       5
       5
       3
       3
       6
       3
       8
       1
       7
       5
       5
       6
       6
       5
       6
       2
       4
       7
       4
       3
       4
       6
       2
       6
       5
       4
       4
       5
       4
       2
       4
       7
       3
       7
       6
       6
       5
       9
       7
      10
       9
      12
      11
      16
      15
      12
      12
       6
       9
       4
       5
       4
       4
      10
       7
       4
       4
       8
       4
       8
       8
       2
       4
       6
       8
       6
       4
       6
       4
       4
       3
       2
       9
       5
       7
       4
       3
       6
       4
       5
       7
       6
       8
       9
       5
       4
       3
       3
       6
       7
       5
       4
       6
       8
       3
       5
       5
       2
       5
       9
       2
       8
      11
       3
       8
       5
       3
       5
       3
       8
       1
      10
       1
       2
       6
       6
       4
       5
       6
       5
       4
       6
       4
       7
       3
       7
       3
       4
       3
       4
       5
       5
       3
       4
       1
       4
       3
       5
       4
       7
       4
       7
       3
       4
       5
       4
       0
       5
       7
       5
       2
       4
       6
       4
       5
       6
       6
       5
       3
       6
       4
       3
       1
       3
       5
       7
       3
       1
       3
       3
       2
       5
       2
       4
       8
       8
       4
       5
       6
       2
       4
       4
       4
       3
       2
       2
       2
       4
       1
       6
       4
       5
       8
       4
       1
       4
       4
       3
       5
       3
       8
       6
       3
       4
       3
       8
       2
       1
       8
       5
       5
       3
       3
       5
       7
       4
       2
       6
       9
       3
       6
      10
       5
       3
       9
       5
       3
       5
       4
       6
       6
       3
       9
       4
       8
       8
       5
       5
      10
      11
      10
      10
       2
       8
       5
       3
       9
       3
       0
       5
       5
       4
       6
       2
       3
       4
       1
       7
       1
       3
       3
       2
       4
       2
       4
       6
       4
       4
       7
       6
       4
       7
       2
       1
       5
       6
       3
       5
       5
       3
       5
       2
       4
       4
       8
       5
       8
       2
       2
       6
       6
       2
       3
       3
       3
       3
       6
       4
       4
       5
       5
      10
       7
       5
       1
       5
       3
       2
       4
       8
       6
       4
       2
       4
       1
       6
       7
       5
       0
       3
       3
       3
       6
       6
       6
       3
       4
       4
       5
       7
       3
       3
       4
       3
       0
       3
       4
       7
       2
       8
       7
       7
       4
       5
       2
       1
       2
       4
       7
       4
       8
       5
       9
       2
       2
       2
       1
       3
       6
       6
       4
       2
       5
       4
       2
       2
       3
       3
       4
       7
       5
       4
       6
       5
       8
       0
       6
       1
       2
       5
       2
       2
       4
       3
       7
       4
       3
       4
       5
       2
       6
       2
       4
       3
       1
       6
       3
       5
       4
       2
       4
       6
       5
       2
       8
       6
       4
       9
       1
       5
       4
       2
       6
       6
       3
       4
       7
       4
       4
       4
       4
       3
       3
       7
       3
       5
       4
       7
       0
       3
       2
       3
       5
       4
       4
       5
       3
       6
       4
       2
       3
       5
       3
       2
       4
       3
       1
       4
       4
       1
       5
       5
       3
       7
       5
       3
       4
       4
       7
       4
       4
       5
       1
       2
       4
       5
       2
       4
       1
       5
       1
       7
       5
       1
       1
       5
       4
       3
       1
       8
       3
       4
       3
       4
       6
       2
       3
       5
       9
       2
       2
       3
       3
       7
       3
       9
       4
       2
       8
       5
       5
       4
       4
       3
       7
       8
       6
       4
       1
       2
       5
       8
       2
       2
       2
       6
       6
       1
       3
       4
       5
       1
       2
       3
       1
       4
       2
       5
       3
       1
       8
       5
       3
       4
       3
       3
       5
       3
       1
       3
       3
       5
       8
       4
       6
       1
       2
       6
       0
       4
       4
       4
       1
       3
       6
       2
       4
       0
       1
       5
       2
       5
       2
       5
       2
       1
       3
       5
       3
       2
       4
       3
       0
       5
       3
       2
       5
       2
       3
       7
       2
       5
       7
       3
       0
       2
       3
       7
       1
       3
       0
       4
       2
       7
       3
       0
       2
       0
       2
       3
       2
       2
       0
       2
       5
       4
       1
       4
       3
       4
       2
       4
       3
       2
       4
       4
       3
       6
       0
       4
       3
       2
       3
       2
       7
       2
       4
       4
       4
       2
       3
       3
       2
       3
       1
       3
       3
       2
       2
       4
       3
       3
       1
       0
       2
       4
       5
       1
       1
       3
       2
       5
       3
       1
       4
       4
       4
       1
       5
       4
       2
       5
       5
       0
       4
       2
       1
       2
       1
       3
       4
       1
       4
       2
       3
       3
       5
       3
       3
       2
       2
       4
       4
       2
       4
       5
       0
       3
       6
       4
       1
       3
       4
       3
       4
       3
       3
       1
       3
       5
       6
       3
       1
       3
       3
       6
       7
       1
       2
       3
       1
       1
       3
       7
       4
       2
       0
       4
       3
       1
       4
       0
       5
       4
       7
       4
       3
       3
       1
       2
       6
       3
       1
       4
       4
       3
       6
       3
       0
       2
       1
       0
       4
       2
       3
       3
       5
       4
       5
       4
       0
       3
       2
       2
       1
       3
       3
       4
       1
       2
       4
       4
       3
       4
       1
       1
       8
       5
       1
       1
       3
       5
       2
       0
       5
       4
       5
       8
       3
       4
       4
       1
       0
       3
       3
       4
       6
       3
       4
       3
       3
       1
       3
       1
       1
       3
       2
       0
       6
       1
       3
       5
       7
       0
       7
       2
       3
       2
       6
       0
       1
       2
       3
       1
       0
       1
       6
       5
       3
       1
       1
       2
       0
       4
       1
       1
       1
       5
       3
       3
       2
       1
       4
       5
       3
       6
       6
       1
       2
       4
       3
       4
       3
       2
       1
       2
       0
       6
       3
       1
       2
       2
       1
       3
       2
       5
       3
       4
       1
       4
       5
       5
       1
       3
       2
       0
       6
       2
       2
       4
       7
       8
       7
       5
       7
       1
       4
       5
       3
       3
       4
       4
       1
       2
       2
       3
       1
       2
       3
       4
       2
       3
       3
       1
       3
       4
       2
       2
       0
       3
       1
       1
       5
       3
       4
       3
       4
       2
       2
       5
       7
       4
       4
       4
       5
       9
       3
       4
       2
       3
       3
       5
       3
       4
       1
       2
       3
       3
       1
       0
       1
       0
       4
       3
       0
       5
       4
       3
       1
       1
       5
       6
       7
       1
       3
       3
       1
       3
       2
       3
       2
       2
       3
       0
       3
       4
       1
       3
       2
       3
       4
       3
       6
       2
       5
       4
       2
       3
       3
       2
       7
       4
       4
       4
       5
       6
       4
       5
       2
      10
       5
       9
       8
      11
       7
      18
      10
      14
      18
      23
      47
      46
      39
      48
      42
      34
      18
      13
      15
      15
       7
       9
       7
      10
      10
       8
       5
       6
       6
       7
       2
      11
       1
       3
       5
       3
       5
       5
       4
       6
       3
       3
       7
       5
       3
       4
       2
       4
       4
       2
       2
       2
       3
       0
       1
       3
       2
       2
       3
       2
       1
       2
       2
       1
       1
       0
       2
       2
       3
       1
       1
       2
       1
       2
       1
       3
       1
       1
       2
       5
       2
       0
       4
       2
       3
       0
       2
       1
       3
       1
       0
       2
       4
       0
       3
       4
       3
       2
       2
       2
       3
       1
       0
       6
       2
       2
       2
       2
       2
       0
       3
       1
       3
       1
       1
       3
       1
       2
       3
       2
       0
       7
       2
       1
       3
       1
       5
       4
       3
       3
       2
       2
       1
       3
       3
       1
       1
       3
       4
       1
       3
       3
       0
       1
       1
       1
       5
       1
       3
       3
       3
       4
       1
       3
       2
       3
       2
       1
       1
       4
       4
       2
       2
       2
       2
       2
       3
       1
       1
       0
       3
       3
       2
       4
       3
       1
       2
       1
       2
       3
       2
       3
       2
       1
       3
       1
       1
       2
       1
       6
       1
       3
       3
       2
       3
       3
       3
       2
       2
       2
       2
       1
       2
       2
       3
       2
       1
       4
       2
       5
       5
       4
       1
       1
       4
       2
       1
       1
       2
       1
       1
       3
       0
       3
       2
       3
       1
       6
       4
       2
       1
       2
       1
       0
       3
       2
       5
       5
       1
       3
       3
       3
       3
       2
       1
       3
       0
       2
       2
       0
       3
       3
       1
       0
       3
       1
       1
       1
       2
       2
       2
       2
       1
       0
       2
       2
       3
       0
       3
       5
       4
       2
       1
       2
       1
       1
       3
       0
       2
       3
       3
       3
       2
       0
       3
       0
       2
       4
       2
       1
       3
       1
       3
       1
       1
       2
       0
       4
       4
       1
       1
       2
       2
       1
       0
       4
       0
       1
       3
       4
       0
       0
       1
       2
       1
       2
       2
       0
       0
       0
       4
       0
       1
       1
       1
       0
       4
       1
       0
       1
       2
       5
       1
       3
       0
       3
       0
       5
       0
       1
       1
       0
       0
       2
       1
       3
       2
       1
       2
       3
       4
       1
       2
       1
       2
       2
       3
       2
       3
       3
       1
       5
       2
       2
       6
       2
       1
       2
       2
       4
       0
       2
       0
       3
       2
       2
       2
       0
       5
       0
       0
       1
       1
       3
       4
       0
       1
       5
       1
       2
       5
       3
       6
       2
       6
       0
       3
       1
       1
       0
       3
       3
       2
       1
       1
       2
       1
       0
       2
       2
       1
       3
       0
       4
       1
       1
       3
       4
       1
       5
       3
       1
       2
       3
       1
       3
       1
       2
       3
       1
       1
       1
       3
       3
       2
       2
       3
       1
       2
       1
       1
       1
       4
       0
       2
       3
       0
       3
       2
       4
       3
       2
       7
       1
       0
       2
       2
       1
       2
       2
       2
       2
       2
       1
       0
       1
       5
       2
       8
       3
       2
       3
       4
       0
       1
       2
       2
       0
       1
       2
       3
       1
       3
       1
       2
       2
       1
       2
       0
       2
       0
       0
       3
       1
       4
       2
       1
       4
       4
       0
       0
       4
       0
       2
       3
       0
       3
       1
       2
       3
       2
       3
       0
       6
       3
       3
       3
       0
       2
       1
       2
       3
       1
       2
       3
       1
       1
       1
       0
       2
       4
       3
       0
       2
       3
       1
       3
       0
       2
       2
       4
       3
       0
       2
       3
       1
       4
       3
       5
       0
       2
       1
       1
       2
       0
       1
       2
       2
       1
       1
       4
       0
       2
       3
       2
       5
       1
       6
       1
       3
       3
       1
       4
       4
       1
       2
       2
       3
       2
       2
       3
       1
       2
       1
       4
       1
       3
       1
       2
       3
       0
       1
       2
       0
       3
       0
       4
       2
       2
       4
       2
       1
       1
       1
       2
       0
       0
       1
       3
       2
       4
       1
       3
       1
       2
       4
       2
       1
       2
       6
       0
       3
       0
       4
       1
       4
       0
       3
       3
       0
       1
       2
       3
       2
       1
       3
       3
       0
       1
       2
       3
       3
       1
       2
       3
       2
       1
       1
       1
       2
       4
       1
       1
       2
       5
       1
       2
       0
       2
       2
       1
       3
       3
       0
       1
       0
       1
       3
       3
       2
       2
       3
       1
       1
       1
       3
       2
       4
       0
       0
       5
       4
       2
       3
       2
       0
       2
       0
       0
       1
       4
       0
       3
       0
       1
       1
       1
       1
       1
       2
       3
       2
       4
       3
       3
       2
       1
       1
       0
       1
       1
       1
       1
       5
       1
       2
       2
       0
       2
       1
       3
       3
       2
       2
       1
       1
       2
       5
       3
       2
       0
       4
       2
       2
       0
       1
       2
       1
       1
       0
       1
       3
       4
       3
       5
       3
       0
       1
       2
       1
       0
       1
       1
       2
       2
       8
       2
       1
       1
       0
       0
       4
       1
       1
       2
       0
       1
       3
       0
       2
       4
       2
       1
       4
       2
       2
       1
       3
       1
       6
       1
       1
       0
       0
       2
       1
       1
       3
       2
       2
       0
       3
       2
       2
       0
       1
       2
       4
       1
       0
       0
       6
       1
       3
       3
       1
       2
       3
       3
       1
       4
       4
       1
       2
       1
       2
       2
       3
       3
       5
       1
       2
       0
       0
       2
       0
       1
       2
       1
       3
       3
       1
       1
       1
       1
       5
       6
       5
       1
       1
       1
       0
       4
       3
       2
       4
       0
       3
       3
       0
       1
       2
       2
       1
       5
       2
       1
       3
       6
       3
       2
       4
       0
       6
       1
       2
       4
       3
       1
       1
       1
       2
       1
       3
       0
       0
       3
       0
       1
       0
       2
       1
       1
       3
       1
       0
       2
       0
       2
       1
       3
       2
       1
       2
       2
       3
       3
       2
       3
       0
       0
       4
       5
       0
       3
       2
       4
       2
       0
       4
       1
       2
       0
       2
       2
       2
       0
       2
       2
       2
       0
       3
       1
       1
       2
       3
       0
       0
       2
       2
       2
       1
       1
       1
       1
       2
       0
       2
       2
       2
       1
       0
       3
       7
       3
       1
       0
       0
       1
       3
       2
       3
       1
       2
       1
       1
       1
       3
       0
       3
       2
       0
       2
       3
       2
       4
       1
       1
       3
       3
       3
       0
       0
       2
       1
       0
       1
       0
       1
       3
       0
       1
       4
       2
       2
       2
       0
       1
       0
       2
       2
       0
       0
       2
       2
       1
       3
       3
       1
       1
       2
       0
       2
       2
       1
       2
       2
       0
       1
       2
       0
       2
       2
       2
       0
       1
       1
       0
       0
       0
       2
       4
       0
       0
       0
       0
       3
       2
       2
       2
       0
       1
       2
       1
       1
       2
       2
       1
       2
       0
       3
       2
       0
       3
       1
       2
       3
       2
       2
       1
       1
       1
       0
       1
       2
       1
       1
       0
       4
       0
       1
       0
       1
       2
       1
       1
       0
       1
       4
       2
       1
       3
       2
       1
       1
       1
       1
       3
       2
       0
       1
       3
       1
       0
       0
       4
       1
       2
       2
       2
       4
       4
       6
       4
       3
       3
       0
       2
       2
       1
       1
       2
       2
       1
       2
       3
       0
       5
       1
       1
       2
       1
       4
       0
       5
       0
       2
       0
       1
       0
       3
       0
       1
       1
       2
       2
       3
       1
       2
       1
       0
       3
       4
       1
       2
       1
       2
       1
       2
       2
       1
       2
       1
       1
       2
       2
       2
       3
       0
       0
       1
       2
       3
       2
       5
       3
       0
       1
       3
       2
       3
       5
       2
       1
       2
       3
       1
       3
       2
       2
       5
       1
       2
       4
       5
       2
       0
       2
       4
       4
       1
       3
       1
       2
       2
       0
       0
       0
       2
       2
       2
       1
       1
       1
       2
       4
       1
       1
       1
       0
       1
       1
       1
       1
       1
       0
       1
       2
       0
       1
       1
       0
       2
       2
       1
       3
       2
       0
       0
       2
       1
       1
       1
       2
       2
       1
       1
       1
       2
       2
       2
       0
       1
       2
       1
       1
       2
       0
       0
       3
       1
       0
       1
       0
       0
       2
       3
       1
       1
       1
       2
       1
       2
       1
       1
       2
       0
       0
       0
       2
       1
       1
       4
       4
       2
       3
       0
       1
       3
       2
       1
       1
       2
       2
       0
       4
       2
       1
       1
       0
       2
       2
       0
       0
       1
       0
       1
       3
       1
       3
       3
       0
       1
       1
       0
       3
       2
       4
       0
       3
       2
       3
       2
       2
       1
       3
       4
       1
       1
       0
       1
       3
       0
       2
       0
       2
       1
       3
       3
       1
       1
       2
       1
       2
       2
       0
       2
       1
       1
       0
       2
       3
       1
       1
       0
       1
       2
       2
       0
       1
       0
       0
       1
       1
       1
       2
       2
       3
       3
       3
       1
       0
       0
       3
       5
       3
       0
       0
       2
       1
       1
       2
       2
       1
       2
       2
       2
       1
       1
       1
       1
       3
       2
       0
       1
       1
       1
       1
       2
       4
       1
       3
       2
       1
       4
       1
       3
       5
       1
       2
       1
       2
       1
       0
       3
       2
       1
       2
       1
       3
       0
       2
       1
       2
       4
       2
       0
       0
       1
       2
       2
       4
       1
       1
       3
       3
       3
       1
       3
       2
       2
       1
       0
       1
       2
       0
       0
       0
       0
       0
       5
       1
       0
       2
       1
       1
       2
       0
       2
       2
       0
       3
       2
       1
       2
       0
       0
       1
       3
       0
       1
       1
       1
       3
       2
       3
       4
       1
       2
       0
       0
       2
       0
       2
       1
       0
       4
       2
       1
       0
       2
       2
       0
       1
       0
       3
       0
       3
       3
       3
       2
       0
       2
       2
       3
       2
       3
       3
       1
       2
       0
       3
       1
       2
       1
       0
       5
       1
       3
       0
       0
       2
       1
       0
       1
       3
       0
       1
       5
       1
       1
       1
       1
       1
       1
       0
       1
       3
       2
       2
       1
       2
       2
       0
       4
       1
       0
       1
       2
       1
       1
       5
       0
       0
       1
       1
       4
       1
       2
       3
       2
       0
       0
       3
       1
       1
       1
       3
       0
       0
       0
       1
       1
       3
       0
       2
       2
       3
       0
       0
       0
       3
       0
       1
       1
       3
       0
       1
       0
       2
       1
       1
       1
       1
       0
       3
       2
       0
       0
       2
       0
       2
       1
       1
       1
       1
       3
       4
       1
       0
       1
       2
       1
       5
       0
       2
       2
       1
       2
       1
       0
       1
       1
       1
       3
       1
       2
       2
       0
       3
       1
       0
       1
       0
       1
       2
       1
       1
       1
       2
       0
       1
       5
       2
       2
       1
       0
       3
       2
       2
       2
       2
       5
       1
       2
       1
       2
       2
       1
       0
       3
       1
       1
       4
       4
       0
       0
       0
       1
       3
       2
       3
       1
       1
       1
       3
       1
       0
       1
       1
       2
       0
       2
       1
       0
       0
       3
       1
       0
       1
       1
       1
       1
       0
       1
       1
       2
       1
       1
       2
       1
       2
       1
       4
       2
       1
       3
       0
       5
       2
       5
       0
       1
       0
       0
       0
       0
       1
       3
       1
       1
       2
       1
       1
       1
       1
       2
       0
       1
       1
       2
       1
       1
       2
       1
       0
       4
       0
       1
       0
       0
       1
       1
       3
       4
       1
       1
       0
       0
       0
       5
       2
       3
       1
       3
       0
       1
       1
       2
       1
       1
       1
       0
       0
       4
       1
       2
       3
       0
       1
       0
       2
       4
       0
       1
       2
       4
       0
       1
       1
       1
       2
       2
       0
       2
       1
       0
       3
       1
       2
       1
       1
       3
       1
       2
       0
       2
       2
       0
       1
       0
       1
       0
       1
       1
       1
       4
       3
       1
       2
       1
       2
       1
       0
       0
       2
       0
       2
       0
       0
       2
       0
       1
       0
       0
       1
       2
       2
       4
       2
       1
       0
       1
       0
       1
       1
       1
       1
       1
       0
       0
       1
       0
       3
       0
       2
       1
       1
       1
       3
       0
       3
       0
       0
       2
       1
       2
       3
       2
       2
       3
       0
       0
       0
       1
       2
       2
       4
       0
       0
       0
       0
       1
       0
       1
       1
       4
       0
       1
       0
       1
       1
       2
       1
       0
       0
       3
       4
       1
       1
       1
       2
       1
       0
       2
       0
       1
       2
       0
       1
       0
       2
       0
       1
       0
       1
       3
       4
       2
       2
       1
       2
       3
       1
       1
       1
       1
       2
       4
       2
       2
       0
       4
       3
       0
       1
       2
       2
       1
       1
       3
       1
       5
       1
       1
       1
       0
       2
       1
       1
       2
       0
       4
       1
       2
       2
       2
       2
       3
       3
       1
       1
       1
       1
       4
       0
       2
       1
       2
       3
       2
       2
       3
       1
       0
       2
       2
       0
       4
       4
       3
       2
       0
       3
       1
       1
       4
       0
       2
       2
       1
       1
       3
       1
       2
       3
       2
       2
       1
       0
       0
       2
       2
       1
       0
       2
       4
       0
       3
       1
       4
       1
       0
       1
       1
       4
       2
       0
       2
       1
       0
       1
       1
       0
       5
       1
       0
       0
       1
       1
       0
       2
       3
       2
       1
       1
       0
       3
       0
       2
       1
       5
       0
       2
       1
       1
       0
       3
       4
       1
       1
       0
       0
       1
       1
       1
       2
       3
       2
       1
       0
       0
       1
       0
       0
       0
       0
       1
       0
       2
       3
       0
       0
       0
       0
       2
       0
       0
       1
       0
       0
       1
       0
       2
       0
       0
       1
       0
       0
       2
       0
       1
       1
       0
       2
       2
       5
       1
       0
       1
       1
       3
       1
       1
       5
       1
       1
       0
       0
       1
       0
       1
       0
       2
       0
       4
       2
       0
       3
       0
       2
       1
       1
       1
       1
       0
       0
       0
       1
       2
       0
       0
       0
       0
       1
       1
       1
       2
       1
       0
       2
       4
       0
       0
       1
       0
       0
       0
       1
       0
       0
       2
       4
       1
       2
       1
       1
       0
       1
       1
       1
       2
       0
       2
       1
       0
       1
       2
       2
       1
       1
       0
       1
       0
       2
       0
       2
       1
       0
       1
       2
       2
       1
       1
       0
       0
       3
       2
       1
       1
       2
       1
       1
       2
       1
       1
       1
       2
       0
       1
       1
       0
       2
       0
       1
       0
       1
       1
       2
       0
       1
       1
       1
       0
       1
       0
       0
       2
       1
       4
       1
       0
       0
       1
       3
       0
       0
       1
       0
       0
       2
       2
       0
       2
       1
       1
       1
       3
       2
       8
       7
       6
      13
       9
      12
       9
       7
       4
       3
       0
       4
       1
       2
       2
       1
       1
       0
       1
       0
       1
       1
       1
       2
       0
       1
       0
       3
       0
       3
       0
       1
       1
       3
       0
       2
       1
       2
       2
       0
       1
       0
       0
       2
       2
       0
       0
       0
       1
       2
       2
       0
       0
       2
       0
       2
       0
       0
       1
       1
       0
       0
       3
       1
       3
       1
       1
       0
       5
       0
       2
       1
       2
       1
       2
       3
       1
       4
       0
       0
       2
       3
       2
       2
       0
       0
       0
       0
       0
       1
       2
       0
       0
       0
       1
       1
       0
       0
       2
       1
       1
       0
       2
       3
       0
       1
       0
       3
       0
       0
       1
       0
       0
       1
       2
       0
       1
       1
       1
       1
       2
       2
       2
       0
       3
       1
       1
       2
       0
       1
       1
       0
       2
       0
       1
       2
       3
       1
       1
       1
       0
       0
       1
       1
       1
       2
       4
       2
       1
       0
       2
       2
       0
       0
       0
       0
       1
       0
       1
       1
       1
       2
       1
       2
       2
       2
       0
       2
       0
       1
       3
       2
       1
       0
       3
       1
       3
       2
       1
       0
       0
       2
       2
       0
       2
       2
       1
       1
       0
       1
       1
       1
       0
       1
       1
       2
       4
       0
       0
       1
       0
       0
       1
       3
       0
       0
       2
       2
       1
       0
       2
       0
       1
       0
       0
       0
       2
       1
       3
       2
       3
       3
       2
       2
       0
       0
       0
       2
       0
       0
       2
       1
       1
       0
       1
       2
       2
       1
       2
       0
       2
       0
       0
       0
       0
       1
       1
       2
       2
       0
       0
       3
       0
       1
       0
       3
       0
       0
       2
       0
       0
       1
       0
       0
       0
       1
       1
       0
       0
       2
       0
       2
       0
       1
       1
       0
       4
       1
       1
       1
       1
       3
       0
       1
       0
       0
       0
       0
       0
       0
       0
       0
       2
       0
       0
       0
       1
       1
       1
       2
       0
       0
       1
       2
       0
       0
       0
       1
       0
       2
       0
       1
       1
       3
       2
       0
       1
       0
       1
       0
       0
       2
       1
       2
       0
       1
       0
       1
       0
       2
       1
       3
       1
       0
       1
       3
       1
       0
       2
       0
       0
       0
       0
       1
       0
       2
       0
       4
       0
       1
       3
       1
       0
       2
       1
       1
       2
       2
       1
       0
       1
       1
       1
       0
       0
       2
       3
       2
       2
       2
       0
       3
       1
       4
       0
       2
       1
       1
       3
       1
       1
       1
       1
       1
       1
       0
       1
       1
       2
       1
       0
       0
       2
       2
       0
       1
       1
       0
       0
       2
       0
       2
       0
       1
       1
       1
       1
       0
       2
       0
       1
       1
       0
       0
       2
       0
       1
       0
       1
       0
       1
       1
       0
       3
       1
       2
       2
       3
       1
       0
       1
       0
       1
       0
       0
       0
       2
       0
       1
       1
       0
       2
       1
       2
       0
       0
       0
       0
       1
       2
       1
       1
       2
       0
       0
       1
       1
       0
       4
       0
       0
       1
       0
       2
       1
       1
       0
       0
       1
       1
       4
       2
       2
       2
       1
       0
       0
       0
       0
       1
       2
       3
       3
       0
       1
       0
       0
       0
       2
       0
       2
       4
       0
       0
       3
       0
       1
       2
       1
       2
       0
       0
       1
       0
       0
       1
       0
       4
       1
       0
       0
       0
       1
       2
       0
       1
       0
       5
       0
       1
       3
       0
       0
       2
       0
       2
       1
       1
       0
       0
       1
       1
       3
       2
       1
       0
       1
       0
       1
       1
       1
       1
       0
       1
       2
       1
       0
       2
       1
       0
       1
       1
       0
       1
       2
       0
       0
       0
       0
       1
       0
       0
       0
       2
       1
       0
       0
       0
       3
       0
       1
       1
       1
       1
       1
       1
       1
       2
       1
       0
       1
       1
       0
       2
       1
       0
       1
       2
       0
       1
       2
       0
       1
       1
       0
       1
       0
       0
       0
       0
       2
       0
       1
       2
       0
       2
       1
       0
       0
       1
       0
       1
       1
       0
       2
       1
       1
       1
       0
       1
       0
       0
       0
       0
       0
       2
       0
       1
       0
       1
       1
       1
       0
       1
       1
       0
       1
       2
       0
       0
       1
       1
       1
       1
       0
       1
       2
       0
       0
       1
       0
       0
       2
       1
       1
       0
       2
       1
       0
       0
       0
       1
       0
       2
       0
       1
       1
       1
       0
       1
       1
       1
       1
       2
       0
       0
       1
       2
       1
       1
       0
       0
       0
       0
       1
       1
       2
       0
       0
       0
       2
       0
       1
       2
       1
       0
       4
       0
       1
       1
       1
       0
       1
       0
       1
       2
       1
       0
       1
       2
       0
       0
       0
       3
       1
       0
       0
       1
       3
       1
       0
       2
       1
       1
       1
       1
       1
       2
       0
       0
       2
       0
       2
       2
       1
       0
       0
       0
       2
       0
       1
       0
       1
       3
       1
       0
       2
       1
       0
       0
       1
       1
       1
       0
       0
       1
       1
       0
       1
       1
       2
       1
       0
       1
       0
       0
       2
       0
       1
       0
       0
       1
       1
       0
       2
       0
       1
       1
       2
       2
       1
       1
       1
       0
       1
       2
       0
       0
       0
       1
       0
       0
       1
       2
       3
       0
       0
       2
       1
       2
       0
       3
       2
       0
       1
       0
       0
       0
       0
       1
       0
       0
       1
       0
       0
       0
       1
       0
       0
       2
       1
       0
       0
       0
       0
       0
       1
       2
       0
       1
       3
       0
       1
       1
       0
       0
       0
       0
       1
       2
       1
       1
       2
       1
       0
       2
       3
       1
       1
       1
       1
       1
       1
       1
       1
       1
       2
       1
       2
       0
       0
       0
       1
       0
       5
       0
       1
       1
       0
       0
       1
       2
       2
       0
       1
       2
       0
       1
       2
       4
       1
       1
       1
       0
       0
       1
       2
       0
       0
       0
       1
       1
       1
       1
       4
       1
       3
       1
       2
       0
       2
       1
       1
       0
       0
       1
       2
       0
       0
       1
       1
       1
       3
       3
       1
       1
       0
       0
       2
       0
       2
       3
       1
       2
       3
       2
       0
       0
       2
       0
       3
       0
       0
       1
       0
       1
       1
       1
       1
       0
       3
       0
       0
       2
       1
       0
       0
       1
       1
       1
       2
       0
       1
       0
       1
       2
       1
       1
       0
       0
       1
       1
       0
       1
       1
       1
       2
       1
       0
       2
       0
       0
       2
       0
       1
       1
       0
       1
       4
       0
       0
       0
       1
       0
       1
       1
       0
       0
       0
       0
       1
       1
       0
       2
       0
       0
       2
       0
       2
       1
       3
       1
       1
       1
       2
       1
       2
       2
       0
       2
       0
       0
       0
       0
       0
       0
       2
       1
       0
       0
       2
       1
       1
       1
       1
       2
       0
       0
       0
       0
       2
       0
       0
       2
       0
       1
       2
       1
       0
       1
       1
       0
       2
       2
       1
       0
       0
       0
       0
       0
       0
       1
       0
       0
       1
       1
       1
       0
       4
       4
$ROI:
0
$PRESETS:
Live Time
43200
0
$ENER_FIT:
0.137869 0.366631
$MCA_CAL:
3
1.378689E-001 3.666307E-001 -4.415950E-008 keV
$SHAPE_CAL:
3
2.301834E+000 9.195991E-004 -5.357180E-008
