$SPEC_ID:
No sample description was entered.
$SPEC_REM:
DET# 1
DETDESC# HPGe Detector 1
AP# GammaVision Version 6.07
$DATE_MEA:
10/28/2015 09:32:08
$MEAS_TIM:
3600 3743
$DATA:
0 8191
       0
       0
       0
       0
    1971
    2172
    1193
     848
     758
     777
     825
     875
     893
     966
    1013
     995
    1105
    1221
    1328
    1362
    1483
    1487
    1506
    1481
    1519
    1537
    1526
    1495
    1577
    1401
    1199
    1189
    1094
     974
     824
     753
     726
     714
     902
     945
     643
     467
     506
     485
     516
     528
     636
     838
     761
     585
     524
     472
     489
     495
     519
     565
     645
     689
     728
     654
     646
     619
     604
     889
    2515
    6117
    6291
    2908
     980
     719
     921
    1726
    2009
    1986
    2411
    1904
    1227
     850
     753
     732
     764
     812
     756
     801
     865
     906
     901
    1011
    1039
    1155
    1458
    1494
    1278
    1330
    1351
    1470
    1563
    1608
    1818
    1869
    2038
    2211
    2423
    2647
    2838
    3150
    3277
    3609
    3841
    4149
    4365
    4658
    5032
    5607
    6251
    6785
    7318
    8391
    9211
    9762
   10053
   10557
   11182
   12240
   13382
   14712
   15770
   17790
   20053
   23160
   27108
   32623
   38031
   43992
   48741
   52996
   52708
   49173
   45643
   43727
   42882
   43820
   46276
   48431
   49428
   50115
   50605
   50054
   48664
   47439
   46966
   45021
   44311
   42138
   39869
   34588
   28239
   21179
   16584
   17225
   69422
  347057
  737822
  590386
  175555
   19271
     979
     213
     202
     164
     182
     205
     216
     237
     223
     195
     203
     213
     221
     257
     250
     233
     250
     279
     239
     246
     263
     271
     319
     322
     333
     372
     344
     318
     413
     399
     423
     460
     520
     536
     527
     574
     604
     680
     772
     715
     725
     643
     631
     644
     637
     631
     593
     578
     594
     550
     527
     547
     525
     526
     503
     480
     497
     449
     450
     507
     430
     451
     446
     493
     512
     567
     575
     473
     497
     442
     480
     510
     491
     498
     486
     501
     516
     537
     526
     524
     527
     553
     514
     554
     562
     501
     608
     589
     597
     558
     552
     582
     563
     582
     600
     595
     592
     698
     772
     786
     695
     834
    1903
    3878
    4172
    2117
     764
     503
     654
     850
     796
     642
     761
    2119
    4490
    4655
    1899
     484
     182
     175
     202
     142
     189
     217
     258
     233
     174
     210
     171
     174
     200
     226
     213
     231
     219
     207
     195
     225
     207
     202
     220
     246
     272
     332
     373
     391
     330
     259
     225
     229
     202
     216
     218
     248
     279
     254
     269
     254
     327
     373
     264
     239
     234
     216
     201
     194
     196
     277
     524
     724
     559
     284
     215
     361
    1112
    2064
    1897
     723
     211
     108
      85
      99
      95
     112
      91
      98
      74
     105
      94
     111
      97
     100
      99
      82
      88
      96
      69
      97
      94
      73
     103
      92
      77
      89
      89
     105
      87
     119
     102
      92
      93
      95
      95
      88
      95
      95
      98
      95
      87
      85
      88
     100
      80
      97
      90
      88
      93
      96
      85
     103
     106
     114
     227
     402
     392
     226
     100
      80
      93
      75
      92
      94
     120
     158
      99
      96
     101
      73
      68
      71
      83
      96
      77
      75
      85
     108
      91
      96
      67
      82
      95
      87
      82
      97
      96
      93
      99
     102
     112
      73
      88
      85
      96
     101
      85
      95
      72
      96
      85
      89
      94
     110
     156
     124
     102
      91
      99
      87
      86
      96
      82
      75
      76
      93
     106
     185
     245
     174
     120
      95
      85
      71
      75
      76
      86
      62
      67
      66
      78
      81
      83
     102
     101
      83
      66
      89
      69
      70
      72
      72
      65
      78
      66
      72
      75
      75
      81
      66
      58
      61
      69
      66
      77
      63
      69
      73
      85
      73
      75
      68
      88
      62
      58
      73
      72
      59
      70
      82
      69
      73
      74
      72
      82
      73
      83
      74
      74
      61
     110
      60
      71
      68
      59
      65
      65
      66
      73
      70
      66
      66
      68
      79
      58
      66
      58
      71
      66
      61
      58
      69
      64
      67
      62
      76
      70
      60
      62
      52
      68
      58
      58
      53
      69
      68
      58
      57
      53
      59
     112
     340
     690
     887
     508
     142
      67
      58
      46
      55
      32
      35
      54
      31
      34
      45
      32
      33
      53
      50
      39
      36
      56
      39
      42
      45
      37
      43
      39
      43
      49
      39
      59
      37
      49
      41
      34
      61
      59
      76
      73
      62
      43
      34
      36
      36
      32
      40
      43
      42
      42
      48
      40
      50
      38
      34
      49
      41
      36
      33
      42
      42
      38
      32
      33
      29
      38
      40
      35
      35
      45
      33
      37
      31
      38
      39
      39
      31
      35
      38
      32
      37
      37
      32
      33
      38
      30
      21
      21
      35
      32
      21
      32
      35
      31
      32
      22
      31
      37
      36
      30
      30
      27
      42
      31
      38
      28
      29
      41
      33
      28
      32
      34
      33
      35
      26
      36
      30
      33
      39
      39
      25
      28
      33
      30
      32
      32
      28
      33
      43
      40
      38
      22
      20
      43
      34
      30
      25
      32
      35
      26
      44
      32
      30
      31
      28
      27
      33
      25
      46
      30
      20
      32
      32
      30
      30
      28
      50
      42
      39
      28
      35
      33
      30
      50
      66
      47
      38
      27
      24
      27
      27
      27
      33
      32
      30
      21
      30
      25
      25
      26
      32
      33
      28
      26
      36
      29
      32
      27
      36
      26
      36
      37
      32
      32
      29
      18
      30
      25
      24
      27
      24
      26
      34
      25
      35
      28
      34
      29
      24
      17
      30
      25
      31
      19
      22
      31
      20
      32
      21
      29
      23
      31
      19
      20
      26
      26
      33
      24
      25
      30
      25
      35
      32
      48
      36
      25
      28
      26
      27
      36
      41
      29
      19
      17
      27
      15
      29
      23
      19
      22
      24
      43
      34
      49
      47
      39
      17
      28
      24
      29
      28
      25
      27
      22
      35
      25
      18
      24
      21
      34
      22
      17
      23
      28
      24
      21
      27
      18
      26
      21
      27
      32
      30
      70
     116
     136
     115
      64
      38
      25
      23
      27
      26
      27
      17
      19
      17
      27
      18
      25
      25
      19
      20
      21
      23
      20
      16
      20
      16
      18
      39
      45
      48
     140
     189
     117
      63
      33
      27
      16
      19
      19
      19
      20
      20
      22
      20
      24
      28
      12
      19
      20
      18
       9
      21
      24
      19
      21
      32
      60
     126
     154
     128
      57
      28
      20
      42
     134
     295
     454
     383
     175
      42
      21
      20
      20
      14
      16
      15
      16
      21
      17
      30
      28
      21
      13
      13
      12
      13
      11
      13
      15
      20
      10
      15
      15
      12
      16
      14
       8
      11
       9
      13
      18
       7
      10
      11
       6
      24
      14
      16
      11
      22
      13
      18
      13
      10
      13
      18
      17
      15
       8
      13
      12
      12
      11
      15
      11
      13
       9
      10
      20
      19
      12
      15
      17
      12
      12
      14
       9
      21
      12
      18
      12
       7
      13
      17
      12
      18
      13
      16
      11
      15
      15
      12
      15
      12
      51
      93
     169
     190
     146
      42
      18
      10
      41
      50
      52
      30
      14
       9
      13
      13
       9
      12
      11
       7
      14
      11
      29
      74
     124
     121
      63
      39
      19
      10
       9
      16
      10
      10
       7
       9
      12
       9
       8
      10
       8
      11
      16
      34
      23
      33
      18
      12
       7
      11
       8
      14
       9
      12
      11
       8
       7
       6
       3
      15
       7
      16
      13
      22
      10
       8
       8
       6
      17
      14
       8
      14
      10
      11
       9
       6
       7
      12
       5
       9
       6
      14
       8
       5
       9
       9
      12
       9
      11
       9
      11
      11
      13
       7
       6
       7
       8
       8
      12
       8
      10
       8
       9
       3
       6
      14
      13
       5
      13
      13
       8
       8
       3
      11
       8
       8
       9
      10
      12
       8
      11
       6
      15
      11
      13
       5
       5
      11
       5
       9
       9
      10
      16
      21
      22
      17
      16
      15
      13
      13
      26
      25
      23
      15
       9
      12
      10
      10
       5
       7
      10
      10
      15
       7
       8
       6
      11
      17
       7
      19
      29
      28
      22
      14
       4
       6
       6
      12
       5
       8
       7
       9
      10
       9
      10
       7
       7
       6
       7
      11
       9
       5
      10
      10
       8
       9
       9
      13
       7
      15
      10
       8
       9
       9
       7
       6
      12
      20
      18
       7
      13
       5
       9
       6
      14
      11
      14
       8
      10
       6
       8
       8
      12
      12
       8
      14
      11
       5
       8
       6
       5
       8
       6
       4
       5
      14
       8
       4
      12
      12
      11
      20
      10
      13
       9
       8
      11
       9
      13
       6
       8
       5
       9
       8
       7
       7
      10
       5
       6
       7
      13
      14
      10
       8
      15
      10
      11
       9
      15
       6
      10
      17
       6
       5
       6
      12
      12
       5
       4
       7
      10
       7
      12
      17
      15
      10
      13
      14
      12
       8
       8
      14
       8
      10
      14
       9
      14
      17
      18
      15
      10
      17
      20
      23
      11
      21
      13
      10
      15
      18
      16
      21
      10
      20
      21
      11
      18
      13
      16
      13
      14
      15
      13
      20
      13
       9
      15
      13
       7
      10
       5
      10
       8
       4
       6
       9
      11
       7
      16
      12
       5
       8
      10
       5
       5
       2
      10
       5
       2
       8
       6
       8
       4
       6
       4
       7
       4
       8
       7
       6
      10
      10
       3
       8
       5
       7
       5
       4
       8
       6
      15
       6
       2
       4
       6
       5
       6
       8
       8
       6
      11
       8
       4
       9
       3
       3
       3
       9
       8
       3
       3
       8
       6
       8
       8
       6
       6
      12
      12
      13
      20
      16
      14
      18
      12
      11
       6
       9
       7
      12
       8
       4
       7
       6
       3
       7
       6
       3
       4
       5
       4
       1
       7
       6
       6
       8
       7
       6
       6
       3
       5
       9
       8
       5
       6
       4
       4
       6
       3
       4
       6
       6
       5
       3
       9
       3
       5
       6
       3
       8
       7
       2
       7
       6
      10
       6
       4
       6
       3
       6
       7
       8
       3
       3
       8
       4
       4
       5
       6
       4
       2
       6
      11
       3
       6
       7
       4
       6
       1
       2
       2
       5
       4
       3
       4
       4
       1
       2
       8
       2
       3
       3
       2
       3
       3
       3
       3
       3
       6
       8
       7
       4
       5
       4
       5
       3
       6
       5
       2
       5
       5
       4
       2
       3
       1
       5
       5
       2
       6
       3
       5
       6
       0
       1
       2
       2
       4
       1
       5
       6
       1
       4
       6
       2
       2
       6
       2
       3
       4
       1
       3
       2
       1
       2
       2
       5
       4
       2
       3
       3
       2
       4
       4
       2
       3
       6
       1
       2
       7
       7
       5
       6
       5
       4
       2
       4
       3
       2
       4
       4
       2
       5
       8
       3
       4
       3
       3
       4
       3
       1
       3
       2
       3
       7
       5
       5
       4
       3
       2
       2
       5
       5
       4
       7
       7
       2
       1
       6
       6
       6
       4
       5
       3
       4
       3
       2
       4
       5
       4
       8
       1
       0
       2
       8
       4
       5
       7
       4
       9
       5
       3
       2
       3
       2
       3
       1
       3
       1
       3
       6
       5
       5
       2
       3
       3
       4
       6
      11
       8
       4
       4
       5
       9
       6
       5
       1
       2
       3
       2
       4
       5
       3
       1
       6
       5
       0
       3
       1
       2
       1
       1
       1
       6
       7
       1
       4
       2
       3
       7
       3
       7
       0
       5
       2
       7
       0
       2
       2
       4
       0
       0
       1
       3
       2
       2
       0
       6
       3
       6
       2
       5
       7
       5
      12
      21
      34
      30
      24
      16
       4
       5
       4
       3
       4
       3
       4
       2
       2
       2
       3
       5
       4
       2
       2
       2
       6
       5
       3
       0
       3
       2
       4
       2
       2
       3
       4
       5
       2
       2
       3
       1
       1
       5
       5
       3
       2
       2
       6
       1
       7
       4
       2
       2
       3
       2
       3
       0
       3
       4
       1
       4
       2
       1
       5
       5
       9
       4
      11
       5
       3
       2
       3
       3
       1
       4
       6
       1
       4
       2
       5
       0
       2
       5
       3
       1
       2
       2
       1
       1
       1
       4
       0
       1
       1
       2
       5
      11
      10
      23
      20
      15
       6
       1
       2
       4
       3
       3
       1
       4
       5
       2
       2
       1
       5
       2
       3
       4
       4
       1
       2
       7
      29
      73
     147
     205
     184
     119
      53
      18
       5
       1
       3
       2
       3
       5
       1
       1
       1
       3
       1
       1
       0
       3
       1
       1
       3
       3
       0
       3
       1
       1
       3
       2
       0
       1
       4
       3
       0
       2
       2
       2
       4
       2
       2
       2
       1
       0
       4
       3
       2
       3
       5
       0
       4
       2
       2
       2
       0
       1
       1
       2
       1
       1
       3
       4
       1
       3
       2
       3
       1
       0
       1
       2
       4
      11
      10
      21
      21
       5
       2
       3
       3
       3
       2
       5
       1
       1
       3
       3
       5
       5
       4
       2
       4
       5
       6
       2
       9
       4
       4
       4
       3
       2
       3
       1
       0
       0
       1
       2
       0
       2
       2
       0
       1
       2
       1
       2
       0
       3
       1
       3
       0
       2
       2
       2
       1
       1
       1
       0
       0
       2
       9
       2
       1
       6
       2
       1
       1
       4
       2
       2
       3
       4
       2
       1
       2
       0
       1
       0
       2
       3
       1
       0
       1
       1
       2
       2
       2
       0
       1
       0
       0
       3
      11
      14
      44
      83
     119
      76
      53
      20
       4
       8
       1
       3
       1
       0
       1
       0
       0
       0
       0
       3
       2
       2
       1
       1
       1
       0
       2
       0
       1
       2
       1
       2
       1
       3
       0
       0
       3
       1
       1
       2
       1
       0
       2
       5
       5
       7
       8
       3
       2
       3
       1
       1
       0
       0
       3
       1
       0
       0
       3
       3
       2
       1
       0
       1
       1
       1
       0
       0
       1
       2
       1
       1
       0
       0
       0
       0
       0
       2
       0
       3
       0
       2
       0
       1
       1
       2
       2
       1
       2
       2
       1
       3
       3
       2
       4
       3
       4
       3
       1
       4
       1
       1
       3
       1
       4
       2
       3
       3
       0
       1
       2
       0
       2
       0
       2
       0
       4
       2
       4
       2
       2
       2
       0
       0
       1
       3
       6
       6
       3
       3
       3
       0
       1
       4
       0
       3
       5
       2
       1
       4
       2
       2
       4
       3
       0
       1
       1
       1
       1
       1
       1
       0
       1
       1
       1
       1
       2
       0
       2
       1
       0
       1
       0
       1
       0
       1
       2
       2
       0
       0
       1
       1
       1
       1
       0
       0
       2
       1
       1
       1
       1
       1
       2
       2
       0
       0
       1
       1
       1
       1
       1
       0
       0
       0
       1
       1
       0
       0
       1
       2
       0
       0
       0
       2
       1
       1
       0
       0
       1
       2
       0
       0
       1
       1
       0
       1
       0
       0
       0
       1
       0
       4
       1
       2
       1
       1
       1
       0
       0
       1
       1
       0
       4
       0
       0
       1
       4
       0
       1
       2
       0
       1
       1
       1
       1
       0
       2
       0
       0
       0
       0
       2
       3
       0
       1
       0
       0
       2
       1
       2
       2
       0
       2
       1
       2
       4
       1
       0
       2
       0
       1
       2
       0
       1
       0
       0
       1
       1
       1
       1
       0
       2
       0
       0
       1
       1
       0
       1
       1
       3
       1
       1
       0
       2
       1
       0
       1
       1
       1
       0
       2
       1
       2
       1
       2
       2
       0
       1
       4
       0
       0
       0
       1
       0
       1
       2
       4
       1
       1
       1
       1
       3
       1
       1
       4
       1
       0
       0
       0
       1
       0
       0
       2
       1
       0
       2
       1
       0
       1
       0
       0
       3
       1
       1
       0
       3
       2
       1
       2
       1
       2
       1
       3
       1
       1
       1
       2
       0
       0
       2
       2
       1
       2
       2
       1
       0
       0
       2
       1
       0
       3
       3
       3
       4
       1
       0
       0
       1
       1
       1
       1
       1
       3
       0
       1
       2
       1
       3
       2
       3
       0
       1
       1
       0
       0
       1
       0
       0
       0
       0
       0
       0
       0
       2
       3
       3
       1
       1
       2
       2
       1
       0
       0
       1
       1
       1
       3
       1
       1
       1
       0
       1
       0
       1
       1
       0
       1
       1
       1
       3
       1
       3
       2
       0
       0
       1
       0
       1
       1
       0
       2
       0
       1
       0
       1
       1
       0
       0
       0
       1
       0
       1
       0
       0
       2
       0
       3
       0
       1
       0
       2
       0
       0
       0
       0
       0
       1
       0
       0
       0
       0
       1
       0
       1
       2
       0
       0
       0
       0
       1
       0
       1
       1
       0
       1
       0
       3
       1
       2
       0
       1
       0
       1
       0
       0
       0
       1
       0
       1
       0
       0
       0
       0
       1
       2
       0
       0
       1
       2
       1
       1
       0
       0
       1
       0
       1
       1
       1
       0
       1
       0
       0
       1
       1
       1
       1
       2
       2
       1
       3
       0
       3
       1
       2
       0
       0
       1
       0
       0
       0
       0
       1
       0
       0
       0
       1
       1
       1
       1
       0
       2
       2
       0
       3
       1
       1
       1
       0
       0
       0
       0
       0
       1
       2
       0
       0
       0
       0
       0
       0
       0
       0
       2
       0
       1
       0
       0
       1
       2
       0
       2
       0
       2
       0
       0
       1
       0
       0
       1
       0
       1
       3
       1
       1
       0
       0
       0
       1
       0
       0
       0
       0
       2
       0
       0
       2
       0
       0
       0
       1
       1
       0
       0
       0
       0
       0
       0
       2
       0
       0
       0
       0
       0
       0
       0
       1
       0
       0
       0
       1
       1
       0
       1
       0
       0
       0
       2
       0
       0
       1
       3
       0
       0
       2
       0
       0
       0
       0
       2
       1
       0
       2
       0
       1
       0
       0
       1
       0
       1
       1
       1
       0
       0
       1
       2
       0
       0
       0
       1
       0
       0
       0
       1
       2
       0
       0
       1
       3
       1
       0
       6
       0
       1
       0
       1
       1
       2
       0
       1
       0
       1
       1
       1
       1
       0
       0
       0
       0
       1
       0
       1
       0
       0
       3
       1
       1
       1
       0
       1
       1
       0
       1
       0
       1
       1
       0
       0
       1
       1
       0
       0
       1
       0
       0
       0
       0
       0
       0
       0
       2
       1
       2
       0
       2
       0
       1
       0
       3
       0
       0
       1
       0
       0
       1
       1
       0
       1
       1
       0
       1
       1
       0
       0
       0
       0
       1
       1
       0
       0
       1
       1
       2
       1
       0
       2
       0
       1
       0
       3
       0
       1
       3
       0
       1
       1
       0
       0
       0
       1
       1
       0
       0
       1
       0
       0
       0
       0
       0
       0
       3
       0
       0
       1
       1
       1
       0
       1
       1
       0
       0
       1
       0
       1
       0
       1
       1
       0
       0
       0
       1
       0
       1
       1
       0
       0
       1
       1
       1
       0
       0
       0
       0
       0
       0
       1
       0
       3
       0
       0
       0
       0
       0
       0
       1
       0
       0
       0
       0
       1
       1
       0
       0
       1
       0
       2
       1
       0
       0
       0
       1
       1
       1
       1
       1
       0
       2
       0
       3
       0
       0
       0
       2
       0
       0
       0
       1
       1
       1
       1
       1
       0
       1
       0
       0
       0
       2
       1
       0
       0
       0
       2
       0
       0
       1
       0
       1
       2
       1
       1
       1
       0
       0
       0
       0
       0
       1
       0
       1
       0
       0
       1
       0
       3
       0
       1
       0
       2
       0
       1
       0
       0
       0
       0
       0
       1
       0
       1
       0
       0
       2
       0
       0
       0
       1
       0
       1
       0
       0
       2
       0
       0
       0
       0
       0
       1
       0
       2
       0
       0
       0
       0
       0
       2
       0
       0
       1
       1
       3
       1
       0
       1
       0
       1
       1
       0
       0
       0
       0
       0
       0
       1
       0
       0
       2
       0
       2
       1
       1
       1
       0
       0
       0
       0
       0
       0
       1
       1
       1
       0
       0
       0
       0
       0
       3
       1
       1
       1
       0
       1
       0
       0
       1
       0
       0
       0
       1
       0
       2
       2
       0
       1
       0
       2
       1
       2
       0
       1
       2
       0
       3
       1
       0
       0
       0
       1
       0
       2
       1
       0
       1
       1
       0
       1
       0
       1
       0
       0
       1
       3
       0
       0
       0
       1
       1
       0
       0
       0
       0
       0
       0
       0
       0
       1
       0
       1
       2
       0
       2
       1
       0
       0
       0
       1
       0
       0
       0
       0
       2
       0
       1
       2
       1
       1
       1
       1
       1
       1
       0
       1
       0
       1
       1
       1
       0
       0
       2
       1
       0
       0
       0
       1
       1
       1
       1
       0
       0
       0
       0
       0
       1
       1
       0
       0
       0
       0
       1
       1
       1
       0
       0
       1
       1
       1
       1
       0
       2
       1
       0
       1
       2
       0
       2
       1
       0
       3
       2
       2
       2
       2
       3
       3
       3
       0
       1
       1
       0
       2
       0
       0
       2
       2
       2
       1
       2
       1
       0
       0
       4
       2
       0
       0
       1
       2
       1
       0
       0
       3
       1
       0
       1
       0
       1
       0
       0
       0
       0
       0
       2
       0
       1
       1
       0
       1
       0
       1
       0
       0
       1
       0
       0
       2
       1
       1
       2
       0
       1
       1
       0
       2
       2
       0
       1
       1
       0
       1
       0
       1
       0
       0
       0
       0
       0
       0
       1
       1
       0
       0
       2
       0
       1
       1
       1
       0
       2
       0
       1
       0
       0
       1
       0
       0
       1
       0
       0
       0
       0
       1
       1
       2
       0
       0
       2
       0
       1
       1
       1
       1
       0
       0
       3
       0
       0
       0
       0
       3
       0
       0
       1
       1
       0
       1
       0
       1
       0
       0
       1
       3
       1
       0
       0
       0
       0
       0
       1
       1
       0
       1
       1
       0
       0
       0
       0
       0
       0
       0
       0
       0
       0
       0
       0
       0
       3
       0
       0
       2
       0
       0
       0
       0
       2
       0
       1
       0
       0
       1
       0
       1
       1
       0
       0
       1
       0
       1
       0
       0
       0
       1
       2
       0
       0
       1
       0
       0
       1
       0
       0
       1
       0
       2
       2
       0
       0
       0
       0
       1
       0
       0
       0
       1
       1
       0
       0
       0
       1
       0
       0
       1
       0
       1
       0
       1
       1
       0
       2
       0
       0
       0
       0
       0
       2
       1
       0
       0
       0
       3
       0
       0
       0
       1
       0
       0
       1
       0
       0
       1
       0
       0
       1
       0
       1
       0
       0
       1
       0
       0
       0
       0
       1
       0
       0
       2
       0
       0
       1
       1
       1
       0
       1
       1
       0
       0
       0
       1
       0
       0
       0
       1
       1
       1
       1
       0
       1
       1
       1
       0
       0
       0
       1
       1
       0
       0
       0
       0
       0
       0
       1
       0
       1
       0
       0
       0
       2
       0
       0
       1
       0
       1
       0
       1
       1
       0
       0
       0
       0
       1
       0
       0
       0
       0
       0
       0
       0
       0
       0
       2
       1
       0
       0
       0
       1
       2
       1
       2
       0
       1
       1
       0
       0
       1
       1
       0
       0
       0
       0
       1
       1
       1
       0
       3
       0
       1
       0
       1
       0
       0
       1
       1
       3
       1
       0
       0
       0
       0
       0
       0
       0
       0
       0
       0
       0
       0
       1
       0
       4
       0
       0
       1
       0
       1
       0
       0
       0
       3
       1
       0
       0
       0
       0
       0
       0
       1
       0
       0
       0
       0
       0
       1
       1
       1
       1
       0
       1
       0
       0
       0
       0
       0
       2
       1
       0
       1
       0
       0
       1
       0
       1
       2
       1
       0
       0
       0
       0
       0
       0
       0
       0
       1
       1
       0
       0
       0
       0
       0
       0
       2
       0
       1
       0
       0
       1
       0
       0
       0
       0
       0
       0
       0
       0
       0
       1
       0
       1
       0
       2
       0
       0
       1
       0
       1
       0
       1
       1
       0
       0
       0
       0
       1
       3
       0
       2
       0
       0
       0
       0
       0
       1
       1
       0
       0
       1
       2
       0
       0
       1
       0
       1
       0
       2
       0
       1
       1
       0
       0
       1
       0
       0
       0
       1
       1
       1
       0
       0
       1
       1
       0
       0
       1
       1
       0
       1
       1
       1
       1
       0
       0
       0
       1
       0
       0
       0
       1
       1
       0
       0
       0
       0
       0
       1
       1
       0
       0
       1
       0
       0
       0
       0
       1
       0
       1
       0
       0
       0
       0
       1
       0
       1
       3
       0
       2
       0
       0
       1
       1
       2
       1
       0
       0
       0
       1
       1
       0
       2
       1
       1
       0
       2
       1
       0
       1
       2
       0
       0
       0
       1
       0
       0
       0
       0
       0
       1
       1
       0
       0
       0
       0
       0
       1
       0
       0
       2
       0
       1
       0
       1
       0
       0
       1
       1
       0
       0
       1
       0
       0
       1
       0
       0
       0
       1
       0
       0
       0
       0
       0
       0
       1
       2
       1
       0
       0
       1
       0
       2
       0
       0
       0
       0
       0
       0
       1
       0
       0
       0
       0
       0
       0
       0
       2
       1
       0
       0
       1
       0
       0
       0
       1
       1
       1
       0
       1
       0
       1
       2
       2
       0
       0
       1
       1
       0
       0
       0
       0
       1
       1
       2
       0
       0
       1
       0
       0
       0
       0
       1
       2
       0
       1
       0
       1
       0
       0
       0
       0
       2
       1
       0
       0
       1
       0
       0
       1
       1
       1
       0
       1
       0
       2
       0
       0
       0
       0
       3
       1
       0
       1
       0
       0
       0
       0
       0
       0
       0
       0
       0
       0
       1
       0
       0
       0
       1
       0
       0
       0
       0
       0
       1
       0
       0
       0
       0
       1
       1
       0
       2
       0
       1
       1
       1
       0
       1
       0
       1
       1
       1
       0
       0
       1
       0
       0
       0
       1
       0
       1
       0
       1
       0
       0
       4
       0
       0
       0
       0
       1
       2
       0
       0
       0
       0
       1
       0
       0
       0
       0
       0
       0
       0
       1
       0
       0
       1
       0
       0
       0
       1
       0
       1
       0
       0
       0
       0
       0
       2
       0
       1
       0
       0
       0
       1
       0
       1
       0
       0
       0
       1
       1
       1
       1
       0
       1
       0
       0
       0
       0
       0
       1
       0
       0
       1
       0
       0
       0
       1
       0
       0
       1
       1
       0
       1
       1
       0
       0
       0
       0
       0
       1
       0
       0
       0
       0
       0
       1
       0
       1
       0
       0
       0
       0
       0
       0
       0
       0
       1
       1
       0
       0
       0
       0
       0
       0
       0
       0
       0
       0
       0
       0
       0
       1
       1
       1
       0
       0
       0
       0
       0
       1
       1
       1
       0
       0
       3
       0
       1
       0
       0
       0
       1
       0
       0
       1
       1
       1
       0
       1
       0
       0
       0
       0
       0
       0
       1
       0
       1
       3
       1
       0
       0
       1
       1
       0
       2
       1
       1
       1
       0
       2
       2
       1
       2
       1
       0
       0
       0
       0
       2
       1
       1
       0
       0
       0
       1
       0
       0
       0
       1
       0
       0
       0
       1
       0
       0
       1
       1
       1
       0
       0
       0
       0
       1
       1
       0
       0
       0
       1
       1
       0
       1
       0
       1
       1
       1
       0
       1
       0
       0
       0
       0
       0
       0
       1
       0
       0
       0
       0
       0
       0
       0
       1
       1
       0
       0
       0
       0
       0
       1
       1
       0
       0
       1
       0
       0
       0
       1
       0
       0
       2
       1
       1
       0
       1
       0
       3
       0
       0
       1
       0
       0
       0
       0
       1
       0
       1
       0
       1
       0
       0
       1
       1
       2
       2
       0
       0
       0
       0
       0
       0
       1
       2
       0
       1
       0
       0
       0
       0
       0
       0
       1
       1
       1
       0
       0
       0
       1
       1
       0
       0
       0
       2
       0
       0
       0
       0
       1
       2
       0
       1
       1
       0
       0
       1
       0
       0
       0
       1
       0
       0
       0
       0
       1
       0
       0
       0
       0
       0
       0
       1
       0
       0
       0
       1
       1
       0
       0
       1
       0
       0
       1
       1
       2
       0
       1
       0
       0
       1
       0
       0
       0
       1
       0
       0
       0
       0
       0
       0
       0
       0
       1
       0
       0
       1
       1
       0
       1
       0
       0
       0
       0
       0
       0
       1
       0
       0
       1
       1
       0
       0
       0
       2
       0
       0
       0
       1
       3
       1
       0
       0
       1
       0
       0
       1
       1
       2
       0
       0
       1
       1
       0
       0
       0
       1
       0
       3
       0
       0
       0
       0
       0
       0
       1
       1
       0
       0
       0
       0
       3
       2
       0
       0
       0
       2
       0
       0
       2
       0
       0
       0
       0
       1
       0
       0
       0
       0
       0
       0
       0
       2
       0
       1
       0
       0
       0
       0
       0
       1
       1
       1
       1
       0
       1
       0
       0
       1
       0
       0
       0
       1
       0
       0
       0
       0
       0
       0
       0
       0
       0
       0
       0
       0
       0
       0
       0
       1
       0
       1
       0
       0
       1
       0
       0
       1
       1
       1
       0
       0
       0
       1
       2
       0
       2
       0
       1
       0
       1
       0
       1
       0
       0
       0
       1
       0
       1
       2
       0
       1
       1
       0
       1
       0
       0
       1
       0
       1
       1
       0
       0
       2
       1
       0
       1
       0
       0
       0
       1
       0
       1
       1
       0
       0
       1
       0
       0
       0
       0
       0
       0
       0
       1
       0
       2
       1
       1
       0
       1
       0
       0
       1
       0
       1
       0
       1
       0
       0
       0
       0
       1
       0
       0
       0
       0
       0
       0
       0
       0
       0
       0
       0
       0
       0
       0
       0
       0
       1
       0
       0
       0
       0
       0
       0
       0
       0
       0
       0
       0
       0
       0
       0
       0
       1
       1
       0
       0
       0
       0
       1
       0
       0
       1
       0
       0
       1
       0
       0
       1
       0
       1
       0
       0
       1
       0
       1
       1
       0
       0
       0
       0
       0
       0
       0
       0
       0
       1
       0
       2
       0
       0
       0
       0
       0
       0
       0
       1
       0
       0
       0
       0
       1
       0
       1
       0
       0
       0
       0
       1
       0
       0
       0
       0
       0
       0
       1
       1
       0
       0
       0
       1
       0
       0
       0
       0
       1
       0
       0
       1
       0
       0
       0
       0
       0
       0
       0
       0
       0
       0
       0
       1
       2
       0
       1
       1
       0
       0
       0
       0
       0
       0
       1
       1
       0
       0
       0
       0
       1
       0
       0
       1
       0
       1
       0
       0
       0
       0
       1
       0
       0
       1
       1
       1
       0
       0
       0
       0
       1
       0
       1
       0
       0
       0
       0
       0
       0
       0
       0
       0
       0
       3
       0
       0
       0
       0
       2
       0
       0
       0
       1
       0
       1
       0
       0
       0
       1
       1
       0
       0
       0
       0
       0
       0
       0
       0
       0
       3
       0
       0
       0
       0
       0
       0
       0
       0
       0
       0
       0
       1
       0
       1
       0
       0
       2
       0
       0
       1
       0
       1
       0
       0
       0
       0
       0
       0
       0
       0
       1
       0
       1
       0
       0
       0
       0
       1
       0
       0
       0
       0
       0
       0
       1
       0
       0
       0
       0
       0
       1
       0
       0
       0
       0
       0
       0
       0
       1
       1
       0
       1
       0
       0
       0
       0
       0
       0
       0
       0
       0
       0
       0
       0
       0
       1
       1
       0
       1
       0
       1
       0
       0
       0
       0
       0
       0
       1
       0
       1
       0
       1
       1
       0
       0
       0
       1
       0
       1
       0
       0
       0
       1
       0
       0
       1
       0
       0
       0
       0
       0
       1
       0
       0
       0
       0
       0
       0
       0
       0
       0
       0
       0
       0
       0
       0
       0
       0
       0
       0
       0
       2
       0
       0
       0
       0
       0
       0
       0
       0
       0
       0
       0
       1
       0
       0
       0
       1
       0
       0
       0
       1
       1
       0
       0
       0
       1
       0
       0
       0
       0
       0
       0
       1
       0
       0
       0
       0
       0
       1
       0
       0
       0
       1
       2
       1
       0
       0
       0
       0
       0
       0
       1
       0
       0
       1
       1
       1
       0
       0
       1
       0
       0
       0
       0
       0
       0
       0
       0
       0
       0
       0
       0
       0
       0
       0
       0
       1
       0
       1
       0
       1
       0
       0
       0
       0
       1
       0
       0
       0
       0
       0
       1
       0
       0
       0
       0
       0
       0
       0
       0
       0
       0
       0
       1
       0
       0
       1
       0
       1
       0
       0
       1
       1
       1
       0
       0
       0
       2
       0
       0
       2
       0
       0
       0
       0
       0
       0
       1
       0
       0
       0
       0
       1
       0
       1
       1
       1
       0
       0
       0
       0
       0
       0
       0
       1
       0
       0
       0
       1
       1
       0
       0
       0
       0
       0
       0
       0
       0
       1
       0
       0
       0
       1
       0
       0
       0
       0
       1
       0
       0
       0
       0
       0
       1
       1
       2
       0
       1
       0
       0
       0
       0
       1
       1
       0
       0
       0
       0
       1
       0
       0
       0
       0
       0
       1
       0
       0
       0
       1
       0
       1
       0
       1
       2
       0
       0
       1
       0
       1
       0
       1
       1
       1
       1
       0
       1
       0
       0
       2
       0
       0
       0
       1
       1
       1
       1
       0
       1
       5
       1
       5
       2
       4
       5
       4
       2
       1
       1
       1
       0
       3
       1
       0
       2
       0
       0
       0
       1
       1
       1
       0
       2
       0
       0
       0
       1
       1
       2
       1
       1
       1
       0
       0
       1
       1
       0
       0
       0
       0
       2
       0
       0
       0
       1
       0
       0
       1
       0
       0
       0
       0
       0
       0
       0
       0
       0
       0
       0
       0
       0
       0
       0
       0
       2
       0
       1
       1
       0
       1
       0
       2
       0
       0
       0
       0
       0
       0
       0
       1
       0
       0
       1
       1
       0
       0
       0
       0
       0
       1
       0
       0
       0
       0
       0
       1
       0
       0
       0
       0
       0
       0
       0
       1
       0
       0
       0
       0
       0
       1
       0
       1
       0
       0
       0
       0
       1
       1
       0
       0
       0
       0
       0
       0
       0
       0
       0
       0
       0
       0
       1
       0
       0
       0
       0
       0
       0
       0
       0
       0
       0
       0
       0
       0
       0
       0
       0
       0
       1
       0
       0
       0
       1
       1
       0
       0
       0
       1
       0
       0
       1
       0
       0
       0
       0
       0
       0
       0
       0
       0
       0
       0
       0
       0
       0
       0
       1
       1
       0
       0
       0
       0
       0
       0
       0
       0
       1
       0
       0
       0
       0
       0
       0
       0
       0
       0
       0
       0
       1
       0
       0
       1
       0
       0
       0
       0
       0
       0
       0
       1
       0
       0
       0
       1
       1
       0
       0
       0
       0
       0
       0
       0
       0
       0
       0
       1
       0
       0
       0
       0
       0
       0
       0
       0
       0
       0
       1
       0
       0
       0
       0
       0
       0
       0
       1
       0
       0
       0
       0
       0
       0
       0
       1
       0
       1
       0
       0
       0
       0
       0
       0
       0
       0
       0
       0
       0
       0
       0
       1
       0
       0
       0
       0
       0
       0
       0
       0
       0
       0
       0
       0
       0
       0
       0
       0
       0
       0
       1
       0
       0
       0
       0
       1
       1
       0
       0
       0
       0
       0
       0
       2
       0
       0
       0
       0
       0
       1
       0
       0
       0
       1
       1
       0
       0
       0
       0
       1
       0
       0
       0
       0
       1
       0
       0
       0
       0
       0
       0
       1
       0
       0
       0
       0
       0
       0
       1
       0
       0
       0
       0
       0
       1
       0
       0
       0
       0
       1
       1
       0
       0
       0
       0
       0
       0
       0
       0
       0
       0
       0
       0
       0
       0
       0
       0
       0
       1
       0
       1
       0
       0
       0
       0
       1
       0
       0
       0
       1
       0
       0
       0
       0
       0
       0
       0
       0
       1
       0
       1
       0
       1
       0
       0
       0
       0
       0
       0
       0
       0
       0
       0
       1
       0
       0
       0
       0
       0
       0
       0
       0
       1
       1
       1
       0
       0
       1
       1
       0
       0
       0
       0
       1
       0
       0
       0
       0
       0
       0
       0
       0
       0
       1
       0
       0
       0
       0
       0
       0
       0
       0
       0
       0
       0
       1
       0
       0
       0
       0
       1
       0
       0
       1
       1
       0
       1
       0
       0
       0
       0
       0
       1
       0
       0
       1
       0
       0
       0
       0
       1
       0
       0
       0
       0
       0
       0
       0
       0
       0
       0
       0
       0
       2
       0
       0
       0
       0
       0
       0
       1
       0
       0
       0
       0
       0
       0
       0
       1
       0
       0
       0
       0
       0
       0
       0
       0
       0
       0
       0
       1
       0
       0
       0
       0
       0
       0
       0
       1
       0
       0
       0
       0
       0
       0
       1
       0
       1
       0
       1
       0
       2
       0
       0
       0
       0
       0
       0
       0
       0
       0
       0
       0
       0
       2
       0
       0
       0
       0
       0
       0
       0
       0
       0
       0
       0
       0
       0
       0
       0
       0
       0
       1
       0
       0
       0
       0
       0
       1
       0
       0
       0
       0
       1
       0
       0
       0
       0
       1
       0
       0
       0
       0
       0
       0
       0
       0
       1
       0
       0
       0
       0
       0
       0
       0
       0
       0
       0
       0
       1
       1
       0
       0
       0
       0
       0
       0
       0
       0
       0
       0
       0
       1
       0
       1
       0
       0
       0
       0
       1
       0
       0
       0
       0
       0
       0
       0
       0
       0
       0
       1
       0
       0
       0
       0
       0
       0
       0
       0
       1
       0
       0
       0
       0
       1
       0
       0
       1
       0
       0
       0
       0
       0
       0
       0
       0
       0
       0
       1
       0
       0
       0
       0
       0
       1
       0
       0
       0
       0
       0
       0
       0
       0
       1
       0
       0
       0
       0
       0
       0
       0
       0
       0
       0
       1
       0
       1
       1
       0
       0
       1
       2
       0
       0
       0
       0
       0
       0
       0
       0
       0
       0
       0
       0
       0
       0
       1
       0
       0
       0
       1
       0
       0
       0
       0
       0
       0
       1
       0
       0
       0
       0
       1
       0
       0
       1
       0
       0
       0
       0
       1
       0
       0
       0
       0
       0
       0
       0
       2
       0
       0
       0
       0
       0
       0
       0
       1
       0
       0
       0
       0
       0
       0
       0
       0
       2
       0
       0
       0
       0
       0
       0
       0
       0
       0
       0
       0
       0
       0
       0
       0
       0
       0
       0
       0
       0
       0
       1
       0
       0
       0
       0
       0
       1
       0
       0
       0
       0
       0
       0
       0
       0
       0
       0
       0
       1
       0
       0
       0
       0
       0
       0
       0
       0
       0
       0
       0
       0
       0
       0
       0
       0
       0
       0
       0
       0
       0
       0
       0
       0
       0
       0
       0
       0
       0
       0
       1
       0
       0
       0
       0
       0
       0
       0
       0
       0
       0
       0
       0
       0
       0
       0
       0
       0
       0
       0
       0
       0
       0
       0
       0
       0
       0
       0
       1
       0
       0
       0
       1
       0
       0
       0
       2
       0
       0
       0
       0
       0
       1
       0
       0
       0
       0
       2
       0
       0
       0
       0
       0
       0
       0
       0
       1
       0
       0
       0
       0
       0
       1
       0
       0
       0
       0
       0
       0
       0
       1
       0
       1
       0
       0
       0
       0
       0
       0
       0
       0
       0
       0
       0
       0
       0
       0
       1
       1
       0
       0
       1
       0
       0
       0
       0
       0
       0
       1
       0
       0
       0
       0
       0
       0
       0
       0
       0
       0
       0
       0
       0
       1
       1
       0
       0
       0
       0
       0
       1
       0
       0
       0
       0
       0
       0
       0
       0
       0
       0
       0
       0
       0
       0
       1
       0
       0
       0
       0
       0
       1
       1
       0
       0
       0
       0
       0
       0
       0
       0
       0
       0
       0
       1
       0
       0
       0
       0
       0
       0
       1
       0
       0
       0
       0
       0
       1
       1
       0
       0
       0
       0
       0
       0
       0
       0
       0
       0
       0
       0
       0
       0
       0
       0
       0
       0
       0
       0
       0
       0
       0
       0
       0
       1
       0
       0
       0
       0
       0
       0
       0
       0
       1
       1
       0
       1
       0
       0
       1
       0
       0
       0
       1
       0
       0
       0
       0
       0
       0
       3
       1
       0
       0
       0
       0
       0
       0
       1
       0
       0
       0
       0
       1
       0
       1
       0
       0
       0
       0
       1
       1
       0
       1
       0
       0
       0
       0
       0
       0
       1
       0
       0
       0
       0
       0
       0
       1
       0
       0
       0
       2
       0
       1
       0
       0
       0
       0
       0
       0
       0
       0
       0
       0
       1
       0
       0
       0
       0
       0
       0
       1
       0
       1
       0
       0
       1
       0
       0
       0
       0
       0
       0
       0
       0
       0
       1
       0
       0
       0
       0
       0
       2
       0
       1
       1
       0
       1
       0
       0
       0
       0
       1
       0
       0
       1
       1
       0
       0
       0
       1
       0
       0
       0
       0
       1
       0
       0
       0
       0
       1
       0
       0
       1
       0
       0
       0
       1
       0
       0
       1
       1
       0
       0
       0
       0
       1
       0
       0
       0
       0
       0
       2
       1
       0
       0
       0
       0
       0
       0
       1
       0
       0
       0
       0
       1
       0
       0
       0
       0
       2
       0
       0
       0
       0
       1
       0
       1
       1
       0
       0
       0
       0
       0
       0
       0
       0
       0
       0
       0
       0
       0
       0
       0
       0
       0
       0
       0
       1
       0
       0
       0
       0
       0
       0
       0
       0
       0
       0
       0
       0
       0
       0
       0
       0
       0
       0
       1
       0
       0
       0
       0
       0
       0
       0
       0
       0
       0
       0
       0
       0
       0
       1
       0
       0
       0
       2
       0
       0
       0
       0
       0
       0
       0
       0
       0
       0
       1
       0
       0
       0
       0
       0
       0
       0
       0
       0
       1
       0
       0
       1
       0
       1
       0
       0
       0
       0
       0
       0
       0
       0
       0
       0
       0
       0
       2
       0
       0
       0
       0
       1
       0
       0
       0
       0
       0
       0
       0
       0
       0
       1
       0
       0
       0
       0
       0
       0
       0
       0
       0
       1
       0
       1
       0
       0
       1
       0
       0
       1
       0
       2
       0
       0
       0
       0
       0
       0
       1
       0
       1
       0
       0
       0
       0
       0
       1
       1
       0
       1
       1
       0
       0
       1
       0
       0
       0
       0
       0
       0
       0
       0
       0
       0
       0
       0
       0
       1
       0
       0
       0
       0
       0
       0
       0
       0
       0
       0
       0
       0
       0
       0
       0
       0
       0
       1
       0
       0
       0
       0
       0
       0
       0
       1
       0
       0
       0
       0
       0
       0
       0
       0
       0
       0
       0
       0
       0
       1
       0
       0
       1
       0
       0
       0
       0
       0
       0
       0
       0
       0
       0
       0
       0
       0
       0
       0
       0
       0
       0
       0
       1
       0
       0
       1
       0
       0
       0
       0
       0
       0
       0
       0
       0
       0
       0
       0
       0
       0
       0
       0
       0
       0
       0
       0
       0
       0
       0
       0
       1
       0
       0
       1
       0
       0
       0
       0
       0
       1
       0
       1
       0
       0
       0
       0
       0
       0
       0
       0
       0
       0
       0
       0
       0
       1
       0
       0
       0
       0
       0
       0
       0
       0
       1
       0
       0
       0
       0
       0
       1
       1
       0
       0
       1
       0
       0
       0
       0
       1
       0
       0
       0
       0
       0
       0
       0
       1
       0
       0
       0
       0
       1
       0
       0
       0
       0
       0
       0
       0
       0
       0
       0
       0
       0
       0
       0
       0
       0
       0
       0
       0
       0
       0
       0
       0
       0
       0
       0
       0
       0
       1
       0
       1
       0
       0
       0
       1
       0
       0
       1
       0
       0
       0
       0
       0
       0
       0
       0
       0
       0
       0
       0
       1
       0
       0
       0
       0
       0
       0
       0
       0
       0
       0
       0
       0
       0
       0
       0
       0
       0
       0
       1
       0
       0
       0
       1
       0
       0
       0
       0
       1
       0
       1
       0
       0
       0
       0
       0
       1
       0
       0
       0
       0
       0
       0
       0
       0
       0
       0
       0
       0
       0
       0
       0
       0
       0
       0
       0
       0
       0
       0
       0
       0
       1
       0
       0
       0
       0
       0
       0
       0
       0
       0
       0
       0
       0
       0
       0
       0
       0
       0
       1
       0
       0
       0
       1
       0
       0
       0
       0
       0
       0
       0
       0
       0
       0
       0
       0
       0
       0
       1
       0
       0
       0
       0
       0
       0
       0
       0
       0
       0
       0
       0
       1
       0
       0
       0
       0
       0
       1
       0
       0
       0
       0
       0
       0
       0
       0
       0
       0
       1
       0
       0
       0
       0
       0
       0
       0
       0
       0
       0
       0
       0
       1
       0
       0
       1
       0
       0
       0
       1
       0
       0
       0
       0
       0
       0
       0
       0
       0
       0
       0
       0
       1
       0
       0
       0
       0
       0
       0
       0
       0
       0
       0
       0
       0
       0
       0
       0
       0
       0
       0
       0
       0
       0
       0
       0
       0
       0
       0
       0
       0
       0
       0
       0
       0
       0
       0
       0
       0
       0
       0
       0
       0
       0
       1
       1
       0
       0
       0
       0
       0
       1
       0
       0
       0
       0
       0
       0
       0
       0
       0
       1
       0
       0
       0
       0
       0
       0
       0
       0
       0
       0
       0
       0
       0
       0
       0
       0
       0
       0
       0
       0
       0
       0
       0
       0
       0
       0
       0
       0
       0
       1
       0
       0
       0
       0
       0
       0
       0
       0
       0
       0
       1
       1
       0
       0
       0
       0
       0
       0
       0
       0
       0
       1
       0
       0
       0
       1
       0
       0
       0
       0
       0
       0
       0
       0
       0
       1
       0
       0
       0
       0
       0
       0
       0
       0
       0
       0
       0
       0
       0
       0
       0
       0
       0
       0
       1
       0
       0
       0
       0
       0
       0
       0
       0
       0
       0
       0
       0
       0
       0
       0
       0
       0
       0
       0
       0
       0
       0
       0
       0
       1
       0
       0
       1
       0
       0
       0
       0
       0
       0
       0
       1
       0
       0
       0
       0
       0
       0
       0
       0
       0
       0
       0
       0
       0
       0
       0
       0
       0
       1
       0
       0
       0
       0
       0
       0
       0
       0
       0
       0
       0
       0
       0
       0
       0
       0
       0
       1
       0
       0
       0
       0
       0
       0
       0
       0
       0
       0
       0
       0
       0
       0
       0
       0
       1
       0
       0
       0
       0
       0
       0
       0
       0
       1
       1
       0
       0
       0
       0
       0
       0
       0
       0
       0
       1
       0
       0
       0
       0
       0
       0
       0
       0
       0
       0
       0
       0
       0
       0
       1
       0
       0
       0
       1
       0
       0
       0
       0
       0
       0
       0
       0
       0
       1
       0
       0
       0
       0
       0
       1
       0
       0
       0
       0
       0
       0
       0
       0
       0
       0
       0
       0
       0
       0
       0
       0
       0
       0
       0
       0
       0
       0
       0
       0
       0
       0
       0
       0
       0
       0
       0
       0
       0
       1
       0
       0
       1
       0
       0
       0
       0
       0
       0
       0
       0
       0
       0
       0
       0
       0
       1
       0
       0
       0
       0
       0
       0
       0
       1
       0
       0
       0
       1
       0
       1
       0
       0
       0
       0
       0
       0
       0
       0
       0
       0
       0
       0
       0
       0
       0
       0
       0
       0
       0
       0
       0
       0
       0
       0
       1
       0
       0
       0
       1
       0
       0
       0
       0
       0
       0
       0
       0
       0
       0
       0
       0
       0
       0
       0
       0
       0
       0
       0
       0
       0
       0
       1
       0
       0
       0
       0
       0
       0
       0
       0
       0
       0
       0
       1
       0
       0
       0
       0
       0
       0
       0
       0
       0
       0
       0
       0
       0
       0
       0
       0
       0
       0
       0
       0
       0
       0
       1
       0
       0
       1
       0
       0
       0
       0
       0
       0
       0
       0
       0
       0
       0
       0
       0
       0
       0
       0
       0
       0
       0
       1
       0
       1
       1
       1
       0
       1
       0
       0
       0
       0
       1
       0
       0
       0
       0
       0
       0
       0
       0
       1
       0
       0
       0
       0
       0
       1
       0
       0
       0
       1
       0
       0
       0
       0
       0
       0
       0
       0
       0
       0
       0
       0
       0
       0
       1
       0
       1
       0
       0
       0
       0
       0
       0
       0
       0
       0
       0
       0
       0
       0
       0
       0
       0
       0
       0
       0
       0
       0
       0
       0
       0
       1
       0
       0
       0
       0
       0
       0
       0
       0
       0
       0
       0
       0
       0
       0
       0
       0
       1
       0
       0
       0
       0
       0
       0
       1
       0
       0
       0
       0
       0
       0
       0
       0
       0
       0
       0
       1
       0
       0
       0
       0
       0
       0
       0
       1
       0
       0
       0
       0
       0
       0
       0
       0
       0
       0
       0
       0
       0
       0
       0
       0
       0
       1
       0
       1
       0
       0
       0
       0
       1
       0
       1
       0
       0
       0
       1
       0
       0
       0
       0
       0
       0
       0
       0
       0
       0
       0
       0
       0
       0
       0
       0
       0
       0
       0
       0
       0
       0
       0
       0
       0
       0
       1
       0
       0
       0
       0
       0
       0
       0
       0
       0
       0
       0
       0
       1
       0
       0
       0
       0
       1
       0
       0
       0
       0
       0
       0
       0
       0
       0
       0
       0
       0
       0
       0
       0
       0
       0
       0
       0
       0
       0
       0
       0
       0
       0
       0
       0
       0
       0
       0
       0
       0
       0
       0
       0
       0
       0
       0
       0
       0
       0
       0
       0
       0
       0
       0
       2
       0
       1
       0
       0
       0
       0
       1
       0
       0
       1
       0
       0
       1
       0
       0
       0
       0
       0
       0
       0
       0
       0
       0
       0
       0
       0
       0
       0
       0
       0
       0
       0
       0
       0
       0
       0
       0
       0
       0
       1
       0
       0
       0
       1
       1
       0
       0
       0
       0
       0
       0
       0
       0
       0
       0
       0
       0
       0
       0
       0
       0
       0
       0
       0
       0
       0
       0
       0
       0
       0
       0
       1
       0
       0
       0
       0
       0
       0
       0
       0
       1
       0
       0
       0
       0
       0
       0
       0
       0
       0
       0
       0
       0
       0
       0
       0
       0
       0
       0
       0
       0
       0
       0
       0
       0
       1
       0
       0
       0
       0
       0
       0
       0
       0
       0
       0
       0
       0
       0
       0
       0
       0
       0
       0
       0
       0
       0
       1
       0
       0
       0
       0
       0
       0
       1
       0
       1
       0
       0
       0
       0
       1
       0
       0
       0
       0
       0
       0
       0
       0
       0
       0
       0
       0
       0
       0
       0
       0
       0
       1
       0
       0
       0
       1
       0
       0
       0
       0
       0
       1
       0
       0
       0
       0
       0
       0
       0
       0
       0
       0
       0
       0
       0
       0
       0
       0
       1
       0
       0
       0
       1
       0
       1
       0
       0
       0
       0
       0
       0
       0
       0
       0
       0
       0
       0
       0
       0
       0
       0
       0
       0
       0
       0
       0
       0
       0
       0
       0
       0
       0
       0
       0
       0
       0
       0
       0
       1
       0
       0
       0
       0
       1
       0
       0
       1
       0
       0
       0
       0
       0
       0
       0
       0
       0
       0
       1
       0
       0
       0
       0
       0
       0
       0
       0
       0
       0
       0
       0
       0
       0
       0
       0
       0
       0
       0
       0
       0
       0
       0
       0
       0
       0
       0
       0
       0
       0
       0
       0
       0
       0
       0
       0
       0
       0
       0
       0
       0
       0
       0
       0
       0
       0
       0
       0
       0
       0
       0
       0
       0
       0
       0
       0
       0
       0
       0
       0
       0
       0
       0
       0
       0
       0
       0
       0
       0
       0
       0
       1
       0
       0
       0
       0
       0
       0
       1
       0
       0
       0
       0
       0
       0
       0
       0
       0
       0
       0
       0
       0
       0
       0
       0
       0
       2
       0
       0
       0
       0
       0
       0
       0
       0
       0
       0
       0
       0
       0
       0
       1
       0
       0
       0
       0
       0
       0
       0
       0
       0
       0
       0
       0
       0
       1
       0
       0
       0
       0
       0
       0
       0
       0
       0
       0
       0
       0
       0
       0
       0
       0
       0
       2
       0
       0
       0
       0
       0
       0
       0
       0
       0
       0
       0
       0
       0
       0
       0
       0
       0
       0
       0
       1
       0
       0
       0
       0
       0
       0
       0
       0
       0
       0
       0
       0
       0
       0
       0
       0
       0
       0
       0
       0
       0
       0
       0
       0
       0
       0
       0
       0
       0
       0
       0
       0
       0
       0
       0
       0
       0
       0
       0
       0
       0
       0
       0
       1
       0
       0
       0
       0
       0
       0
       0
       1
       0
       0
       0
       0
       0
       0
       0
       0
       0
       0
       0
       0
       0
       0
       0
       0
       0
       0
       0
       0
       0
       0
       0
       0
       0
       0
       1
       0
       0
       0
       0
       0
       0
       0
       0
       0
       0
       0
       0
       0
       0
       0
       0
       0
       0
       0
       0
       0
       0
       0
       0
       0
       0
       0
       0
       0
       0
       0
       1
       0
       0
       0
       1
       0
       0
       0
       0
       0
       1
       0
       0
       0
       0
       0
       0
       0
       0
       0
       1
       0
       0
       0
       0
       0
       0
       0
       0
       0
       0
       0
       0
       0
       0
       0
       0
       0
       0
       0
       0
       0
       0
       0
       1
       0
       0
       0
       0
       0
       0
       0
       0
       0
       0
       0
       0
       0
       1
       0
       0
       0
       0
       0
       0
       1
       0
       0
       0
       0
       1
       0
       0
       0
       0
       0
       0
       0
       0
       0
       0
       0
       0
       0
       0
       0
       0
       0
       0
       0
       0
       0
       0
       1
       0
       0
       0
       0
       0
       0
       0
       0
       0
       0
       0
       0
       0
       0
       0
       0
       1
       0
       0
       0
       0
       0
       1
       0
       0
       0
       0
       0
       0
       0
       1
       1
       0
       0
       0
       0
       0
       0
       0
       0
       0
       0
       0
       1
       0
       0
       0
       0
       0
       0
       0
       0
       0
       0
       0
       0
       0
       0
       0
       0
       1
       0
       0
       0
       0
       0
       0
       0
       0
       0
       0
       0
       0
       0
       0
       0
       0
       0
       1
       0
       0
       1
       0
       0
       0
       1
       0
       0
       0
       0
       0
       0
       0
       0
       1
       0
       0
       0
       0
       0
       0
       1
       0
       0
       0
       0
       0
       0
       0
       0
       0
       0
       0
       0
       0
       0
       0
       0
       0
       0
       0
       0
       0
       0
       0
       0
       0
       0
       0
       0
       0
       0
       0
       0
       0
       0
       0
       0
       0
       0
       0
       0
       0
       0
       0
       0
       0
       1
       0
       0
       0
       0
       0
       0
       0
       0
       1
       0
       0
       0
       0
       0
       0
       0
       0
       0
       0
       0
       0
       0
       0
       0
       0
       0
       0
       0
       1
       0
       0
       1
       0
       0
       1
       0
       0
       0
       0
       0
       0
       0
       0
       0
       0
       0
       0
       0
       0
       0
       0
       0
       1
       0
       0
       0
       0
       0
       0
       0
       0
$ROI:
0
$PRESETS:
Live Time
3600
0
$ENER_FIT:
0.137869 0.366631
$MCA_CAL:
3
1.378689E-001 3.666307E-001 -4.415950E-008 keV
$SHAPE_CAL:
3
2.301834E+000 9.195991E-004 -5.357180E-008
