$SPEC_ID:
Molnar Range
$SPEC_REM:
DET# 1
DETDESC# HPGe Detector 1
AP# GammaVision Version 6.07
$DATE_MEA:
10/19/2015 11:10:33
$MEAS_TIM:
3600 3727
$DATA:
0 8191
       0
       0
       0
       0
    1948
    2046
    1183
     838
     743
     745
     802
     800
     882
     894
     926
     974
    1114
    1086
    1171
    1235
    1291
    1302
    1331
    1328
    1356
    1383
    1351
    1271
    1200
    1166
    1073
     997
     962
     801
     710
     738
     711
     748
     919
     925
     651
     468
     464
     455
     519
     485
     571
     574
     566
     490
     457
     459
     483
     474
     535
     496
     515
     566
     560
     553
     609
     576
     618
     844
    2675
    6253
    6538
    2967
    1003
     709
     733
    1100
    1352
    1748
    2364
    1878
    1113
     848
     748
     732
     758
     754
     786
     833
     851
     913
     967
    1029
    1033
    1173
    1279
    1341
    1212
    1366
    1394
    1520
    1591
    1713
    1813
    1994
    2124
    2312
    2407
    2708
    2905
    3269
    3429
    3704
    3926
    4148
    4549
    4838
    5278
    5678
    6323
    7025
    7735
    8381
    9354
    9765
   10374
   10713
   11509
   12418
   13523
   14756
   16411
   18236
   20649
   23488
   27750
   33213
   38958
   44768
   49779
   53495
   53101
   49423
   47794
   44967
   44049
   44929
   47236
   49140
   50743
   51135
   51073
   50767
   49735
   48454
   46993
   45853
   44418
   42242
   39791
   34363
   27400
   20333
   15242
   15062
   54437
  269253
  574510
  458936
  135527
   15049
     782
     172
     173
     174
     178
     199
     215
     220
     188
     237
     208
     203
     210
     192
     215
     225
     250
     244
     247
     275
     268
     245
     289
     315
     337
     340
     366
     362
     336
     414
     448
     503
     546
     549
     604
     578
     565
     613
     720
     704
     691
     684
     663
     701
     574
     661
     591
     563
     591
     586
     508
     516
     521
     473
     504
     479
     488
     510
     452
     445
     417
     445
     474
     461
     515
     559
     525
     492
     478
     451
     478
     527
     565
     494
     501
     503
     505
     502
     495
     523
     511
     468
     493
     506
     541
     531
     595
     536
     556
     545
     517
     546
     563
     558
     538
     504
     579
     682
     765
     741
     655
     723
    1817
    3577
    3745
    1915
     690
     441
     613
     733
     763
     586
     721
    1957
    4297
    4163
    1793
     462
     212
     166
     156
     166
     219
     217
     262
     246
     188
     193
     200
     199
     173
     204
     220
     220
     202
     219
     189
     182
     196
     213
     239
     233
     289
     314
     322
     383
     349
     266
     216
     224
     205
     206
     222
     224
     281
     249
     216
     256
     251
     262
     227
     223
     237
     220
     215
     199
     199
     274
     489
     753
     570
     318
     194
     363
    1065
    1947
    1742
     683
     187
     103
      96
      94
      93
      88
      82
      70
      97
      86
      87
     101
      75
      69
      82
      96
      96
      84
      91
      95
      94
      91
      81
     101
     108
      91
     102
     101
      92
     102
     108
      73
      97
      94
     100
      97
      90
      89
     106
      92
      98
      95
      81
     103
     101
     103
      93
     115
     101
      91
      95
      91
      89
     123
     252
     357
     364
     174
     119
     102
      87
      74
      85
      95
     116
     142
     107
      80
      81
      87
      75
      66
      90
      82
      84
      74
      70
      87
      73
      69
      89
     101
      93
      89
      81
      78
      91
      89
     104
      71
      76
      79
      92
      86
      84
      94
      92
      81
      87
      86
      91
      89
      87
     100
     141
     147
      99
      83
      98
      92
      85
      78
      75
      75
      94
      86
     114
     178
     211
     183
     127
      87
      93
      90
      91
      64
      62
      80
      82
      67
      72
     109
      87
      99
      85
      87
      68
      78
      75
      62
      79
      80
      63
      79
      72
      56
      80
      83
      62
      62
      69
      62
      59
      84
      62
      58
      64
      73
      72
      66
      74
      60
      70
      62
      67
      65
      71
      65
      63
      66
      71
      74
      80
      67
      70
      74
      59
      67
      82
      85
      82
      73
      75
      75
      63
      67
      77
      68
      74
      66
      58
      59
      62
      62
      59
      71
      53
      64
      63
      60
      59
      57
      84
      71
      62
      57
      60
      54
      74
      64
      74
      72
      71
      67
      63
      55
      68
      62
      53
      71
      93
     290
     627
     812
     484
     169
      70
      33
      48
      48
      45
      36
      39
      47
      40
      34
      35
      46
      41
      32
      44
      40
      44
      33
      48
      34
      41
      34
      33
      36
      50
      44
      35
      41
      38
      42
      39
      50
      60
      74
      73
      56
      40
      46
      33
      37
      29
      32
      34
      40
      36
      40
      42
      37
      37
      36
      30
      41
      50
      30
      36
      25
      38
      41
      42
      37
      23
      36
      34
      39
      36
      39
      46
      35
      50
      34
      38
      35
      26
      34
      21
      20
      36
      23
      37
      33
      40
      26
      23
      39
      32
      29
      30
      42
      28
      35
      39
      24
      34
      26
      29
      31
      18
      27
      21
      26
      30
      26
      26
      37
      33
      28
      35
      45
      36
      21
      23
      33
      26
      26
      29
      28
      32
      31
      25
      22
      30
      41
      25
      43
      25
      31
      34
      26
      24
      25
      35
      41
      37
      37
      35
      25
      33
      27
      28
      25
      33
      32
      28
      22
      29
      35
      27
      20
      32
      32
      29
      35
      36
      27
      34
      23
      34
      36
      46
      43
      53
      36
      44
      22
      21
      31
      24
      25
      29
      28
      35
      27
      37
      32
      26
      26
      34
      34
      23
      30
      28
      33
      35
      26
      29
      27
      27
      36
      29
      24
      28
      29
      24
      19
      31
      30
      23
      28
      20
      26
      26
      27
      36
      13
      37
      23
      19
      30
      15
      22
      22
      25
      20
      20
      19
      20
      26
      30
      25
      27
      27
      32
      21
      22
      21
      26
      41
      35
      50
      34
      39
      35
      28
      22
      26
      30
      41
      29
      19
      23
      31
      30
      15
      30
      29
      24
      30
      45
      44
      43
      34
      24
      20
      20
      25
      31
      25
      28
      24
      25
      36
      21
      38
      26
      27
      16
      29
      21
      17
      31
      27
      22
      21
      21
      19
      39
      28
      36
      63
     103
     123
     116
      49
      36
      22
      19
      32
      25
      17
      20
      20
      13
      22
      19
      32
      16
      22
      15
      22
      21
      19
      25
      22
      28
      17
      31
      28
      65
     110
     148
     127
      52
      20
      24
      25
      26
      22
      14
      23
      17
      23
      23
      14
      15
      25
      12
      26
      14
      14
      14
      20
      17
      22
      23
      53
     118
     166
     100
      49
      24
      29
      54
     113
     303
     448
     398
     187
      43
      22
      26
      14
      15
      14
       8
      13
      11
      10
      25
      30
      15
      10
      20
      15
       9
      12
      15
      17
      11
      11
      12
      16
      18
      10
      11
       8
      17
      17
      15
      13
      13
       8
      19
       7
      11
      17
      23
      13
      14
      16
      11
      10
      16
      13
      16
      12
      10
      20
       6
      11
      16
      11
      17
      15
      12
      16
      15
      13
      13
      10
      16
      10
      13
      15
       7
      13
      12
      15
      11
      18
       9
      12
      12
      13
      16
      16
       8
      13
      20
      11
      10
      13
      17
      27
     105
     148
     186
     144
      59
      27
      34
      39
      49
      45
      23
      16
       7
      16
       7
      18
      11
       8
      17
       8
      18
      28
      72
     121
     116
      60
      38
      11
       7
      13
      12
      10
      10
      16
       6
      10
       5
       6
       8
      11
      13
      19
      26
      33
      21
      18
      13
      15
      14
      14
      11
       5
      10
       5
       4
      15
      13
       5
       8
       7
      14
      17
       9
      13
       7
      13
       8
       8
       5
      16
       9
       9
      20
       7
       3
      15
      11
       9
      13
       8
      11
       8
       7
      15
       8
      10
       8
      10
       7
      10
       9
       5
      13
       7
       8
       7
       4
       8
      11
       6
      11
      19
      16
       8
       8
      13
      11
       5
       8
      11
       9
       4
       6
       7
      15
       7
      14
      10
       7
      10
      12
       9
       9
       4
      11
       2
      15
       6
      13
       5
      11
      16
      13
      13
      23
      20
       7
      21
      13
      27
      41
      17
      19
       6
      15
      13
      10
      15
       7
       8
      10
       6
       9
       7
      12
      10
      10
      14
      17
      22
      32
      18
      13
      11
      11
       8
       6
       9
      18
      12
       8
       7
       8
       9
       8
      12
       8
       9
      13
       8
       7
       7
      12
       7
      10
       8
       6
       9
      12
       3
      10
       7
       8
      13
       9
      10
      12
      20
       9
      12
      10
      11
       9
       9
      14
       7
      14
       5
       7
       8
       9
       6
       9
       7
       9
      12
       9
      13
       7
       5
      10
       8
       4
      13
       9
       9
       8
      11
       9
      11
       7
      10
       7
       9
      11
      11
      17
      10
      16
       6
      13
      10
       9
       8
       8
      11
       9
       8
       7
      10
      14
      16
       7
       9
       7
       6
       7
       4
       8
      12
       5
      10
       9
       8
      11
      12
       7
      10
       6
      11
      15
      17
      12
      13
      15
      12
      14
      11
       9
      11
      11
      13
       9
      12
      15
      14
       9
      14
      14
      18
      16
      11
      12
      15
       9
      19
      17
      27
      17
      17
      17
      15
      24
      19
      17
      14
      19
      14
      11
      14
      13
      19
      11
      10
       3
      17
      12
       6
       8
      14
       8
      12
       9
       7
       5
       4
       6
      12
       5
       8
       4
       8
       8
      10
       7
       4
       3
       7
      10
       5
       6
       1
       6
       7
       7
       7
       6
       6
       4
      10
       7
       6
       2
       6
       5
       6
       4
       5
       4
       5
       5
       1
       8
       6
      10
       6
       9
       3
       9
       7
       5
       5
       5
       4
       5
       9
       5
       9
       8
       9
       5
       6
       4
      13
       9
      11
       7
      19
      15
      19
      16
      23
      20
      21
      12
      10
       7
       5
       9
       6
       6
       7
       7
       7
       1
       7
       6
       5
       8
       7
       8
       2
       3
       3
       9
       5
       4
       9
       1
       5
       4
       5
       7
       6
       4
       5
       6
       6
       6
       4
       5
       8
       4
       2
       4
       5
       3
       3
       8
       7
       7
      10
       8
      10
       3
       4
       4
       4
       4
       6
       5
      11
       5
       3
       2
       5
       5
       4
       5
       6
       3
       2
       2
      10
       5
       5
       3
       3
       3
       2
       2
       3
       6
       5
       5
       3
       6
       7
       4
       3
       1
       3
       3
       4
       4
       5
       2
       6
       5
       2
       5
       4
       5
       3
       7
       7
       3
       3
       3
       4
       3
       1
      11
       3
       5
       5
       3
       6
       2
       5
       4
       3
       5
       2
       5
       6
       1
       2
       4
       2
       3
       2
       8
       7
       5
       3
       4
       8
       2
       4
       1
       1
       8
       4
       1
       5
       5
       6
       4
       2
       0
       0
       3
       6
       6
       2
       7
       4
       5
       4
       2
       3
       7
       7
       5
       3
       5
       3
       5
       3
       4
       7
       6
       3
       3
       4
       5
       2
       3
       1
       3
       2
       4
       3
       3
       1
       5
       2
       4
       0
       5
       3
       2
       4
       6
       6
       3
       4
       3
      10
       3
       1
       3
       1
       2
       2
       7
       3
       4
       8
       4
       5
       4
       6
       4
       7
       8
       4
       8
       3
       4
       3
       2
       3
       4
       2
       2
       2
       2
       5
       4
       2
       5
       5
       4
       4
       6
       4
       8
       6
       3
       7
       3
       6
       6
       5
       3
       5
       4
       7
       5
       1
       5
       5
       2
       4
       3
       3
       0
       2
       3
       3
       4
       2
       1
       4
       4
       5
       7
       7
       3
       6
       4
       4
       4
       1
       1
       3
       5
       7
       1
       3
       2
       3
       3
       6
       5
       4
       4
       4
       4
       4
      11
      14
      27
      37
      40
      21
       4
       2
       4
       3
       1
       2
       1
       2
       7
       2
       4
       1
       5
       4
       5
       3
       2
       6
       2
       2
       2
       1
       4
       2
       3
       2
       2
       3
       5
       0
       3
       0
       2
       4
       5
       0
       4
       2
       2
       1
       3
       4
       2
       5
       3
       2
       3
       2
       4
       4
       4
       1
       2
       1
       3
       6
       3
       8
      10
       6
       4
       3
       4
       5
       4
       6
       2
       1
       1
       2
       4
       1
       3
       2
       1
       4
       0
       2
       1
       1
       3
       4
       5
       2
       3
       2
       5
       7
      15
      26
      20
       8
       9
       4
       1
       1
       1
       3
       2
       3
       6
       4
       0
       3
       1
       2
       2
       2
       1
       3
       4
       3
      27
      64
     111
     189
     189
     141
      49
      20
       4
       1
       1
       2
       0
       4
       2
       1
       0
       1
       1
       3
       0
       1
       1
       3
       1
       3
       3
       0
       0
       3
       3
       0
       1
       2
       4
       1
       1
       2
       1
       0
       1
       2
       0
       1
       0
       1
       1
       2
       0
       1
       3
       1
       3
       1
       2
       0
       2
       1
       1
       1
       0
       1
       2
       1
       2
       0
       3
       3
       2
       1
       3
       1
       1
       8
      18
      20
      18
      13
       5
       0
       1
       0
       2
       3
       3
       4
       3
       3
       2
       2
       2
       3
       2
       4
       0
       5
       6
       7
       1
       1
       4
       3
       3
       0
       3
       1
       3
       0
       2
       2
       4
       0
       2
       2
       1
       4
       2
       1
       3
       1
       2
       3
       2
       1
       3
       2
       1
       3
       1
       2
       2
       6
       6
       3
       1
       1
       3
       0
       3
       1
       1
       2
       0
       3
       0
       1
       1
       1
       3
       2
       2
       2
       0
       0
       1
       2
       2
       0
       1
       0
       0
       5
      10
      20
      49
      75
     105
      96
      58
      20
      15
       6
       1
       3
       3
       2
       0
       0
       0
       1
       0
       0
       2
       2
       0
       2
       2
       1
       0
       1
       3
       0
       0
       1
       1
       0
       0
       3
       3
       2
       0
       0
       2
       1
       2
       2
       9
       4
       5
       2
       2
       0
       1
       0
       1
       1
       1
       2
       0
       1
       2
       0
       2
       1
       1
       0
       1
       0
       3
       0
       3
       0
       1
       0
       0
       1
       0
       2
       0
       0
       0
       2
       0
       1
       1
       0
       3
       0
       2
       0
       0
       0
       2
       0
       1
       1
       2
       3
       6
       6
       5
       1
       0
       1
       0
       2
       2
       2
       2
       1
       0
       0
       3
       1
       1
       2
       1
       0
       0
       1
       2
       0
       1
       2
       0
       1
       2
       1
       6
       1
       2
       6
       2
       1
       1
       0
       3
       3
       5
       3
       3
       2
       2
       1
       1
       0
       1
       1
       0
       3
       1
       1
       2
       3
       1
       0
       1
       1
       1
       1
       0
       1
       2
       4
       1
       0
       1
       1
       0
       1
       1
       1
       0
       2
       0
       1
       2
       1
       1
       2
       0
       0
       1
       0
       1
       2
       1
       1
       1
       0
       0
       2
       1
       1
       1
       0
       2
       0
       2
       3
       1
       2
       3
       2
       2
       0
       1
       0
       2
       1
       3
       2
       0
       1
       0
       0
       0
       0
       2
       0
       0
       2
       1
       3
       0
       2
       0
       2
       1
       1
       1
       1
       2
       1
       0
       1
       1
       0
       0
       1
       2
       0
       0
       0
       0
       0
       0
       2
       1
       1
       1
       1
       2
       0
       2
       1
       1
       1
       1
       0
       0
       0
       0
       0
       0
       0
       3
       3
       3
       0
       1
       4
       0
       2
       0
       1
       1
       1
       1
       1
       1
       0
       1
       1
       1
       0
       0
       1
       1
       1
       1
       0
       1
       1
       0
       0
       0
       2
       3
       1
       0
       0
       1
       0
       1
       1
       1
       0
       1
       2
       0
       1
       2
       1
       1
       1
       0
       2
       3
       1
       1
       3
       1
       0
       0
       1
       1
       0
       1
       5
       1
       0
       1
       1
       2
       1
       1
       0
       0
       1
       2
       1
       5
       1
       2
       1
       0
       1
       1
       0
       1
       0
       2
       0
       1
       0
       1
       0
       1
       2
       1
       0
       0
       2
       0
       1
       2
       0
       1
       1
       0
       2
       2
       1
       0
       0
       1
       1
       0
       4
       1
       2
       0
       1
       0
       1
       1
       1
       1
       0
       1
       1
       1
       2
       2
       4
       1
       1
       0
       0
       1
       0
       0
       1
       1
       0
       0
       1
       0
       0
       2
       2
       1
       0
       0
       0
       4
       2
       2
       0
       4
       2
       1
       1
       2
       0
       1
       1
       0
       1
       0
       0
       0
       1
       0
       1
       0
       1
       1
       1
       1
       0
       4
       3
       1
       1
       0
       0
       0
       1
       0
       1
       1
       1
       1
       3
       0
       0
       0
       1
       1
       0
       0
       0
       2
       0
       0
       1
       1
       0
       0
       0
       0
       2
       1
       0
       0
       0
       1
       1
       1
       1
       1
       0
       0
       0
       1
       1
       1
       1
       2
       0
       2
       0
       0
       0
       0
       3
       1
       0
       2
       0
       2
       0
       1
       0
       0
       0
       1
       0
       0
       2
       0
       0
       2
       1
       2
       0
       0
       1
       1
       0
       0
       1
       3
       0
       1
       1
       0
       0
       2
       0
       1
       1
       0
       0
       0
       0
       1
       0
       1
       1
       0
       0
       1
       1
       0
       2
       1
       2
       0
       0
       1
       0
       1
       0
       1
       0
       1
       0
       2
       0
       1
       0
       0
       0
       0
       2
       0
       0
       1
       1
       3
       1
       0
       0
       1
       1
       0
       1
       1
       0
       1
       2
       1
       0
       4
       1
       0
       0
       0
       0
       0
       1
       0
       0
       1
       1
       0
       1
       0
       0
       0
       1
       0
       3
       0
       3
       1
       0
       0
       2
       1
       2
       2
       1
       0
       1
       0
       1
       1
       1
       0
       2
       1
       0
       1
       1
       0
       1
       1
       0
       0
       2
       1
       2
       2
       1
       2
       1
       2
       0
       0
       1
       1
       1
       0
       1
       0
       0
       1
       1
       4
       0
       3
       0
       2
       1
       0
       0
       0
       1
       0
       0
       0
       1
       0
       0
       1
       1
       0
       0
       0
       0
       0
       2
       0
       0
       1
       1
       1
       0
       0
       1
       0
       0
       0
       0
       0
       1
       0
       0
       2
       1
       0
       0
       0
       1
       0
       0
       0
       0
       1
       1
       0
       1
       0
       0
       0
       0
       1
       1
       2
       0
       0
       2
       1
       0
       0
       0
       0
       1
       0
       1
       1
       0
       1
       0
       0
       0
       1
       2
       2
       0
       0
       0
       0
       0
       0
       1
       1
       0
       0
       0
       0
       1
       0
       0
       0
       0
       0
       1
       0
       1
       0
       1
       0
       0
       1
       0
       0
       0
       1
       3
       1
       0
       1
       0
       0
       1
       1
       0
       1
       0
       2
       1
       1
       1
       0
       2
       0
       0
       0
       0
       1
       0
       0
       0
       0
       0
       1
       0
       2
       0
       1
       0
       1
       0
       2
       2
       2
       0
       0
       1
       1
       1
       1
       0
       1
       0
       0
       0
       0
       2
       1
       0
       0
       1
       2
       0
       0
       1
       1
       1
       0
       2
       2
       2
       1
       1
       2
       0
       0
       2
       2
       0
       1
       1
       0
       0
       0
       1
       0
       0
       0
       0
       1
       1
       0
       1
       1
       1
       0
       1
       0
       0
       1
       1
       0
       1
       2
       1
       0
       0
       1
       0
       0
       1
       3
       0
       2
       0
       1
       1
       0
       0
       0
       1
       1
       0
       0
       2
       2
       1
       2
       0
       1
       0
       0
       0
       0
       0
       0
       1
       1
       1
       1
       3
       0
       1
       0
       1
       1
       1
       1
       1
       1
       0
       0
       2
       0
       0
       0
       0
       0
       0
       2
       0
       0
       1
       0
       0
       0
       1
       0
       0
       1
       1
       0
       0
       0
       0
       0
       0
       0
       0
       0
       0
       1
       1
       0
       0
       1
       0
       0
       0
       1
       0
       0
       0
       1
       0
       0
       3
       1
       1
       1
       1
       1
       1
       0
       0
       0
       0
       0
       0
       0
       0
       2
       0
       0
       0
       0
       2
       0
       0
       0
       0
       2
       0
       1
       1
       1
       1
       0
       1
       0
       0
       0
       1
       1
       0
       0
       1
       0
       1
       0
       0
       1
       1
       1
       0
       0
       2
       0
       3
       0
       0
       1
       0
       1
       1
       0
       0
       0
       1
       1
       0
       0
       0
       0
       0
       0
       1
       0
       1
       0
       0
       0
       1
       1
       0
       1
       0
       0
       2
       1
       0
       1
       2
       0
       0
       1
       1
       1
       0
       2
       2
       1
       1
       0
       0
       2
       4
       0
       0
       1
       0
       0
       1
       2
       2
       0
       2
       0
       1
       0
       0
       0
       0
       1
       1
       0
       1
       0
       0
       0
       1
       0
       4
       0
       1
       0
       0
       0
       0
       1
       1
       1
       1
       1
       0
       3
       1
       0
       1
       4
       0
       0
       0
       1
       1
       0
       1
       0
       0
       0
       0
       0
       2
       1
       4
       1
       1
       1
       2
       1
       0
       2
       3
       3
       0
       1
       1
       2
       1
       1
       0
       0
       1
       1
       0
       1
       0
       0
       0
       0
       0
       0
       1
       0
       0
       2
       0
       2
       2
       0
       0
       0
       0
       0
       1
       0
       1
       1
       0
       0
       1
       0
       0
       1
       1
       0
       0
       0
       0
       2
       1
       1
       0
       2
       0
       0
       0
       1
       0
       0
       0
       1
       1
       0
       0
       1
       0
       0
       1
       1
       1
       1
       0
       0
       1
       1
       0
       1
       0
       1
       0
       0
       0
       0
       1
       0
       0
       3
       0
       0
       0
       0
       2
       0
       0
       0
       1
       0
       0
       0
       0
       1
       2
       0
       0
       0
       1
       0
       0
       0
       0
       0
       0
       0
       0
       0
       0
       0
       1
       1
       0
       0
       0
       0
       0
       1
       0
       0
       1
       1
       1
       0
       0
       1
       0
       1
       0
       0
       0
       1
       0
       1
       0
       1
       0
       0
       0
       0
       0
       0
       0
       0
       0
       1
       0
       1
       0
       1
       1
       3
       0
       0
       0
       2
       0
       2
       1
       1
       2
       1
       0
       0
       3
       0
       2
       0
       2
       0
       0
       2
       3
       0
       0
       1
       0
       0
       1
       1
       0
       3
       0
       1
       1
       0
       1
       0
       1
       0
       0
       0
       0
       1
       1
       0
       0
       3
       0
       0
       1
       0
       1
       0
       1
       0
       1
       3
       0
       0
       1
       1
       1
       0
       0
       1
       1
       0
       0
       1
       0
       0
       0
       0
       1
       1
       0
       1
       0
       1
       1
       0
       1
       0
       0
       1
       0
       0
       0
       1
       0
       0
       1
       2
       1
       0
       1
       0
       0
       0
       0
       3
       1
       1
       0
       0
       0
       1
       1
       1
       0
       0
       1
       0
       0
       0
       1
       1
       0
       0
       0
       0
       0
       0
       1
       0
       1
       1
       0
       2
       1
       0
       0
       0
       2
       0
       0
       2
       1
       0
       0
       0
       0
       1
       1
       1
       1
       0
       1
       1
       1
       2
       1
       1
       0
       0
       1
       0
       0
       0
       0
       1
       1
       0
       0
       0
       0
       0
       0
       0
       1
       0
       0
       0
       0
       1
       2
       1
       0
       0
       0
       0
       1
       0
       0
       1
       1
       0
       0
       2
       1
       0
       1
       0
       0
       1
       0
       0
       1
       1
       0
       1
       0
       1
       2
       0
       1
       2
       0
       0
       1
       1
       0
       0
       0
       1
       2
       2
       1
       2
       0
       0
       0
       1
       0
       1
       0
       2
       0
       0
       0
       0
       0
       0
       1
       1
       2
       2
       1
       2
       2
       1
       1
       0
       1
       0
       1
       1
       0
       0
       1
       0
       0
       0
       2
       0
       1
       0
       1
       1
       1
       1
       0
       0
       0
       1
       0
       0
       0
       1
       0
       0
       1
       0
       0
       0
       1
       1
       2
       1
       1
       0
       1
       0
       1
       2
       0
       0
       0
       0
       1
       0
       3
       0
       0
       1
       1
       1
       0
       1
       0
       0
       0
       2
       2
       1
       0
       0
       1
       1
       0
       0
       0
       1
       0
       0
       0
       1
       0
       1
       0
       3
       1
       0
       0
       0
       0
       0
       1
       0
       0
       1
       0
       2
       0
       0
       0
       0
       0
       0
       1
       0
       0
       1
       0
       0
       1
       0
       1
       0
       1
       0
       0
       1
       0
       0
       0
       0
       0
       3
       0
       1
       0
       0
       1
       1
       1
       0
       0
       1
       1
       0
       0
       0
       2
       0
       0
       0
       0
       1
       0
       1
       0
       1
       2
       0
       0
       0
       0
       1
       0
       0
       1
       0
       0
       0
       1
       1
       0
       0
       1
       0
       0
       0
       0
       0
       1
       2
       1
       0
       0
       0
       1
       3
       0
       1
       0
       1
       0
       0
       0
       0
       1
       1
       1
       1
       0
       1
       0
       0
       0
       1
       3
       0
       0
       1
       1
       0
       0
       0
       0
       1
       0
       0
       0
       0
       0
       1
       0
       0
       0
       1
       0
       0
       1
       0
       1
       0
       0
       0
       0
       0
       0
       0
       0
       0
       1
       1
       1
       0
       0
       0
       0
       0
       0
       1
       1
       1
       0
       1
       3
       0
       0
       1
       0
       1
       0
       0
       1
       0
       0
       0
       0
       0
       1
       0
       1
       0
       1
       0
       0
       0
       0
       0
       0
       0
       2
       0
       0
       0
       0
       0
       0
       0
       1
       1
       0
       0
       0
       0
       0
       1
       0
       0
       2
       1
       0
       0
       0
       0
       0
       2
       0
       2
       0
       0
       0
       0
       2
       0
       0
       0
       1
       0
       0
       0
       0
       0
       1
       0
       0
       1
       0
       1
       0
       0
       0
       0
       0
       0
       1
       0
       0
       1
       0
       0
       0
       0
       0
       0
       0
       1
       2
       0
       0
       2
       0
       1
       0
       0
       0
       1
       0
       1
       1
       1
       1
       0
       0
       0
       0
       1
       0
       0
       2
       0
       0
       0
       0
       0
       1
       0
       0
       0
       0
       0
       0
       0
       1
       0
       0
       0
       0
       0
       0
       1
       1
       0
       1
       2
       1
       0
       1
       0
       0
       0
       0
       0
       1
       0
       2
       0
       1
       0
       1
       0
       0
       0
       0
       0
       0
       1
       0
       0
       0
       0
       1
       0
       0
       0
       0
       0
       1
       0
       0
       0
       0
       0
       0
       1
       0
       1
       1
       0
       0
       1
       0
       0
       0
       0
       0
       0
       2
       0
       0
       2
       0
       0
       0
       0
       0
       0
       0
       1
       0
       2
       1
       2
       0
       0
       0
       1
       0
       0
       0
       2
       1
       1
       0
       0
       0
       1
       1
       0
       1
       1
       0
       0
       0
       0
       0
       0
       1
       0
       1
       0
       1
       0
       0
       0
       0
       0
       0
       0
       0
       1
       0
       0
       0
       0
       0
       0
       1
       2
       0
       0
       0
       2
       2
       0
       0
       0
       1
       0
       0
       1
       1
       2
       1
       0
       0
       0
       0
       0
       0
       1
       1
       0
       0
       0
       0
       0
       0
       0
       0
       1
       1
       2
       0
       2
       1
       0
       0
       0
       0
       1
       0
       0
       0
       1
       0
       0
       0
       0
       0
       0
       0
       0
       0
       0
       0
       1
       0
       0
       0
       0
       0
       0
       1
       0
       1
       1
       0
       0
       0
       0
       0
       1
       0
       0
       0
       2
       1
       0
       0
       0
       0
       0
       0
       1
       1
       0
       0
       0
       2
       0
       0
       0
       0
       0
       0
       0
       1
       0
       0
       0
       1
       1
       0
       1
       0
       1
       0
       0
       0
       0
       0
       0
       1
       0
       0
       0
       0
       0
       0
       0
       1
       1
       0
       0
       2
       2
       1
       0
       0
       1
       0
       0
       0
       0
       0
       0
       1
       1
       0
       0
       1
       0
       1
       0
       0
       0
       1
       0
       0
       0
       0
       1
       0
       0
       0
       0
       0
       0
       0
       0
       0
       0
       1
       1
       0
       0
       0
       1
       0
       2
       1
       0
       0
       0
       0
       0
       1
       0
       0
       0
       0
       0
       0
       1
       0
       2
       1
       1
       0
       0
       0
       0
       0
       0
       0
       0
       0
       1
       0
       0
       0
       0
       0
       1
       0
       0
       0
       1
       0
       0
       0
       0
       0
       0
       0
       0
       0
       0
       0
       1
       0
       0
       0
       0
       0
       2
       0
       1
       0
       0
       0
       0
       0
       0
       0
       0
       0
       0
       0
       0
       0
       0
       0
       1
       0
       1
       0
       0
       1
       0
       2
       1
       1
       0
       0
       0
       0
       0
       1
       0
       0
       2
       1
       0
       0
       0
       0
       0
       1
       0
       0
       0
       0
       0
       0
       0
       0
       1
       1
       0
       1
       1
       0
       0
       0
       0
       1
       0
       0
       2
       0
       0
       0
       0
       2
       0
       0
       0
       0
       1
       0
       2
       0
       0
       0
       0
       0
       0
       1
       0
       0
       0
       1
       0
       0
       0
       0
       1
       0
       1
       0
       0
       0
       0
       1
       0
       0
       1
       0
       0
       0
       1
       0
       0
       0
       1
       0
       1
       1
       0
       0
       0
       0
       0
       0
       0
       0
       0
       0
       1
       0
       0
       0
       1
       0
       0
       0
       0
       0
       1
       1
       0
       0
       0
       1
       0
       0
       1
       0
       2
       0
       1
       1
       0
       0
       1
       0
       0
       0
       1
       0
       0
       1
       1
       0
       1
       0
       0
       1
       0
       0
       0
       1
       0
       1
       0
       0
       0
       0
       0
       0
       0
       1
       0
       0
       0
       1
       0
       0
       0
       0
       0
       0
       1
       1
       0
       0
       0
       0
       0
       1
       0
       0
       1
       0
       0
       0
       1
       0
       0
       0
       0
       0
       0
       0
       0
       2
       0
       0
       0
       0
       0
       1
       0
       0
       0
       0
       0
       0
       0
       2
       0
       2
       1
       0
       0
       1
       1
       0
       0
       1
       0
       0
       0
       0
       0
       0
       0
       0
       0
       0
       1
       0
       0
       1
       0
       0
       1
       2
       1
       0
       0
       0
       1
       0
       0
       0
       0
       1
       2
       1
       0
       0
       0
       0
       0
       0
       0
       0
       0
       1
       0
       1
       0
       0
       0
       1
       0
       0
       0
       0
       0
       0
       0
       0
       0
       1
       0
       0
       0
       0
       0
       0
       0
       1
       0
       1
       0
       1
       0
       0
       0
       0
       0
       0
       0
       1
       0
       0
       0
       0
       0
       1
       0
       0
       0
       0
       0
       0
       0
       0
       0
       0
       0
       0
       0
       0
       1
       0
       0
       1
       2
       0
       0
       0
       2
       0
       1
       0
       0
       0
       0
       0
       1
       1
       1
       0
       0
       0
       0
       0
       0
       1
       1
       1
       0
       0
       0
       2
       1
       0
       1
       1
       0
       0
       0
       0
       1
       0
       0
       0
       0
       0
       0
       0
       0
       0
       1
       0
       1
       0
       0
       0
       0
       0
       0
       0
       1
       0
       0
       0
       1
       1
       0
       0
       0
       1
       0
       0
       0
       0
       0
       0
       0
       0
       0
       0
       0
       0
       2
       0
       0
       0
       0
       0
       0
       0
       0
       0
       0
       0
       0
       0
       0
       0
       0
       0
       0
       1
       0
       0
       1
       0
       0
       0
       0
       0
       0
       0
       0
       0
       2
       0
       0
       0
       1
       1
       0
       0
       0
       0
       1
       0
       0
       0
       0
       0
       0
       0
       2
       0
       0
       0
       0
       0
       1
       0
       0
       0
       0
       0
       0
       0
       1
       0
       0
       1
       0
       0
       0
       0
       0
       0
       0
       1
       0
       1
       0
       0
       0
       0
       0
       0
       0
       0
       0
       0
       0
       0
       0
       0
       0
       0
       0
       0
       0
       0
       3
       0
       0
       1
       0
       0
       0
       0
       0
       1
       1
       0
       0
       0
       1
       2
       1
       0
       1
       0
       0
       0
       0
       0
       0
       1
       0
       0
       0
       0
       0
       0
       0
       0
       0
       1
       0
       1
       1
       0
       0
       0
       2
       0
       2
       1
       1
       0
       0
       0
       0
       0
       1
       0
       0
       1
       0
       0
       0
       1
       0
       0
       0
       0
       0
       0
       0
       1
       0
       0
       0
       1
       0
       0
       0
       0
       0
       1
       0
       0
       0
       1
       0
       0
       0
       0
       0
       0
       0
       0
       1
       0
       0
       1
       0
       0
       0
       0
       0
       0
       0
       0
       1
       1
       0
       2
       0
       0
       0
       0
       0
       0
       0
       0
       0
       0
       0
       0
       0
       1
       0
       0
       0
       0
       0
       1
       0
       1
       0
       0
       0
       0
       0
       1
       0
       0
       0
       1
       0
       0
       0
       1
       0
       0
       2
       0
       0
       0
       0
       0
       0
       0
       0
       0
       1
       0
       0
       0
       0
       0
       0
       0
       1
       0
       0
       0
       0
       0
       0
       0
       0
       0
       0
       0
       0
       0
       0
       0
       0
       0
       1
       0
       1
       0
       0
       0
       0
       0
       0
       0
       0
       0
       0
       0
       0
       0
       0
       0
       1
       1
       0
       1
       0
       0
       1
       2
       0
       0
       0
       0
       0
       0
       0
       0
       0
       1
       2
       0
       3
       1
       3
       2
       3
       7
       5
       5
       4
       0
       4
       1
       0
       0
       1
       0
       0
       1
       0
       3
       0
       2
       0
       1
       2
       0
       0
       0
       0
       0
       1
       1
       1
       0
       0
       0
       0
       0
       1
       0
       0
       1
       0
       1
       0
       0
       0
       0
       1
       0
       0
       0
       0
       0
       1
       2
       1
       0
       0
       0
       0
       2
       0
       0
       0
       0
       1
       0
       0
       2
       0
       0
       1
       0
       0
       0
       0
       0
       1
       0
       0
       0
       1
       0
       0
       1
       0
       0
       1
       0
       0
       0
       0
       0
       0
       0
       0
       0
       0
       1
       0
       0
       0
       0
       0
       0
       0
       0
       0
       0
       0
       0
       0
       0
       0
       0
       0
       1
       0
       0
       0
       1
       0
       0
       0
       0
       0
       0
       0
       0
       0
       0
       0
       0
       1
       0
       1
       0
       0
       0
       0
       0
       0
       0
       0
       0
       0
       0
       0
       0
       0
       0
       0
       0
       0
       0
       0
       0
       0
       0
       0
       1
       0
       0
       0
       0
       0
       0
       0
       0
       0
       1
       0
       0
       0
       0
       1
       0
       0
       0
       0
       1
       1
       0
       1
       0
       0
       0
       0
       0
       0
       0
       0
       0
       0
       0
       0
       0
       0
       0
       0
       0
       0
       0
       0
       0
       0
       0
       0
       0
       0
       0
       0
       0
       0
       0
       0
       0
       0
       0
       0
       0
       1
       0
       0
       0
       0
       0
       0
       0
       0
       0
       0
       0
       0
       0
       0
       0
       0
       0
       0
       0
       0
       0
       0
       0
       0
       0
       0
       0
       1
       0
       0
       0
       0
       0
       1
       0
       0
       0
       0
       0
       0
       0
       0
       0
       1
       0
       0
       1
       0
       0
       0
       0
       0
       0
       0
       0
       0
       0
       0
       0
       0
       0
       0
       0
       0
       0
       1
       0
       0
       0
       0
       0
       0
       0
       1
       0
       0
       0
       0
       0
       0
       0
       0
       0
       1
       2
       0
       1
       0
       0
       0
       1
       0
       0
       0
       1
       0
       1
       0
       0
       1
       0
       0
       0
       0
       0
       0
       1
       0
       0
       0
       0
       1
       0
       0
       0
       0
       0
       1
       1
       0
       0
       0
       0
       0
       0
       0
       0
       0
       1
       0
       0
       0
       1
       0
       0
       0
       0
       1
       0
       0
       0
       0
       0
       0
       0
       0
       0
       0
       0
       0
       0
       1
       0
       0
       0
       0
       0
       1
       0
       0
       0
       0
       0
       0
       0
       0
       0
       0
       0
       0
       0
       1
       0
       0
       0
       0
       0
       0
       1
       0
       0
       0
       0
       0
       0
       1
       0
       0
       0
       0
       0
       0
       0
       0
       0
       0
       2
       1
       0
       0
       0
       0
       0
       0
       0
       0
       0
       0
       0
       0
       0
       0
       0
       0
       0
       0
       0
       0
       0
       0
       0
       0
       0
       0
       0
       0
       0
       0
       0
       0
       1
       0
       0
       1
       0
       0
       0
       0
       1
       1
       0
       0
       0
       0
       0
       0
       0
       0
       0
       0
       0
       0
       0
       0
       0
       0
       0
       0
       0
       1
       0
       0
       1
       0
       0
       1
       0
       0
       1
       0
       0
       0
       0
       0
       1
       0
       0
       0
       0
       0
       0
       0
       0
       0
       0
       0
       0
       1
       0
       0
       0
       0
       0
       1
       0
       0
       0
       0
       0
       0
       0
       0
       0
       0
       0
       0
       0
       0
       0
       0
       0
       0
       0
       0
       0
       0
       0
       1
       0
       0
       0
       1
       0
       0
       0
       0
       0
       1
       1
       0
       1
       0
       1
       0
       0
       0
       0
       0
       0
       0
       0
       0
       0
       0
       0
       0
       0
       0
       0
       0
       0
       0
       0
       1
       1
       1
       0
       0
       0
       0
       0
       0
       0
       0
       0
       0
       0
       0
       1
       0
       0
       1
       0
       0
       0
       0
       0
       0
       1
       0
       1
       0
       0
       0
       0
       0
       0
       0
       0
       0
       0
       0
       0
       0
       0
       0
       0
       0
       0
       0
       0
       0
       0
       1
       0
       0
       0
       0
       0
       0
       0
       0
       0
       0
       0
       0
       0
       2
       0
       0
       0
       0
       1
       0
       1
       0
       0
       0
       0
       0
       0
       0
       0
       1
       0
       1
       0
       0
       0
       0
       0
       1
       0
       1
       0
       0
       0
       0
       1
       0
       0
       1
       0
       1
       0
       0
       0
       2
       0
       0
       0
       0
       0
       0
       0
       0
       0
       0
       0
       1
       0
       0
       0
       0
       0
       0
       0
       0
       0
       0
       0
       0
       0
       0
       0
       1
       0
       0
       0
       0
       0
       2
       0
       0
       0
       0
       0
       0
       0
       0
       2
       0
       0
       2
       1
       1
       0
       0
       0
       0
       0
       0
       0
       0
       0
       0
       0
       0
       0
       0
       0
       0
       0
       0
       0
       0
       1
       0
       0
       0
       0
       0
       0
       0
       0
       0
       0
       0
       1
       0
       0
       0
       0
       0
       0
       0
       0
       0
       0
       1
       0
       1
       0
       0
       0
       1
       1
       0
       0
       0
       0
       0
       0
       1
       0
       0
       0
       0
       0
       0
       1
       0
       1
       1
       0
       0
       0
       1
       0
       0
       0
       0
       0
       1
       0
       0
       0
       0
       0
       0
       0
       0
       1
       2
       0
       0
       0
       1
       1
       1
       1
       0
       0
       0
       0
       0
       0
       0
       0
       1
       0
       0
       1
       0
       0
       0
       0
       0
       0
       0
       0
       0
       0
       0
       0
       0
       0
       0
       0
       0
       0
       0
       0
       0
       0
       0
       1
       0
       1
       0
       0
       0
       0
       0
       0
       0
       0
       0
       0
       1
       0
       0
       0
       0
       0
       0
       0
       0
       0
       1
       1
       0
       1
       1
       0
       0
       0
       0
       0
       1
       0
       0
       0
       0
       0
       0
       0
       0
       0
       0
       1
       0
       0
       0
       0
       0
       0
       0
       1
       1
       0
       0
       0
       0
       0
       0
       0
       0
       0
       0
       0
       1
       0
       0
       0
       0
       1
       0
       0
       0
       0
       0
       0
       0
       1
       1
       0
       1
       0
       0
       0
       0
       0
       0
       0
       0
       0
       1
       0
       0
       0
       1
       0
       0
       0
       0
       0
       1
       1
       0
       0
       0
       1
       0
       0
       0
       1
       0
       0
       0
       0
       0
       0
       0
       0
       0
       0
       0
       0
       0
       0
       0
       0
       0
       0
       0
       0
       0
       0
       0
       0
       0
       0
       0
       0
       1
       2
       0
       1
       0
       0
       1
       0
       0
       0
       0
       0
       0
       0
       0
       0
       0
       0
       0
       0
       1
       0
       0
       0
       0
       0
       0
       0
       0
       0
       1
       0
       0
       0
       0
       1
       0
       1
       0
       0
       0
       0
       0
       0
       0
       0
       0
       0
       0
       0
       0
       0
       0
       0
       0
       0
       0
       0
       1
       0
       0
       0
       0
       1
       0
       0
       0
       0
       0
       0
       0
       0
       0
       0
       0
       1
       1
       0
       0
       0
       0
       0
       0
       0
       0
       1
       0
       1
       0
       0
       0
       1
       1
       2
       0
       0
       0
       0
       0
       1
       0
       0
       0
       0
       0
       1
       0
       0
       0
       0
       0
       0
       0
       0
       1
       0
       0
       0
       0
       0
       0
       0
       0
       0
       0
       1
       1
       0
       0
       0
       1
       0
       1
       0
       0
       0
       0
       0
       0
       0
       0
       0
       0
       0
       0
       0
       0
       0
       0
       0
       0
       0
       0
       0
       0
       0
       0
       1
       0
       0
       0
       0
       0
       0
       0
       0
       0
       0
       1
       0
       0
       0
       0
       0
       0
       0
       0
       0
       0
       0
       0
       0
       0
       1
       0
       0
       0
       0
       0
       0
       0
       0
       0
       1
       0
       0
       1
       0
       0
       0
       0
       0
       0
       0
       1
       0
       0
       1
       0
       0
       1
       0
       1
       0
       0
       0
       0
       1
       0
       0
       0
       0
       0
       0
       0
       0
       0
       0
       0
       0
       0
       0
       0
       0
       0
       0
       0
       1
       0
       0
       0
       0
       0
       0
       1
       0
       0
       1
       0
       0
       0
       0
       0
       0
       1
       1
       1
       0
       0
       0
       0
       0
       0
       0
       0
       0
       1
       0
       0
       0
       0
       0
       0
       0
       1
       0
       0
       0
       0
       0
       1
       0
       0
       0
       0
       0
       0
       0
       1
       0
       0
       0
       0
       0
       0
       1
       0
       0
       1
       0
       0
       0
       0
       0
       0
       0
       0
       0
       0
       0
       0
       0
       0
       0
       0
       0
       0
       0
       0
       1
       0
       0
       1
       0
       0
       0
       0
       0
       0
       0
       0
       0
       0
       0
       0
       0
       0
       0
       1
       0
       0
       1
       0
       0
       0
       0
       0
       1
       0
       0
       0
       0
       0
       0
       1
       1
       1
       0
       0
       0
       0
       0
       0
       0
       0
       0
       0
       0
       0
       0
       0
       0
       1
       0
       0
       0
       0
       0
       0
       0
       1
       0
       0
       0
       0
       0
       0
       0
       0
       0
       0
       0
       1
       0
       1
       0
       0
       1
       0
       0
       0
       1
       0
       0
       0
       0
       0
       0
       0
       0
       0
       1
       0
       0
       0
       0
       0
       0
       0
       0
       0
       0
       0
       0
       0
       1
       0
       0
       0
       0
       0
       0
       0
       0
       0
       0
       0
       0
       0
       0
       1
       0
       1
       0
       0
       0
       0
       0
       0
       0
       0
       0
       0
       0
       0
       0
       0
       0
       0
       0
       0
       0
       0
       0
       0
       0
       0
       0
       0
       0
       0
       0
       0
       0
       0
       0
       0
       0
       0
       0
       1
       0
       0
       0
       0
       0
       0
       0
       1
       0
       0
       0
       0
       0
       0
       0
       3
       1
       0
       0
       0
       2
       0
       1
       0
       0
       0
       0
       0
       2
       0
       0
       0
       0
       0
       0
       0
       0
       0
       0
       0
       0
       0
       0
       0
       0
       0
       0
       1
       0
       0
       0
       0
       0
       0
       1
       0
       0
       1
       0
       0
       0
       0
       0
       1
       1
       0
       0
       1
       1
       0
       0
       0
       0
       0
       0
       0
       0
       0
       0
       0
       0
       0
       0
       0
       0
       0
       0
       0
       0
       0
       0
       0
       0
       0
       0
       0
       1
       0
       1
       0
       0
       0
       0
       0
       0
       0
       0
       0
       0
       0
       0
       0
       0
       0
       0
       0
       0
       0
       0
       0
       0
       0
       0
       0
       0
       0
       1
       0
       0
       1
       0
       0
       0
       0
       0
       0
       0
       1
       0
       0
       0
       0
       0
       0
       0
       1
       0
       0
       0
       0
       0
       0
       0
       0
       0
       1
       0
       0
       0
       0
       0
       0
       0
       0
       0
       1
       1
       0
       0
       0
       0
       0
       0
       1
       0
       0
       0
       0
       0
       0
       0
       0
       0
       0
       0
       0
       0
       0
       0
       0
       0
       0
       0
       0
       0
       0
       0
       0
       0
       0
       0
       0
       1
       0
       0
       0
       0
       0
       0
       0
       0
       0
       0
       0
       0
       1
       0
       0
       0
       0
       0
       0
       0
       0
       0
       0
       0
       0
       0
       0
       0
       0
       0
       0
       2
       0
       0
       0
       0
       0
       0
       0
       0
       0
       0
       0
       0
       0
       0
       0
       0
       0
       0
       0
       0
       0
       0
       0
       0
       0
       0
       0
       0
       0
       0
       0
       1
       0
       0
       1
       1
       0
       0
       0
       0
       0
       0
       0
       0
       0
       0
       1
       0
       0
       1
       0
       0
       0
       0
       0
       0
       0
       0
       0
       0
       0
       0
       1
       0
       0
       0
       0
       0
       0
       0
       0
       0
       0
       0
       0
       0
       0
       0
       0
       0
       0
       0
       0
       0
       0
       0
       0
       0
       0
       0
       0
       0
       0
       0
       0
       0
       0
       0
       0
       0
       0
       0
       0
       0
       0
       0
       1
       0
       0
       0
       0
       0
       0
       0
       1
       0
       0
       0
       0
       0
       0
       0
       0
       0
       1
       0
       0
       1
       0
       0
       1
       0
       0
       0
       0
       0
       0
       0
       0
       0
       0
       1
       1
       0
       0
       0
       0
       0
       0
       0
       1
       0
       0
       0
       0
       0
       0
       0
       1
       0
       0
       0
       0
       0
       0
       0
       0
       0
       0
       0
       0
       0
       0
       0
       0
       0
       0
       0
       0
       0
       0
       0
       0
       0
       0
       0
       0
       0
       0
       0
       0
       0
       0
       0
       0
       0
       0
       0
       1
       1
       0
       1
       1
       0
       0
       0
       0
       0
       0
       0
       0
       0
       0
       0
       0
       1
       0
       0
       0
       0
       0
       0
       0
       0
       0
       0
       0
       0
       0
       0
       0
       0
       0
       0
       0
       0
       0
       1
       0
       0
       0
       0
       0
       0
       0
       0
       0
       0
       1
       0
       2
       0
       1
       1
       0
       0
       0
       0
       0
       0
       0
       0
       0
       0
       0
       2
       0
       1
       0
       2
       0
       0
       0
       0
       0
       1
       0
       0
       0
       0
       1
       0
       0
       0
       1
       0
       0
       0
       0
       0
       0
       0
       0
       0
       0
       0
       1
       0
       0
       0
       0
       0
       0
       0
       1
       0
       0
       0
       0
       0
       0
       0
       0
       0
       0
       2
       0
       0
       1
       0
       0
       0
       0
       0
       0
       0
       0
       0
       0
       0
       0
       2
       2
       0
       0
       0
       0
       0
       0
       0
       0
       0
       0
       1
       1
       0
       0
       0
       0
       0
       0
       0
       0
       0
       1
       0
       0
       0
       0
       0
       0
       0
       0
       0
       0
       0
       0
       0
       0
       0
       1
       0
       0
       0
       0
       0
       0
       0
       0
       0
       0
       0
       1
       0
       0
       0
       0
       0
       0
       1
       0
       0
       0
       0
       0
       0
       0
       0
       0
       0
       0
       0
       0
       0
       0
       0
       0
       0
       0
       0
       0
       0
       1
       0
       0
       0
       0
       0
       0
       0
       0
       0
       1
       0
       0
       0
       0
       0
       0
       0
       0
       0
       0
       1
       0
       0
       0
       0
       0
       3
       0
       0
       0
       0
       0
       0
       0
       0
       0
       0
       0
       0
       0
       1
       0
       1
       0
       0
       0
       0
       0
       0
       1
       0
       1
       0
       0
       0
       0
       0
       0
       0
       0
       0
       0
       0
       1
       0
       0
       0
       0
       0
       0
       0
       0
       0
       0
       0
       0
       0
       1
       1
       0
       3
       1
       0
       0
       0
       0
       1
       0
       0
       0
       0
       0
       0
       0
       0
       0
       0
       0
       0
       0
       0
       0
       0
       0
       0
       0
       1
       0
       0
       0
       0
       0
       0
       0
       0
       1
       0
       0
       0
       0
       0
       0
       0
       0
       0
       0
       0
       2
       0
       0
       0
       1
       1
       0
       0
       0
       0
       0
       0
       0
       0
       0
       1
       0
       0
       1
       0
       0
       0
       0
       0
       0
       0
       0
       0
       0
       0
       0
       0
       0
       0
       0
       0
       0
       1
       0
       0
       0
       0
       0
       0
       0
       0
       0
       0
       1
       0
       0
       0
       0
       0
       0
       0
       0
       0
       1
       0
       0
       0
       1
       0
       0
       0
       0
       0
       0
       0
       0
       0
       0
       0
       0
       0
       0
       0
       1
       1
       0
       0
       0
       0
       0
       0
       0
       0
       0
       0
       0
       0
       0
       0
       0
       0
       0
       0
       0
       0
       0
       0
       0
       0
       0
       0
       1
       0
       0
       0
       0
       0
       0
       0
       0
       0
       0
       0
       0
       1
       0
       1
       0
       1
       0
       0
       0
       0
       0
       0
       0
       0
       0
       0
       0
       0
       0
       0
       0
       0
       0
       0
       0
       1
       0
       0
       0
       0
       0
       0
       0
       0
       0
       0
       0
       0
       0
       1
       0
       0
       0
       0
       0
       0
       0
       0
       0
       0
       0
       0
       0
       0
       0
       0
       0
       0
       0
       0
       0
       0
       0
       0
       0
       0
       0
       0
       0
       0
       0
       0
       0
       0
       0
       0
       2
       0
       0
       0
       1
       0
       0
       0
       0
       0
       0
       0
       0
       0
       0
       0
       0
       0
       1
       0
       1
       0
       0
       1
       1
       0
       0
       0
       0
       0
       0
       0
       0
       0
       0
       0
       0
       0
       0
       0
       1
       0
       0
       1
       0
       0
       1
       0
       1
       0
       0
       0
       0
       0
       0
       0
       1
       0
       0
       0
       0
       0
       0
       0
       0
       0
       0
       0
       0
       0
       0
       0
       0
       0
       0
       0
       0
       0
       0
       0
       0
       0
       0
       0
       0
       0
       0
       0
       0
       0
       0
       0
       0
       0
       0
       1
       0
       0
       0
       0
       0
       0
       0
       0
       0
       0
       0
       0
       0
       0
       0
       0
       0
       0
       0
       0
       0
       0
       0
       0
       0
       0
       1
       0
       0
       0
       0
       0
       0
       0
       0
       0
       0
       0
       0
       0
       0
       0
       0
       0
       0
       0
       0
       0
       0
       0
       0
       0
       0
       0
       0
       0
       0
       0
       1
       0
       0
       0
       0
       0
       0
       0
       0
       0
       0
       0
       0
       0
       0
       0
       0
       0
       0
       0
       1
       0
       0
       0
       0
       0
       0
       0
       0
       0
       0
       0
       0
       0
       0
       0
       0
       0
       0
       0
       0
       0
       0
       0
       0
       0
       0
       0
       0
       0
       0
       0
       0
       0
       0
       0
       0
       0
       0
       0
       0
       0
       0
       0
       0
       0
       0
       1
       0
       0
       0
       0
       0
       0
       0
       0
       0
       0
       0
       0
       0
       0
       0
       0
       0
       0
       0
       0
       0
       0
       0
       0
       0
       0
       0
       0
       0
       0
       0
       1
       0
       0
       0
       0
       0
       0
       0
       0
       0
       0
       0
       0
       0
       1
       0
       1
       0
       0
       0
       0
       0
       0
       0
       0
       0
       0
       0
       0
       0
       0
       0
       0
       0
       1
       0
       0
       0
       0
       0
       0
       0
       0
       0
       0
       0
       0
       0
       0
       0
       0
       0
       0
       0
       0
       0
       0
       0
       0
       0
       0
       0
       0
       1
       0
       0
       0
       0
       0
       0
       0
       0
       0
       0
       1
       0
       0
       0
       0
       0
       0
       0
       0
       0
       0
       0
       0
       0
       0
       0
       0
       0
       0
       0
       0
       0
       0
       0
       1
       0
       0
       0
       0
       0
       0
       0
       0
       0
       0
       0
       1
       0
       0
       0
       0
       0
       0
       0
       0
       0
       0
       0
       0
       0
       0
       1
       0
       0
       0
       0
       0
       0
       0
       0
       0
       0
       0
       0
       0
       0
       0
       0
       0
       0
       0
       0
       0
       0
       1
       0
       0
       0
       0
       0
       0
       0
       0
       0
       0
       0
       0
       1
       0
       0
       0
       0
       0
       0
       0
       0
       0
       0
       0
       0
       1
       0
       0
       0
       0
       0
       0
       0
       0
       0
       0
       0
       0
       0
       0
       0
       0
       1
       0
       0
       0
       0
       0
       0
       0
       0
       0
       0
       0
       0
       0
       0
       0
       0
       0
       1
       0
       0
       0
       0
       1
       1
       0
       0
       0
       0
       0
       0
       0
       0
       0
       0
       0
       1
       0
       0
       0
       0
       0
       0
       0
       0
       1
       0
       0
       0
       0
       0
       0
       0
       0
       0
       0
       0
       0
       0
       0
       0
       0
       0
       0
       0
       0
       0
       0
       0
       0
       0
       0
       0
       0
       0
       0
       0
       0
       0
       0
       0
       0
       0
       0
       0
       0
       0
       0
       0
       0
       0
       0
       0
       0
       0
       0
       0
       0
       0
       0
       0
       0
       0
       0
       0
       0
       0
       0
       0
       0
       0
       0
       0
       0
       0
       0
       0
       0
       0
       0
       0
       0
       1
       0
       0
       0
       0
       0
       0
       0
       0
       0
       0
       1
       0
       0
       0
       0
       0
       0
       0
       0
       0
       0
       0
       0
       0
       0
       0
       0
       0
       0
       0
       0
       1
       0
       0
       0
       0
       0
       0
       0
       1
       1
       0
       1
       1
       0
       0
       0
       0
       0
       0
       0
       0
       0
       0
       1
       0
       0
       1
       0
       0
       0
       0
       0
       0
       0
       0
       0
       0
       0
       0
       0
       0
       0
       0
       0
       0
       0
       0
       0
       0
       0
       0
       0
       0
       0
       0
       0
       0
       0
       0
       0
       0
       0
       0
       0
       0
       0
       1
       0
       0
       0
       0
       0
       0
       0
       0
       0
       0
       0
       0
       0
       0
       0
       0
       0
       1
       0
       0
       0
       0
       0
       0
       0
       0
       0
       0
       0
       0
       0
       0
       0
       0
       0
       0
       0
       0
       0
       0
       0
       0
       0
       0
       0
       1
       0
       0
       0
       0
       0
       0
       0
       0
       0
       1
       0
       0
       0
       0
       0
       1
       0
       0
       0
       0
       0
       0
       0
       0
       0
       0
       0
       0
       0
       0
       0
       0
       0
       0
       0
       0
       1
       0
       0
       0
       0
       0
       0
       0
       0
       0
       0
       0
       0
       1
       0
       0
       0
       0
       0
       0
       0
       0
       0
       0
       0
       0
       0
       0
       0
       0
       0
       0
       0
       0
       0
       1
       0
       0
       0
       0
       0
       0
       0
       0
       0
       0
       0
       0
       0
       0
       0
       0
       0
       0
       0
       0
       0
       0
       0
       0
       0
       0
       0
       0
       0
       0
       0
       0
$ROI:
0
$PRESETS:
Live Time
3600
0
$ENER_FIT:
0.137869 0.366631
$MCA_CAL:
3
1.378689E-001 3.666307E-001 -4.415950E-008 keV
$SHAPE_CAL:
3
2.301834E+000 9.195991E-004 -5.357180E-008
