$SPEC_ID:
Molnar Range
$SPEC_REM:
DET# 1
DETDESC# HPGe Detector 1
AP# GammaVision Version 6.07
$DATE_MEA:
10/19/2015 14:15:00
$MEAS_TIM:
3600 3732
$DATA:
0 8191
       0
       0
       0
       0
    1756
    2302
    1204
     953
     767
     747
     843
     839
     890
     907
     987
    1017
    1200
    1164
    1316
    1245
    1320
    1399
    1388
    1529
    1406
    1409
    1443
    1332
    1340
    1241
    1146
    1104
    1081
     868
     725
     684
     698
     716
     854
     939
     656
     509
     473
     498
     534
     558
     656
     751
     722
     548
     539
     499
     485
     543
     507
     559
     603
     642
     629
     609
     624
     625
     625
     904
    2809
    6274
    6367
    2797
     951
     673
     883
    1511
    1783
    1945
    2392
    1987
    1203
     778
     759
     757
     783
     792
     817
     850
     922
     948
     988
    1009
    1078
    1181
    1371
    1428
    1369
    1303
    1346
    1482
    1497
    1592
    1730
    1953
    2122
    2365
    2427
    2765
    3009
    3201
    3513
    3659
    4001
    4177
    4487
    4761
    5303
    5811
    6359
    6968
    7495
    8248
    9386
    9775
   10150
   10677
   11926
   12616
   13559
   14706
   16154
   18285
   20719
   23752
   27707
   33510
   39630
   45161
   49950
   53235
   53368
   50309
   47044
   44639
   44212
   45215
   47438
   49693
   50787
   51925
   51577
   50875
   49673
   48550
   47148
   45847
   44416
   42595
   39868
   35182
   27538
   20753
   16045
   16141
   62919
  306305
  632221
  491937
  140921
   15141
     770
     208
     157
     190
     200
     213
     234
     241
     173
     175
     214
     219
     195
     224
     246
     227
     259
     254
     259
     259
     247
     272
     303
     300
     373
     343
     361
     338
     377
     429
     422
     488
     560
     535
     539
     554
     584
     673
     800
     749
     641
     623
     615
     632
     597
     558
     611
     629
     604
     521
     549
     484
     549
     497
     505
     475
     495
     427
     461
     441
     402
     454
     464
     485
     535
     543
     480
     483
     460
     433
     437
     487
     543
     510
     477
     473
     512
     504
     523
     538
     541
     485
     499
     522
     524
     548
     592
     581
     555
     534
     556
     561
     561
     593
     539
     614
     646
     647
     786
     787
     674
     794
    1799
    3709
    3897
    1897
     640
     469
     643
     792
     771
     579
     734
    2079
    4389
    4258
    1793
     429
     171
     200
     167
     159
     169
     209
     239
     195
     203
     171
     167
     180
     204
     196
     202
     201
     201
     176
     208
     211
     212
     190
     212
     221
     289
     297
     362
     373
     343
     252
     232
     202
     241
     217
     237
     248
     292
     314
     225
     241
     297
     287
     254
     251
     215
     213
     228
     191
     182
     275
     502
     668
     559
     300
     222
     344
    1105
    1998
    1756
     750
     197
     109
      83
      83
      73
      85
      95
      91
      99
      87
      88
      88
      85
     100
      78
      95
      83
     100
      80
      86
      86
      91
     100
      82
      78
      76
      88
      90
      75
     105
      93
      74
      97
     108
      87
     102
      93
     117
     101
      98
      92
      97
     101
      59
      98
      88
      99
      79
     112
     118
      87
     104
     104
     135
     235
     420
     364
     181
     107
      86
      88
      98
      85
      99
     113
     147
     143
      95
      85
      70
      80
      75
      82
      89
      89
      96
     103
      91
      82
      96
      89
      74
      96
      90
      74
      79
     105
      98
      80
      84
      81
      83
      98
      80
      81
      92
      80
      98
      95
      78
      95
      82
      85
     106
     166
     129
     107
     109
     105
     100
      85
      85
      72
      83
      93
      82
      95
     194
     234
     174
     106
      83
      72
      71
      68
      77
      64
      79
      80
      90
      83
      82
      74
      98
      86
      79
      74
      76
      81
      68
      80
      65
      73
      94
      73
      70
      69
      82
      68
      73
      58
      60
      76
      73
      77
      72
      77
      71
      80
      68
      54
      85
      87
      76
      70
      80
      73
      64
      69
      75
      78
      76
      54
      80
      68
      75
      72
      69
      85
      96
      81
      54
      62
      63
      47
      73
      60
      62
      67
      59
      66
      75
      65
      64
      62
      64
      61
      70
      57
      61
      78
      56
      68
      70
      46
      73
      64
      62
      58
      67
      61
      53
      65
      70
      54
      51
      52
      58
      56
      65
     102
     317
     721
     815
     511
     172
      62
      53
      38
      37
      44
      49
      42
      40
      42
      41
      49
      49
      47
      50
      38
      34
      50
      40
      45
      39
      46
      36
      46
      44
      49
      39
      36
      29
      46
      50
      44
      46
      65
      71
      77
      58
      42
      32
      37
      38
      33
      37
      28
      38
      24
      39
      38
      37
      35
      34
      45
      40
      44
      40
      43
      27
      32
      27
      25
      32
      39
      51
      42
      46
      35
      45
      52
      30
      42
      19
      41
      33
      31
      32
      29
      35
      36
      34
      36
      43
      34
      41
      41
      39
      34
      31
      33
      36
      25
      34
      39
      35
      36
      27
      33
      36
      38
      35
      24
      32
      42
      32
      47
      25
      35
      31
      39
      35
      41
      21
      34
      31
      14
      22
      26
      32
      25
      28
      37
      30
      32
      31
      32
      22
      28
      35
      41
      34
      40
      36
      37
      27
      24
      29
      35
      35
      23
      24
      29
      32
      30
      29
      36
      28
      23
      34
      33
      25
      28
      27
      32
      36
      31
      39
      27
      38
      22
      39
      54
      48
      36
      28
      25
      28
      27
      39
      35
      29
      20
      29
      33
      28
      32
      27
      37
      31
      36
      35
      31
      42
      19
      33
      24
      34
      23
      18
      25
      32
      24
      32
      34
      25
      25
      22
      31
      16
      30
      27
      23
      31
      30
      32
      23
      21
      38
      18
      28
      24
      18
      17
      35
      19
      26
      33
      17
      26
      27
      14
      30
      32
      29
      28
      28
      27
      28
      30
      29
      34
      41
      26
      32
      33
      27
      19
      26
      36
      29
      37
      22
      25
      23
      27
      25
      29
      28
      28
      30
      52
      42
      31
      28
      31
      21
      17
      32
      26
      11
      26
      26
      16
      23
      29
      31
      21
      21
      25
      28
      20
      25
      24
      27
      32
      17
      26
      18
      25
      17
      25
      58
     134
     164
     109
      70
      34
      27
      20
      21
      17
      19
      20
      22
      15
      17
      15
      19
      20
      19
      19
      23
      27
      22
      19
      23
      27
      28
      20
      41
      77
     112
     133
     128
      60
      30
      20
      15
      24
      23
      18
      16
      22
      25
      22
      18
      20
      13
      19
      20
      13
      20
      20
      32
      13
      23
      27
      69
     115
     145
     105
      49
      22
      29
      42
     133
     314
     447
     399
     163
      52
      15
      19
      21
      12
      16
      19
      17
      16
      11
      24
      26
      17
      12
      14
      14
      12
       7
      12
      17
      10
       8
      13
      14
       7
      14
       9
      11
      16
      12
      18
       9
      13
      14
      18
      12
      11
      18
      10
      16
      18
      15
      12
      18
      21
       8
      10
      16
      14
      15
      11
      14
      17
      14
       9
      12
      16
      10
       8
       9
      14
      10
      17
       8
      12
      20
      15
      12
      14
      18
      19
      14
      17
      17
      10
      12
      13
      11
      12
      14
       9
       9
      15
      10
      18
      40
      89
     170
     182
     133
      62
      28
      24
      37
      52
      46
      27
      11
      12
       4
      13
      10
      17
       8
      11
      14
      20
      44
      63
     113
     146
      67
      36
      16
       9
       7
       9
      14
      14
      11
       4
       3
      10
      13
       9
       5
      15
      18
      23
      38
      20
      16
      15
       9
      11
      16
      15
      12
       7
      12
      11
      12
       9
      10
       7
       6
      12
       7
      10
      15
      12
       5
      13
       6
       9
       8
       8
      10
       7
      13
      12
       9
       7
       9
      13
      10
      10
      10
       9
       5
      17
      12
      14
       9
       7
       5
       8
       8
       1
       7
      14
      15
       9
       5
       8
       8
      10
       8
       8
       7
      11
       8
      15
      11
       6
       5
       8
       5
      11
      13
      13
       8
       8
      17
       5
       8
      12
       6
      11
      12
       6
       6
      13
      15
       9
      11
      15
      21
       7
      16
      12
      11
       7
      10
      26
      32
      25
      24
      12
      13
       6
       5
       9
       8
       6
       5
       6
      10
       9
       6
      13
      12
      10
      11
      18
      19
      23
      12
      11
      11
       7
       9
       9
       5
      19
       8
       4
       9
      12
      12
      11
       8
      13
       5
       7
      13
       6
       6
      10
       5
       8
       8
      12
      13
       6
       6
      15
       3
      16
       9
       8
      15
      18
      20
      11
      11
       7
       6
      13
      15
      12
       7
      15
       9
       3
       6
      11
      13
      10
       6
       9
       8
       9
       6
       7
       7
       8
      11
       9
       7
      10
      13
       7
       8
       9
      16
       9
       5
      11
       5
      11
      14
      12
      15
      10
       9
       9
       5
      10
       8
      16
       5
       9
       6
       3
       8
       9
      12
      12
       6
      10
       4
      11
      12
       8
      13
      13
       8
      10
       4
       7
       7
       9
      11
      16
      12
      12
       9
      13
      12
      13
       7
      14
      13
      14
      18
       5
      11
      12
      18
      13
      14
       7
      13
      18
      15
      15
      12
      11
      19
      17
      18
      16
      12
      21
      22
      19
      23
      16
      17
      20
      16
      15
      14
      11
      12
      12
      11
       8
      15
      12
      13
      13
      11
       9
      13
       9
      12
       8
       9
      12
       8
       5
       7
       6
      10
       6
       7
       5
       5
       8
       3
       3
       6
       5
       6
       6
       5
       0
       8
       5
       5
       5
       5
       4
       8
       5
       5
       5
       1
       4
       8
       4
       8
       6
       8
       9
       4
       4
       4
       3
       3
       2
       9
       9
       6
       5
       2
       6
       6
       5
       7
       7
      10
       7
       2
       5
       5
       7
      12
       8
       9
       8
      15
      11
      17
      19
      21
      14
      21
      15
      11
       9
       6
       8
       9
       5
       4
       6
       6
       7
       4
       9
       6
       4
       4
       5
       5
       7
       6
       8
       6
       3
       5
       7
       7
       6
       5
       8
       4
      12
       5
       2
       4
       6
       8
       4
       6
       8
       4
       5
       3
       7
       3
       4
       4
       5
       6
       3
       3
       3
       3
       4
       6
       4
       6
       2
       2
       4
       4
       6
       2
       5
       5
      10
       5
       7
       3
       2
       9
       5
       3
       7
       2
       8
       5
       3
       5
       2
       7
       5
       4
       3
       7
       7
       7
       1
       1
       4
       4
       4
       1
       4
       4
       5
       7
       5
      10
       3
       2
       4
      10
       7
       4
       2
       8
       6
       1
       4
       9
       2
       4
       2
       6
       6
       5
       3
       7
       6
       2
       2
       3
       4
       2
       8
       2
       2
       4
       5
       4
      11
       1
       8
       4
       2
       5
       4
       4
       1
       1
       1
       5
       3
       5
       5
       6
       5
       4
       4
       1
       1
       2
       8
       7
       4
       4
       3
       4
       6
       4
       4
       1
       3
       4
       3
       2
       3
       4
       3
       4
       5
       3
       3
       2
       7
       3
       4
       4
       3
       5
       3
       6
       8
       4
       1
       1
       8
       4
       2
       2
       3
       4
       2
       3
       3
       6
       8
       4
       2
       2
       5
       6
       6
       7
       4
       5
       5
       1
       4
       4
       6
       4
       7
       2
       7
       2
       1
       3
       6
       5
       3
       2
       5
       3
       1
       7
       4
       9
       5
       3
       5
       7
       3
       2
       5
       5
       4
       5
       1
       4
       3
       3
       2
       2
       4
       3
       1
       2
       3
       1
       5
       5
       3
       1
       3
       4
       4
       3
       3
       2
       2
       5
       3
       7
       4
       3
       5
       7
       3
       1
       2
       2
       3
       2
       6
       5
       3
       1
       4
       1
       0
       4
       2
       3
       4
       6
       4
       2
       7
      23
      36
      28
      34
      17
      10
       6
       3
       1
       0
       3
       0
       2
       5
       3
       3
       3
       5
       2
       0
       4
       0
       5
       1
       2
       2
       5
       6
       4
       4
       3
       3
       4
       1
       5
       3
       3
       6
       1
       2
       2
       1
       0
       2
       1
       2
       3
       2
       4
       6
       6
       1
       1
       4
       5
       5
       1
       4
       4
       0
       2
       6
       3
       7
      10
       4
       5
       4
       4
       2
       1
       1
       1
       0
       6
       1
       3
       1
       4
       3
       5
       6
       3
       2
       2
       3
       1
       0
       4
       3
       3
       6
       7
      13
      36
      26
      22
       3
       3
       1
       5
       5
       3
       1
       2
       3
       4
       1
       3
       1
       6
       1
       4
       3
       4
       3
       8
      19
      62
     151
     203
     180
     116
      54
      12
       4
       1
       3
       3
       1
       5
       2
       1
       0
       1
       0
       1
       0
       1
       2
       0
       3
       2
       2
       3
       4
       0
       2
       1
       1
       0
       0
       2
       2
       2
       1
       4
       1
       1
       2
       0
       2
       1
       1
       0
       4
       1
       3
       3
       2
       2
       1
       0
       1
       0
       2
       1
       5
       1
       1
       2
       1
       2
       0
       0
       2
       2
       0
       3
       7
       7
      18
      13
      20
       9
       5
       2
       2
       4
       3
       3
       0
       2
       3
       3
       5
       4
       5
       1
       1
       0
       3
       3
       8
       3
       5
       3
       3
       2
       0
       1
       2
       1
       2
       3
       0
       3
       1
       2
       3
       0
       2
       1
       1
       2
       2
       0
       2
       1
       0
       1
       3
       1
       0
       1
       1
       5
       2
       2
       6
       3
       1
       2
       0
       0
       2
       4
       2
       0
       0
       3
       1
       2
       0
       0
       2
       0
       0
       1
       1
       3
       1
       0
       1
       1
       1
       1
       1
       1
       5
      30
      66
      76
     105
      94
      52
      12
      12
       2
       2
       1
       0
       1
       2
       1
       0
       1
       2
       0
       2
       3
       0
       2
       0
       4
       3
       1
       2
       1
       2
       0
       1
       1
       0
       1
       5
       1
       1
       2
       2
       1
       2
       4
       2
       4
       4
       3
       4
       3
       1
       2
       0
       3
       0
       0
       0
       3
       3
       2
       0
       1
       1
       1
       0
       2
       3
       0
       3
       0
       0
       1
       2
       1
       1
       1
       1
       0
       1
       1
       1
       1
       1
       0
       2
       0
       3
       1
       1
       1
       2
       1
       0
       1
       4
       5
       8
       7
       0
       1
       1
       0
       1
       0
       2
       2
       1
       2
       2
       1
       0
       1
       0
       1
       1
       0
       0
       3
       0
       1
       1
       0
       1
       1
       2
       0
       4
       1
       2
       8
       0
       1
       4
       1
       4
       2
       1
       3
       4
       2
       3
       5
       1
       1
       2
       1
       1
       0
       0
       2
       0
       1
       2
       0
       0
       0
       1
       2
       2
       2
       2
       0
       0
       0
       1
       0
       1
       0
       0
       0
       1
       0
       0
       2
       3
       0
       3
       0
       0
       3
       0
       0
       0
       2
       1
       1
       5
       0
       0
       1
       0
       2
       0
       5
       0
       0
       0
       3
       0
       1
       0
       1
       0
       0
       1
       0
       1
       2
       3
       1
       1
       3
       0
       0
       2
       1
       1
       2
       0
       0
       1
       1
       3
       3
       3
       1
       1
       0
       1
       0
       1
       2
       2
       0
       1
       1
       2
       4
       4
       0
       0
       1
       0
       0
       0
       0
       0
       0
       0
       1
       0
       3
       0
       1
       2
       1
       2
       0
       0
       1
       1
       1
       2
       0
       2
       0
       1
       0
       2
       2
       1
       0
       0
       1
       0
       0
       0
       2
       0
       0
       1
       0
       1
       1
       0
       1
       1
       1
       0
       1
       2
       0
       0
       1
       1
       1
       2
       1
       3
       1
       0
       0
       1
       2
       2
       1
       2
       2
       0
       1
       1
       1
       1
       0
       0
       3
       1
       2
       0
       1
       1
       1
       0
       0
       4
       1
       0
       0
       1
       1
       0
       2
       1
       1
       2
       1
       1
       2
       1
       1
       0
       2
       2
       2
       2
       4
       5
       1
       2
       1
       1
       0
       0
       2
       1
       1
       2
       0
       2
       0
       1
       0
       0
       3
       0
       0
       0
       1
       1
       1
       1
       2
       0
       1
       0
       0
       0
       0
       3
       1
       1
       0
       1
       0
       2
       0
       1
       2
       2
       1
       1
       1
       1
       0
       0
       0
       0
       0
       1
       0
       0
       2
       0
       0
       0
       0
       2
       2
       0
       1
       0
       0
       0
       1
       1
       1
       0
       3
       1
       1
       2
       0
       0
       3
       0
       2
       0
       0
       0
       1
       2
       2
       2
       0
       0
       0
       1
       1
       0
       0
       1
       0
       1
       0
       1
       0
       0
       0
       1
       2
       0
       1
       0
       0
       1
       2
       1
       0
       1
       1
       1
       0
       0
       0
       2
       1
       0
       1
       0
       0
       0
       2
       2
       0
       1
       2
       1
       1
       0
       0
       0
       0
       0
       3
       1
       0
       0
       0
       1
       0
       1
       2
       2
       1
       1
       0
       1
       0
       1
       0
       2
       3
       0
       0
       3
       1
       0
       0
       0
       1
       2
       3
       0
       0
       1
       2
       1
       3
       1
       0
       1
       1
       2
       0
       0
       1
       1
       1
       1
       0
       1
       2
       1
       2
       0
       1
       1
       1
       0
       1
       0
       2
       1
       1
       2
       1
       1
       2
       1
       2
       1
       1
       0
       0
       1
       1
       0
       0
       1
       0
       2
       0
       1
       2
       0
       0
       2
       1
       0
       0
       1
       0
       3
       0
       0
       0
       1
       0
       1
       2
       0
       1
       1
       2
       0
       1
       0
       1
       0
       0
       2
       4
       1
       1
       2
       2
       1
       0
       0
       0
       1
       0
       0
       0
       0
       0
       3
       0
       0
       0
       1
       0
       0
       1
       1
       0
       1
       2
       2
       1
       1
       2
       0
       0
       1
       0
       0
       0
       1
       1
       0
       2
       1
       0
       0
       0
       2
       0
       0
       1
       1
       2
       0
       1
       2
       2
       0
       0
       0
       0
       0
       0
       2
       0
       0
       0
       0
       1
       2
       0
       1
       2
       0
       0
       1
       2
       2
       0
       0
       1
       2
       1
       1
       0
       4
       2
       2
       0
       0
       3
       1
       0
       0
       0
       1
       0
       0
       2
       0
       2
       0
       1
       0
       1
       1
       2
       1
       0
       0
       0
       1
       0
       1
       1
       0
       0
       1
       2
       0
       0
       0
       1
       1
       0
       2
       1
       0
       1
       0
       2
       1
       2
       1
       0
       0
       0
       0
       0
       0
       0
       2
       1
       1
       3
       1
       0
       1
       3
       0
       0
       1
       1
       0
       0
       0
       1
       1
       0
       1
       1
       0
       0
       0
       1
       0
       0
       0
       0
       0
       0
       1
       0
       0
       1
       2
       0
       0
       0
       1
       0
       1
       0
       0
       1
       0
       2
       1
       0
       2
       0
       0
       0
       1
       0
       3
       0
       0
       1
       0
       1
       0
       0
       0
       1
       1
       1
       1
       1
       1
       0
       0
       1
       1
       2
       2
       0
       0
       1
       1
       0
       0
       0
       2
       2
       1
       2
       2
       1
       0
       1
       0
       0
       0
       1
       0
       0
       0
       0
       1
       0
       0
       0
       0
       1
       1
       0
       0
       0
       0
       1
       0
       0
       0
       0
       0
       0
       1
       1
       0
       1
       1
       2
       1
       0
       0
       0
       0
       0
       1
       1
       1
       1
       1
       0
       0
       1
       0
       2
       1
       2
       2
       1
       2
       1
       0
       1
       0
       0
       1
       0
       0
       2
       1
       1
       1
       1
       0
       0
       0
       0
       0
       2
       0
       0
       0
       0
       0
       1
       2
       2
       0
       1
       0
       1
       1
       0
       1
       0
       1
       1
       0
       0
       0
       1
       1
       0
       0
       2
       2
       2
       2
       1
       1
       0
       0
       2
       0
       3
       0
       0
       2
       1
       0
       1
       0
       3
       0
       0
       0
       0
       0
       0
       0
       0
       0
       0
       0
       0
       0
       0
       2
       1
       0
       0
       0
       0
       0
       0
       0
       0
       2
       0
       1
       3
       1
       1
       0
       1
       2
       1
       0
       0
       1
       1
       2
       0
       2
       1
       0
       1
       0
       1
       0
       0
       1
       3
       0
       1
       0
       0
       0
       0
       1
       1
       1
       0
       0
       1
       0
       2
       1
       0
       0
       0
       1
       0
       0
       0
       1
       1
       0
       0
       0
       0
       0
       0
       2
       0
       0
       0
       0
       0
       0
       0
       1
       0
       0
       0
       2
       1
       1
       0
       0
       1
       1
       0
       0
       0
       0
       0
       0
       1
       0
       1
       1
       0
       0
       1
       0
       0
       0
       0
       0
       0
       1
       2
       0
       1
       1
       1
       0
       1
       0
       2
       0
       0
       0
       0
       0
       0
       0
       0
       0
       1
       1
       1
       1
       0
       1
       3
       0
       1
       2
       0
       1
       1
       1
       0
       0
       0
       1
       0
       0
       3
       0
       1
       1
       2
       0
       1
       0
       2
       0
       0
       2
       2
       0
       2
       0
       1
       0
       1
       1
       3
       2
       1
       1
       3
       5
       1
       1
       0
       2
       1
       0
       2
       0
       0
       0
       1
       0
       2
       1
       0
       2
       1
       1
       0
       0
       0
       0
       2
       0
       0
       0
       0
       0
       0
       1
       0
       0
       0
       1
       1
       0
       0
       0
       1
       1
       1
       0
       2
       0
       0
       0
       0
       1
       1
       1
       0
       0
       0
       0
       1
       0
       0
       0
       0
       1
       0
       0
       1
       0
       1
       0
       1
       0
       1
       0
       0
       1
       0
       1
       0
       1
       0
       1
       0
       1
       1
       0
       0
       1
       0
       3
       2
       0
       1
       0
       0
       0
       0
       0
       0
       0
       1
       1
       0
       0
       1
       1
       1
       2
       0
       0
       0
       0
       0
       0
       0
       0
       1
       1
       1
       2
       1
       2
       0
       0
       0
       0
       1
       0
       0
       1
       0
       0
       1
       0
       0
       0
       3
       0
       0
       0
       1
       0
       1
       0
       0
       0
       1
       0
       1
       1
       2
       0
       1
       1
       1
       0
       1
       0
       0
       1
       0
       0
       1
       0
       0
       1
       0
       1
       1
       1
       0
       1
       1
       1
       0
       0
       0
       2
       0
       1
       0
       0
       0
       2
       0
       0
       0
       0
       0
       0
       0
       1
       0
       0
       0
       0
       0
       2
       1
       1
       0
       1
       0
       1
       1
       0
       0
       0
       1
       2
       0
       0
       0
       1
       0
       1
       0
       0
       1
       0
       0
       2
       2
       0
       1
       1
       2
       1
       0
       1
       1
       0
       0
       1
       0
       0
       0
       0
       2
       0
       1
       1
       0
       0
       0
       0
       0
       0
       1
       0
       0
       0
       0
       1
       0
       1
       1
       0
       0
       0
       2
       1
       1
       1
       0
       0
       0
       0
       1
       1
       0
       2
       0
       0
       3
       0
       0
       1
       1
       0
       0
       0
       1
       0
       0
       0
       0
       0
       0
       0
       0
       1
       0
       0
       0
       1
       1
       1
       2
       0
       0
       0
       1
       0
       0
       1
       0
       0
       0
       0
       0
       0
       0
       2
       0
       0
       0
       0
       1
       0
       1
       1
       0
       1
       0
       0
       2
       0
       0
       0
       1
       1
       1
       0
       1
       0
       1
       1
       1
       2
       2
       0
       1
       1
       1
       0
       1
       1
       1
       1
       0
       0
       0
       2
       0
       0
       0
       0
       0
       0
       1
       0
       0
       0
       2
       1
       2
       0
       1
       0
       2
       0
       0
       2
       3
       3
       0
       1
       0
       0
       0
       0
       0
       2
       0
       1
       0
       1
       0
       0
       0
       0
       0
       0
       2
       1
       1
       0
       0
       1
       0
       1
       1
       0
       1
       2
       1
       0
       0
       0
       0
       2
       0
       0
       2
       0
       0
       1
       0
       0
       2
       0
       0
       0
       0
       0
       0
       1
       1
       0
       0
       0
       1
       0
       0
       0
       0
       1
       0
       0
       2
       1
       0
       2
       0
       2
       1
       0
       0
       0
       1
       0
       0
       0
       1
       0
       0
       1
       0
       0
       0
       0
       0
       0
       0
       2
       1
       0
       1
       0
       1
       1
       0
       0
       3
       0
       1
       0
       0
       0
       0
       0
       1
       1
       1
       0
       1
       0
       0
       1
       0
       1
       0
       0
       1
       0
       0
       0
       1
       0
       0
       1
       0
       0
       0
       0
       0
       1
       0
       1
       0
       0
       1
       0
       0
       2
       1
       1
       0
       0
       0
       0
       0
       0
       0
       0
       0
       0
       1
       0
       0
       0
       0
       0
       1
       0
       1
       0
       0
       0
       0
       0
       1
       1
       0
       2
       0
       1
       1
       1
       0
       0
       0
       2
       1
       1
       0
       2
       0
       0
       0
       0
       0
       0
       0
       0
       0
       1
       0
       0
       0
       1
       0
       0
       0
       0
       2
       0
       0
       0
       0
       0
       0
       1
       0
       1
       0
       0
       3
       1
       0
       0
       0
       0
       0
       0
       1
       0
       0
       0
       0
       0
       1
       1
       1
       0
       0
       0
       3
       0
       0
       1
       0
       0
       1
       0
       0
       0
       0
       2
       0
       1
       0
       1
       0
       0
       1
       0
       1
       0
       2
       1
       1
       0
       3
       0
       1
       0
       0
       1
       0
       0
       0
       1
       1
       0
       0
       1
       1
       0
       0
       0
       0
       0
       0
       1
       0
       0
       0
       1
       0
       1
       0
       0
       1
       0
       0
       0
       0
       0
       0
       0
       2
       0
       0
       0
       0
       2
       0
       0
       2
       0
       1
       0
       0
       0
       0
       0
       0
       0
       0
       1
       2
       0
       0
       0
       0
       1
       0
       1
       0
       0
       0
       0
       0
       0
       0
       0
       2
       2
       0
       0
       1
       0
       0
       0
       0
       0
       1
       0
       0
       4
       0
       1
       0
       0
       1
       1
       0
       0
       0
       0
       0
       1
       1
       0
       2
       0
       1
       0
       1
       0
       0
       1
       0
       0
       0
       0
       0
       0
       0
       0
       0
       2
       0
       0
       0
       0
       0
       0
       1
       1
       0
       1
       0
       0
       0
       1
       2
       0
       1
       0
       1
       1
       1
       3
       0
       0
       0
       0
       0
       0
       0
       1
       0
       0
       0
       1
       1
       0
       0
       0
       0
       0
       1
       0
       0
       0
       0
       1
       1
       0
       0
       0
       0
       0
       0
       0
       2
       0
       0
       1
       0
       1
       0
       0
       1
       0
       0
       0
       0
       2
       0
       1
       0
       0
       0
       0
       0
       0
       0
       1
       1
       0
       0
       0
       0
       0
       0
       0
       1
       0
       0
       1
       2
       0
       1
       1
       0
       0
       0
       0
       0
       2
       1
       0
       1
       1
       0
       0
       1
       1
       0
       0
       0
       0
       0
       1
       0
       0
       0
       0
       0
       0
       1
       0
       0
       1
       0
       2
       0
       0
       0
       0
       1
       1
       0
       0
       1
       1
       0
       0
       1
       0
       1
       1
       0
       0
       0
       2
       0
       1
       1
       0
       0
       2
       0
       2
       1
       0
       0
       0
       1
       0
       0
       2
       0
       1
       0
       0
       1
       0
       0
       1
       1
       0
       0
       0
       1
       0
       1
       2
       0
       0
       0
       1
       0
       0
       1
       0
       0
       0
       1
       1
       0
       0
       1
       0
       0
       0
       0
       2
       1
       0
       0
       0
       0
       0
       0
       0
       1
       1
       0
       0
       0
       0
       0
       0
       0
       0
       1
       1
       0
       0
       0
       0
       1
       0
       0
       1
       0
       0
       0
       1
       1
       0
       2
       1
       0
       1
       0
       0
       0
       0
       1
       0
       0
       1
       0
       0
       1
       0
       0
       0
       0
       0
       2
       0
       1
       1
       0
       1
       0
       1
       0
       0
       2
       0
       0
       1
       0
       0
       0
       1
       0
       1
       0
       1
       0
       0
       0
       0
       0
       0
       0
       0
       2
       2
       2
       1
       2
       1
       0
       0
       1
       0
       0
       0
       0
       0
       1
       0
       0
       0
       0
       1
       2
       0
       0
       0
       0
       0
       0
       0
       1
       0
       0
       0
       0
       0
       1
       0
       0
       0
       0
       0
       0
       2
       0
       0
       1
       0
       0
       1
       1
       0
       0
       0
       0
       1
       1
       2
       0
       2
       0
       1
       0
       1
       0
       0
       1
       1
       0
       0
       0
       0
       0
       0
       0
       0
       1
       1
       0
       1
       0
       1
       0
       0
       0
       1
       0
       1
       0
       0
       1
       0
       0
       0
       0
       1
       1
       1
       0
       1
       1
       1
       0
       0
       0
       0
       0
       1
       1
       0
       0
       0
       0
       1
       0
       1
       2
       0
       0
       0
       0
       0
       1
       1
       0
       1
       0
       1
       1
       2
       2
       0
       0
       1
       1
       0
       0
       0
       0
       1
       0
       1
       1
       2
       0
       0
       1
       1
       0
       0
       1
       0
       0
       0
       0
       0
       1
       1
       0
       1
       0
       0
       0
       0
       1
       0
       0
       1
       1
       1
       0
       0
       0
       0
       0
       0
       0
       1
       0
       0
       1
       2
       1
       1
       0
       0
       0
       0
       0
       0
       1
       0
       0
       0
       1
       0
       0
       0
       0
       0
       0
       1
       1
       0
       1
       2
       0
       0
       1
       0
       2
       0
       0
       0
       1
       0
       0
       1
       0
       0
       0
       1
       0
       2
       1
       0
       1
       0
       1
       1
       0
       0
       0
       0
       0
       0
       2
       1
       1
       0
       0
       0
       0
       0
       0
       0
       0
       2
       1
       0
       0
       0
       1
       0
       0
       0
       1
       0
       0
       0
       4
       1
       0
       0
       0
       0
       0
       1
       0
       0
       1
       0
       0
       1
       2
       0
       0
       0
       0
       0
       0
       0
       1
       0
       0
       1
       0
       0
       0
       0
       0
       1
       0
       0
       0
       0
       0
       1
       1
       1
       0
       1
       0
       0
       0
       1
       0
       2
       0
       1
       0
       0
       1
       0
       0
       0
       0
       0
       0
       0
       0
       0
       3
       0
       0
       0
       0
       0
       0
       0
       0
       1
       0
       0
       0
       0
       0
       0
       0
       0
       0
       1
       0
       2
       0
       0
       0
       1
       1
       0
       0
       0
       0
       0
       0
       0
       0
       0
       1
       0
       0
       0
       0
       0
       0
       0
       1
       0
       0
       0
       0
       1
       1
       0
       0
       0
       0
       1
       0
       0
       0
       0
       0
       2
       0
       0
       0
       0
       0
       0
       0
       0
       0
       0
       0
       0
       0
       0
       1
       0
       0
       2
       1
       0
       0
       0
       0
       0
       0
       1
       0
       0
       0
       1
       0
       0
       2
       0
       0
       0
       0
       1
       0
       0
       0
       1
       0
       0
       1
       0
       0
       1
       0
       0
       0
       0
       0
       0
       0
       1
       0
       1
       1
       0
       0
       1
       0
       0
       0
       1
       0
       1
       0
       0
       0
       1
       0
       2
       0
       0
       0
       1
       1
       0
       0
       1
       1
       1
       0
       0
       0
       0
       0
       0
       0
       0
       0
       0
       0
       0
       0
       0
       0
       0
       0
       0
       0
       0
       0
       0
       1
       0
       0
       0
       0
       0
       0
       1
       0
       1
       1
       1
       0
       0
       0
       2
       0
       0
       0
       0
       0
       1
       0
       0
       0
       0
       0
       0
       0
       0
       1
       0
       0
       0
       1
       1
       0
       0
       0
       1
       2
       0
       0
       0
       0
       0
       0
       0
       0
       0
       0
       0
       0
       0
       0
       0
       0
       0
       0
       0
       0
       1
       1
       0
       0
       0
       0
       0
       0
       0
       2
       0
       0
       0
       0
       1
       1
       0
       0
       1
       1
       0
       0
       0
       0
       0
       0
       0
       0
       0
       0
       0
       0
       0
       1
       1
       1
       0
       0
       0
       1
       0
       0
       0
       0
       0
       0
       0
       0
       0
       2
       0
       0
       0
       0
       0
       0
       0
       0
       0
       0
       0
       0
       1
       0
       0
       0
       0
       0
       1
       0
       0
       0
       0
       0
       1
       0
       0
       0
       1
       1
       0
       0
       1
       0
       0
       1
       0
       0
       0
       0
       0
       0
       0
       1
       0
       0
       0
       0
       0
       0
       1
       2
       0
       1
       0
       0
       0
       0
       0
       0
       0
       0
       0
       0
       0
       1
       0
       0
       1
       0
       0
       0
       0
       1
       0
       1
       0
       0
       0
       0
       0
       0
       0
       0
       0
       0
       0
       0
       0
       0
       0
       0
       0
       1
       0
       0
       0
       0
       0
       0
       0
       2
       0
       0
       0
       0
       1
       0
       0
       0
       1
       0
       0
       1
       0
       0
       0
       0
       0
       0
       1
       0
       0
       0
       0
       0
       1
       0
       0
       0
       0
       1
       0
       0
       0
       0
       0
       1
       0
       0
       0
       0
       0
       1
       0
       0
       0
       0
       0
       1
       0
       1
       0
       2
       0
       0
       0
       0
       0
       0
       1
       0
       0
       0
       0
       0
       1
       2
       2
       0
       0
       0
       0
       1
       0
       1
       1
       0
       0
       1
       0
       0
       0
       0
       1
       0
       0
       0
       0
       0
       0
       0
       2
       1
       0
       1
       0
       0
       0
       0
       0
       0
       2
       0
       0
       2
       0
       0
       1
       0
       1
       1
       0
       0
       1
       2
       0
       1
       9
       3
       7
       3
       4
       0
       0
       0
       1
       1
       2
       1
       0
       1
       0
       0
       2
       1
       1
       0
       0
       0
       0
       0
       0
       0
       1
       0
       1
       0
       0
       0
       0
       0
       0
       0
       2
       0
       0
       0
       2
       0
       1
       1
       0
       0
       1
       1
       1
       0
       0
       1
       0
       0
       1
       0
       0
       0
       0
       0
       0
       0
       0
       0
       1
       0
       0
       0
       0
       0
       0
       0
       1
       0
       0
       1
       0
       0
       0
       0
       0
       0
       0
       0
       1
       0
       0
       0
       0
       0
       0
       0
       0
       0
       0
       0
       0
       1
       0
       0
       0
       1
       0
       0
       0
       0
       0
       0
       0
       0
       1
       0
       0
       0
       0
       0
       1
       0
       0
       1
       0
       0
       0
       0
       0
       0
       0
       0
       0
       0
       0
       1
       0
       0
       1
       0
       0
       0
       0
       0
       0
       0
       0
       0
       2
       0
       1
       0
       0
       0
       0
       0
       0
       1
       2
       0
       0
       1
       0
       0
       0
       0
       0
       0
       0
       1
       0
       0
       0
       1
       0
       1
       0
       0
       0
       0
       1
       0
       0
       0
       0
       0
       0
       0
       0
       0
       0
       0
       0
       0
       0
       1
       0
       0
       0
       0
       0
       0
       0
       0
       0
       0
       0
       0
       0
       0
       0
       1
       1
       0
       0
       1
       1
       0
       0
       1
       0
       1
       0
       0
       0
       0
       0
       0
       0
       0
       0
       0
       0
       1
       0
       0
       2
       0
       1
       0
       0
       0
       1
       0
       0
       0
       0
       0
       0
       0
       0
       0
       1
       0
       0
       0
       0
       0
       0
       0
       0
       0
       0
       0
       1
       0
       0
       0
       1
       0
       0
       0
       0
       1
       1
       0
       0
       0
       0
       0
       0
       1
       0
       0
       0
       0
       0
       0
       0
       0
       0
       0
       1
       0
       0
       0
       0
       0
       0
       0
       0
       1
       0
       0
       0
       0
       0
       1
       0
       0
       1
       0
       0
       0
       2
       1
       0
       1
       0
       0
       0
       0
       0
       0
       0
       0
       0
       0
       0
       0
       0
       0
       0
       0
       0
       0
       0
       0
       0
       0
       0
       1
       0
       0
       0
       0
       0
       1
       0
       1
       1
       0
       0
       0
       0
       1
       0
       0
       0
       0
       0
       1
       0
       0
       0
       1
       0
       1
       0
       0
       0
       0
       0
       1
       0
       0
       1
       0
       1
       0
       0
       0
       0
       0
       1
       0
       1
       0
       0
       0
       0
       0
       1
       0
       0
       0
       1
       0
       1
       0
       0
       0
       0
       0
       0
       0
       0
       0
       0
       0
       0
       0
       0
       0
       0
       0
       0
       0
       0
       0
       0
       1
       0
       0
       0
       0
       0
       0
       0
       0
       0
       0
       0
       0
       0
       0
       0
       1
       0
       0
       0
       0
       0
       0
       0
       0
       0
       0
       0
       0
       0
       0
       1
       0
       0
       0
       1
       0
       0
       0
       0
       0
       0
       0
       0
       1
       0
       0
       0
       0
       0
       0
       0
       1
       1
       0
       0
       0
       0
       0
       0
       0
       0
       0
       0
       0
       0
       0
       0
       1
       2
       0
       0
       0
       0
       0
       0
       0
       0
       0
       0
       0
       0
       0
       0
       1
       1
       0
       0
       0
       0
       0
       0
       0
       0
       0
       1
       0
       0
       0
       0
       1
       0
       0
       1
       0
       0
       0
       0
       0
       0
       0
       0
       1
       0
       0
       0
       0
       0
       0
       1
       0
       0
       0
       0
       0
       0
       0
       0
       0
       0
       0
       0
       0
       0
       0
       0
       0
       0
       0
       0
       0
       0
       0
       0
       1
       1
       0
       0
       1
       0
       0
       0
       0
       0
       0
       0
       0
       0
       0
       0
       0
       1
       0
       0
       0
       0
       0
       0
       0
       0
       0
       0
       0
       0
       0
       1
       0
       0
       0
       0
       0
       1
       0
       1
       0
       0
       0
       1
       0
       1
       0
       0
       0
       0
       0
       0
       0
       2
       1
       0
       0
       1
       0
       0
       0
       0
       0
       0
       0
       0
       0
       0
       0
       0
       1
       0
       0
       0
       0
       0
       0
       0
       0
       0
       0
       0
       0
       0
       0
       0
       0
       0
       0
       0
       0
       0
       0
       0
       0
       0
       0
       0
       0
       0
       0
       0
       0
       0
       0
       0
       0
       0
       0
       1
       0
       0
       0
       0
       0
       0
       0
       0
       0
       1
       1
       0
       0
       0
       0
       0
       1
       0
       0
       1
       0
       0
       0
       0
       1
       0
       0
       0
       1
       0
       0
       0
       1
       1
       0
       0
       0
       0
       0
       0
       0
       0
       0
       0
       0
       0
       0
       0
       0
       0
       0
       0
       1
       0
       1
       0
       0
       0
       0
       0
       0
       0
       0
       0
       0
       0
       0
       0
       0
       1
       0
       1
       0
       0
       0
       0
       0
       0
       0
       0
       0
       0
       0
       0
       0
       2
       0
       1
       1
       0
       0
       0
       0
       0
       0
       0
       0
       0
       0
       0
       0
       0
       0
       0
       0
       0
       0
       0
       2
       0
       0
       0
       0
       0
       0
       0
       0
       0
       0
       0
       0
       0
       0
       0
       0
       0
       0
       0
       0
       0
       1
       0
       1
       1
       1
       0
       0
       0
       0
       0
       0
       0
       0
       0
       0
       0
       1
       0
       0
       0
       0
       0
       0
       0
       0
       0
       0
       0
       1
       0
       0
       0
       0
       0
       0
       0
       1
       0
       0
       0
       0
       1
       1
       1
       0
       1
       0
       0
       0
       0
       0
       0
       0
       1
       0
       0
       0
       0
       0
       0
       0
       0
       0
       1
       0
       0
       0
       0
       1
       0
       0
       1
       0
       0
       0
       0
       0
       0
       1
       0
       0
       0
       0
       0
       0
       0
       0
       0
       0
       0
       0
       0
       0
       0
       0
       0
       0
       1
       0
       0
       0
       0
       0
       0
       0
       0
       0
       1
       0
       0
       0
       0
       0
       0
       1
       0
       1
       0
       0
       0
       0
       0
       0
       0
       0
       1
       0
       0
       1
       1
       1
       2
       0
       0
       0
       0
       0
       0
       0
       0
       0
       0
       0
       0
       0
       0
       0
       0
       0
       0
       0
       0
       1
       0
       0
       0
       0
       0
       0
       0
       0
       0
       0
       0
       0
       0
       0
       0
       0
       0
       0
       0
       0
       1
       0
       0
       0
       0
       0
       0
       0
       0
       0
       0
       0
       0
       0
       0
       2
       0
       1
       1
       0
       1
       0
       0
       0
       0
       0
       0
       0
       1
       1
       1
       0
       0
       0
       0
       0
       0
       0
       0
       0
       0
       0
       0
       0
       0
       0
       0
       0
       1
       0
       0
       0
       0
       0
       0
       0
       0
       0
       0
       0
       0
       0
       1
       0
       0
       0
       0
       0
       0
       0
       0
       0
       0
       0
       0
       0
       0
       0
       0
       0
       0
       0
       0
       0
       0
       0
       0
       0
       0
       0
       0
       0
       0
       0
       1
       0
       0
       0
       0
       0
       0
       1
       0
       0
       0
       1
       0
       0
       1
       2
       0
       0
       1
       0
       0
       0
       0
       0
       0
       0
       0
       0
       0
       1
       0
       0
       0
       0
       0
       0
       0
       0
       0
       0
       0
       0
       0
       0
       0
       0
       1
       0
       0
       0
       0
       0
       0
       0
       0
       0
       0
       0
       0
       0
       1
       0
       0
       0
       0
       0
       0
       0
       0
       0
       0
       0
       0
       0
       0
       0
       0
       0
       1
       0
       0
       0
       0
       0
       0
       0
       0
       0
       0
       0
       1
       1
       1
       0
       0
       1
       0
       0
       1
       0
       0
       0
       0
       0
       0
       0
       0
       0
       0
       0
       0
       0
       0
       0
       0
       1
       1
       0
       0
       0
       0
       0
       1
       0
       0
       0
       0
       0
       0
       2
       0
       0
       0
       0
       0
       0
       0
       0
       0
       0
       0
       0
       0
       0
       0
       0
       0
       0
       0
       0
       0
       0
       0
       0
       0
       0
       0
       0
       0
       1
       1
       0
       2
       0
       0
       1
       0
       0
       0
       0
       0
       0
       0
       0
       0
       0
       0
       0
       0
       0
       0
       0
       0
       0
       0
       0
       0
       1
       0
       0
       0
       0
       0
       0
       0
       0
       0
       0
       0
       0
       1
       0
       0
       0
       1
       0
       0
       0
       0
       0
       0
       1
       0
       0
       0
       0
       0
       0
       0
       0
       0
       1
       0
       1
       0
       0
       0
       0
       0
       0
       0
       0
       0
       0
       0
       0
       0
       0
       0
       0
       0
       0
       0
       0
       0
       0
       0
       0
       0
       0
       0
       0
       1
       0
       0
       0
       0
       0
       0
       0
       0
       0
       1
       1
       1
       0
       0
       0
       0
       0
       0
       0
       0
       1
       0
       0
       0
       0
       0
       0
       0
       0
       1
       0
       0
       0
       0
       0
       1
       0
       0
       0
       0
       0
       0
       0
       0
       0
       0
       0
       0
       1
       1
       0
       0
       0
       1
       0
       0
       0
       0
       0
       0
       0
       0
       0
       0
       1
       0
       0
       0
       0
       0
       0
       1
       1
       1
       1
       0
       0
       0
       0
       0
       0
       0
       0
       0
       0
       0
       0
       0
       1
       0
       0
       1
       0
       0
       1
       0
       0
       0
       0
       0
       0
       0
       0
       0
       0
       1
       2
       0
       0
       0
       1
       1
       1
       0
       0
       0
       0
       0
       0
       0
       0
       0
       0
       0
       0
       0
       0
       0
       0
       0
       0
       0
       0
       0
       0
       0
       0
       0
       0
       0
       0
       0
       0
       0
       0
       0
       0
       0
       0
       0
       0
       0
       0
       0
       0
       0
       0
       0
       0
       0
       0
       0
       0
       0
       0
       0
       0
       0
       0
       0
       0
       0
       0
       0
       0
       0
       0
       0
       0
       0
       0
       0
       0
       0
       0
       0
       0
       0
       0
       0
       1
       0
       0
       0
       0
       0
       0
       0
       0
       0
       0
       0
       0
       0
       0
       0
       0
       0
       1
       0
       0
       1
       0
       0
       0
       1
       0
       0
       1
       0
       0
       0
       0
       0
       0
       0
       0
       0
       0
       0
       0
       0
       0
       0
       0
       0
       0
       0
       2
       0
       0
       0
       0
       0
       1
       0
       0
       0
       0
       0
       0
       0
       0
       0
       0
       0
       0
       0
       0
       0
       0
       0
       0
       0
       0
       0
       0
       1
       0
       0
       0
       0
       0
       1
       0
       0
       0
       1
       0
       0
       0
       0
       0
       0
       0
       0
       0
       0
       0
       0
       0
       0
       0
       0
       0
       0
       0
       0
       0
       0
       0
       0
       0
       0
       0
       1
       1
       0
       1
       0
       0
       0
       0
       0
       0
       0
       0
       0
       1
       0
       0
       1
       0
       0
       0
       1
       0
       0
       1
       0
       0
       0
       0
       0
       0
       0
       0
       0
       0
       0
       0
       0
       0
       0
       0
       0
       0
       0
       0
       1
       0
       0
       0
       0
       0
       0
       0
       0
       0
       0
       0
       0
       1
       0
       0
       0
       0
       0
       0
       0
       0
       0
       0
       0
       0
       0
       0
       0
       0
       0
       1
       0
       0
       0
       0
       0
       0
       0
       0
       0
       0
       0
       0
       0
       0
       0
       0
       0
       0
       1
       0
       0
       0
       0
       0
       0
       0
       0
       1
       0
       0
       0
       0
       1
       0
       0
       0
       0
       0
       0
       0
       0
       0
       1
       0
       0
       0
       0
       0
       1
       0
       0
       0
       0
       0
       1
       0
       0
       0
       0
       0
       0
       0
       0
       0
       0
       0
       0
       0
       0
       0
       0
       0
       1
       0
       0
       0
       0
       0
       0
       1
       0
       0
       0
       0
       0
       0
       0
       0
       1
       0
       0
       0
       0
       0
       0
       0
       0
       0
       0
       0
       0
       0
       0
       0
       1
       0
       0
       1
       0
       0
       0
       0
       0
       0
       0
       0
       0
       0
       0
       0
       0
       1
       0
       0
       0
       0
       0
       0
       0
       0
       0
       1
       0
       0
       0
       0
       0
       1
       0
       0
       0
       0
       0
       0
       0
       1
       0
       0
       0
       0
       0
       0
       0
       0
       0
       0
       0
       0
       0
       0
       0
       0
       0
       0
       0
       0
       0
       0
       0
       0
       0
       0
       0
       0
       0
       0
       0
       0
       0
       0
       0
       0
       0
       0
       1
       0
       0
       0
       1
       0
       0
       0
       0
       0
       0
       0
       1
       0
       0
       0
       0
       1
       0
       0
       0
       0
       0
       0
       0
       0
       0
       0
       0
       0
       1
       0
       0
       0
       0
       0
       0
       0
       0
       0
       0
       0
       0
       0
       0
       1
       0
       0
       0
       0
       0
       0
       0
       0
       0
       0
       0
       0
       0
       0
       0
       0
       1
       0
       0
       0
       0
       0
       0
       0
       0
       0
       0
       0
       0
       0
       0
       0
       0
       0
       0
       0
       0
       0
       0
       0
       0
       0
       0
       0
       0
       0
       0
       3
       0
       0
       0
       1
       0
       0
       0
       0
       0
       0
       0
       0
       0
       0
       0
       0
       0
       0
       0
       0
       1
       0
       0
       0
       0
       1
       0
       0
       0
       0
       0
       0
       1
       0
       0
       1
       0
       0
       0
       1
       0
       1
       1
       0
       0
       0
       2
       0
       0
       0
       0
       0
       0
       0
       0
       0
       0
       0
       0
       1
       0
       1
       0
       0
       0
       0
       0
       0
       0
       0
       0
       0
       0
       0
       0
       2
       0
       0
       0
       1
       0
       1
       0
       0
       0
       0
       0
       0
       0
       0
       0
       0
       0
       0
       0
       0
       0
       1
       1
       0
       0
       0
       0
       0
       0
       0
       0
       0
       1
       0
       1
       0
       0
       0
       0
       0
       0
       0
       0
       0
       0
       0
       0
       0
       0
       0
       1
       0
       0
       0
       0
       0
       0
       0
       0
       0
       0
       0
       0
       0
       0
       0
       0
       0
       0
       1
       0
       0
       0
       0
       0
       0
       1
       0
       0
       0
       1
       0
       0
       0
       0
       2
       0
       0
       0
       1
       0
       0
       0
       0
       0
       0
       0
       0
       0
       0
       0
       0
       0
       0
       0
       0
       1
       0
       0
       1
       0
       0
       1
       0
       0
       0
       0
       0
       0
       0
       0
       0
       0
       0
       0
       0
       0
       0
       0
       0
       0
       0
       0
       0
       0
       0
       0
       0
       0
       1
       0
       0
       1
       0
       0
       2
       1
       0
       1
       2
       2
       0
       1
       0
       0
       0
       1
       0
       0
       0
       0
       0
       0
       0
       0
       0
       1
       0
       0
       0
       0
       0
       0
       0
       0
       0
       0
       0
       0
       0
       0
       0
       0
       0
       0
       0
       0
       0
       0
       0
       0
       1
       0
       0
       0
       0
       0
       0
       0
       0
       0
       0
       0
       0
       0
       0
       0
       1
       0
       0
       1
       0
       1
       0
       0
       0
       0
       0
       2
       0
       0
       0
       0
       0
       0
       0
       0
       1
       0
       0
       0
       0
       0
       0
       1
       0
       0
       1
       0
       0
       0
       0
       0
       0
       0
       0
       0
       0
       0
       1
       0
       0
       0
       0
       0
       1
       0
       0
       0
       0
       0
       0
       0
       0
       0
       0
       0
       0
       1
       0
       0
       0
       1
       0
       0
       0
       0
       1
       0
       0
       0
       0
       0
       0
       0
       0
       0
       0
       0
       0
       0
       0
       0
       0
       0
       0
       0
       1
       0
       0
       0
       0
       0
       0
       0
       0
       0
       1
       0
       0
       0
       0
       0
       0
       0
       0
       0
       0
       0
       0
       0
       0
       0
       0
       0
       0
       1
       0
       0
       0
       0
       0
       0
       0
       0
       0
       0
       0
       0
       0
       0
       0
       0
       0
       0
       0
       0
       0
       0
       0
       0
       0
       0
       0
       0
       0
       0
       0
       0
       0
       0
       1
       0
       0
       0
       0
       0
       0
       0
       1
       0
       0
       0
       0
       0
       0
       0
       0
       0
       0
       0
       0
       0
       0
       0
       0
       0
       0
       0
       0
       0
       0
       0
       1
       0
       0
       0
       1
       0
       0
       0
       0
       0
       0
       0
       0
       0
       0
       1
       0
       0
       0
       0
       0
       0
       1
       0
       0
       0
       0
       0
       0
       0
       0
       0
       0
       0
       0
       0
       0
       0
       0
       0
       0
       0
       1
       0
       0
       0
       0
       0
       0
       0
       0
       0
       0
       0
       0
       0
       0
       0
       0
       0
       0
       0
       0
       0
       0
       1
       0
       0
       0
       0
       0
       0
       0
       0
       0
       0
       0
       1
       0
       0
       0
       0
       0
       0
       0
       0
       0
       1
       0
       0
       1
       1
       0
       0
       0
       0
       0
       0
       0
       0
       0
       0
       0
       0
       0
       0
       1
       0
       0
       0
       0
       0
       0
       0
       0
       0
       0
       0
       0
       0
       0
       0
       0
       0
       0
       0
       0
       0
       0
       0
       0
       0
       0
       0
       0
       0
       0
       0
       0
       0
       0
       0
       0
       0
       0
       0
       0
       0
       0
       0
       0
       0
       0
       0
       0
       0
       0
       0
       0
       0
       0
       0
       0
       2
       0
       0
       0
       0
       1
       0
       0
       0
       0
       0
       0
       0
       0
       0
       0
       0
       0
       0
       0
       0
       0
       0
       1
       0
       0
       0
       0
       0
       1
       0
       0
       0
       0
       0
       0
       0
       0
       0
       0
       1
       1
       0
       0
       0
       0
       0
       0
       0
       0
       0
       0
       0
       0
       1
       0
       1
       0
       0
       1
       0
       0
       0
       0
       0
       1
       0
       0
       0
       0
       0
       0
       0
       0
       0
       0
       0
       0
       0
       0
       0
       0
       0
       0
       0
       0
       0
       0
       0
       1
       0
       0
       0
       0
       0
       0
       0
       0
       0
       0
       0
       0
       0
       0
       0
       0
       0
       0
       0
       0
       0
       0
       0
       0
       0
       0
       0
       0
       0
       1
       0
       0
       0
       0
       0
       0
       0
       0
       0
       0
       0
       0
       0
       0
       0
       0
       0
       0
       0
       2
       0
       1
       0
       0
       0
       1
       1
       0
       0
       1
       0
       1
       0
       0
       0
       0
       0
       0
       0
       0
       0
       0
       0
       0
       0
       0
       0
       0
       0
       0
       0
       0
       0
       0
       0
       0
       0
       0
       0
       0
       0
       0
       2
       1
       0
       0
       0
       0
       0
       0
       0
       0
       0
       0
       0
       0
       0
       0
       0
       0
       0
       0
       0
       1
       0
       0
       0
       0
       0
       0
       0
       0
       0
       0
       0
       0
       0
       0
       0
       0
       1
       0
       0
       0
       0
       0
       1
       0
       0
       0
       0
       1
       0
       0
       1
       0
       0
       0
       0
       0
       0
       0
       0
       0
       0
       0
       1
       0
       0
       0
       0
       0
       0
       0
       0
       0
       0
       0
       0
       0
       0
       0
       0
       0
       0
       0
       0
       0
       0
       0
       0
       1
       1
       0
       0
       0
       0
       0
       0
       0
       0
       0
       0
       0
       0
       0
       0
       0
       0
       0
       0
       0
       0
       0
       0
       0
       0
       0
       0
       0
       0
       0
       0
       0
       0
       0
       0
       0
       0
       0
       0
       1
       0
       0
       0
       0
       0
       0
       0
       0
       1
       0
       0
       0
       0
       0
       0
       0
       0
       0
       0
       0
       0
       0
       0
       1
       0
       0
       0
       0
       0
       0
       0
       0
       0
       0
       0
       0
       0
       0
       0
       0
       0
       0
       0
       0
       0
       0
       0
       0
       0
       0
       0
       0
       0
       0
       0
       0
       0
       0
       0
       0
       0
       0
       0
       0
       0
       0
       0
       0
       0
       0
       1
       0
       1
       0
       0
       0
       1
       0
       0
       0
       0
       0
       0
       0
       0
       0
       0
       0
       0
       0
       0
       0
       0
       0
       0
       0
       1
       0
       0
       0
       1
       0
       0
       0
       0
       0
       0
       0
       0
       0
       0
       0
       0
       0
       0
       0
       0
       0
       0
       0
       0
       0
       0
       0
       0
       0
       0
       0
       1
       0
       0
       0
       0
       1
       0
       0
       0
       1
       0
       0
       0
       0
       0
       0
       0
       0
       0
       0
       0
       0
       0
       0
       0
       0
       0
       0
       0
       0
       0
       0
       0
       0
       1
       0
       0
       0
       1
       0
       0
       0
       0
       0
       0
       0
       0
       0
       0
       0
       0
       0
       0
       0
       0
       0
       0
       0
       0
       0
       0
       0
       0
       0
       0
       0
       0
       0
       1
       0
       0
       0
       1
       0
       0
       0
       0
       0
       0
       0
       0
       0
       0
       0
       0
       0
       0
       0
       0
       0
       0
       0
       0
       1
       1
       0
       0
       0
       0
       0
       0
       0
       0
       0
       0
       0
       0
       0
       0
       0
       0
       0
       0
       0
       0
       0
       0
       0
       1
       0
       0
       0
       0
       0
       0
       0
       0
       0
       0
       1
       0
       0
       0
       0
       0
       0
       0
       0
       0
       0
       0
       0
       0
       0
       0
       0
       0
       1
       0
       0
       0
       0
       0
       0
       0
       0
       0
       0
       0
       0
       0
       0
       0
       0
       0
       0
       0
       0
       0
       0
       0
       0
       0
       0
       0
       0
       0
       0
       0
       0
       0
       0
       0
       0
       0
       0
       1
       0
       1
       0
       0
       0
       0
       0
       0
       0
       0
       0
       0
       0
       0
       0
       0
       0
       0
       0
       0
$ROI:
0
$PRESETS:
Live Time
3600
0
$ENER_FIT:
0.137869 0.366631
$MCA_CAL:
3
1.378689E-001 3.666307E-001 -4.415950E-008 keV
$SHAPE_CAL:
3
2.301834E+000 9.195991E-004 -5.357180E-008
