$SPEC_ID:
Molnar Range
$SPEC_REM:
DET# 1
DETDESC# HPGe Detector 1
AP# GammaVision Version 6.07
$DATE_MEA:
02/10/2016 08:09:32
$MEAS_TIM:
86400 94490
$DATA:
0 8191
       0
       0
       0
       0
   41500
   62625
   32676
   23418
   20012
   19894
   20982
   22418
   24069
   26718
   29697
   34676
   42835
   51418
   55890
   61089
   67885
   73265
   78565
   84320
   88863
   93553
   96777
   98670
   96322
   90880
   82100
   76838
   71741
   54650
   38577
   32715
   28995
   24615
   22331
   20138
   17382
   15778
   15159
   15361
   17306
   18906
   24380
   35428
   34252
   21340
   13663
   12773
   14076
   15806
   15091
   15985
   22633
   24219
   21496
   17996
   16846
   14908
   12732
   14201
   26610
   49366
   47304
   23543
   12779
   14928
   39453
   99692
  107479
   50902
   24458
   17184
   12091
    9939
    9172
    8951
    8734
    9025
    8855
    9049
    8766
    9264
    9415
    9978
   12327
   23328
   40647
   36125
   18598
   12581
   12471
   13000
   13379
   14267
   15248
   16137
   17748
   19133
   20779
   22789
   25038
   27270
   30043
   32180
   34598
   37366
   40038
   43646
   47295
   52274
   56671
   63580
   73573
  101508
  138466
  131877
  108846
  107560
  115191
  125809
  137228
  150759
  167844
  189893
  220506
  260650
  320896
  414860
  525266
  597493
  718724
  888606
  813652
  613298
  535146
  517519
  508709
  496057
  482242
  465534
  453837
  445868
  448941
  459252
  478674
  501721
  529862
  560107
  576901
  589558
  624080
  668326
  718052
  769365
  829208
 1224634
 6568827
32963038
67144037
51034586
14272747
 1465463
   62799
    9399
    8153
    7898
    7904
    8083
    8209
    8301
    8238
    8253
    8682
    8789
    8783
    8812
    8979
    8950
    9119
    9776
   10071
    9949
    9781
    9675
   10520
   13148
   15659
   13976
   11994
   11873
   12323
   13064
   13718
   15122
   16677
   16817
   16834
   17207
   17899
   19632
   21499
   20260
   18324
   17551
   16965
   16463
   16253
   15720
   15227
   15091
   14846
   14809
   14763
   14758
   14408
   14608
   14708
   14751
   14912
   15115
   15323
   15745
   15942
   16330
   16678
   17853
   19095
   20086
   19999
   18890
   18661
   19272
   19688
   20172
   20578
   20652
   20435
   20745
   20893
   21534
   21438
   21694
   22390
   22725
   23100
   23431
   24232
   24921
   25328
   26360
   26630
   27017
   27595
   28601
   29191
   29964
   31094
   31691
   33610
   38625
   45311
   45326
   40081
   48142
  116891
  251074
  262046
  125381
   42016
   28618
   37424
   49565
   46165
   35532
   46918
  136098
  292067
  280696
  117400
   26337
   10178
    9364
    9323
    9435
   10508
   12110
   13940
   12770
   10644
    9969
   10248
   10450
   10771
   10933
   11340
   11779
   11292
   11021
   11253
   11315
   11564
   11502
   11791
   13507
   16292
   18010
   20355
   22909
   20416
   15311
   12598
   12515
   12064
   12364
   13029
   15069
   17169
   16419
   16980
   26764
   47139
   50017
   29915
   16276
   13564
   12598
   12248
   12029
   12282
   17099
   31997
   44798
   34903
   18449
   13119
   22863
   69166
  130824
  113581
   44331
   11145
    5513
    5111
    5000
    5111
    5079
    5069
    5121
    5181
    5064
    5079
    4954
    5202
    5118
    5163
    5138
    5055
    5059
    5111
    5237
    5133
    5157
    5193
    5182
    5142
    5366
    5116
    5341
    5256
    5423
    5163
    5257
    5300
    5416
    5464
    5419
    5657
    5637
    5535
    5338
    5379
    5491
    5569
    5500
    5459
    5410
    5595
    5684
    5580
    5656
    5460
    5656
    5906
    8222
   16589
   26192
   22986
   11635
    6123
    4991
    4894
    5037
    5108
    5875
    7556
    8839
    7282
    5667
    5051
    4988
    4985
    4917
    5052
    5033
    4960
    4976
    4939
    5061
    5052
    4855
    4983
    5085
    5024
    5107
    4981
    5080
    5099
    5219
    5165
    5184
    4956
    4957
    5042
    4988
    4912
    5065
    5011
    5148
    5238
    5403
    5078
    4934
    5222
    6448
    8171
    8021
    6368
    5808
    6093
    5549
    4870
    4565
    4668
    4656
    4630
    5015
    6588
   11166
   14441
   11053
    6452
    4594
    4223
    4331
    4248
    4289
    4349
    4269
    4342
    4204
    4263
    4524
    4923
    5371
    4960
    4401
    4226
    4228
    4282
    4205
    4206
    4271
    4227
    4132
    4241
    4080
    4125
    4182
    4135
    4179
    4062
    4123
    4111
    4097
    4134
    4051
    4054
    4195
    4134
    4165
    4235
    4249
    4359
    4210
    4073
    4132
    4057
    4027
    4158
    4084
    4014
    4060
    3995
    4119
    4007
    4173
    4041
    4311
    4891
    5294
    4822
    4288
    3929
    3898
    3745
    3881
    3935
    3865
    3798
    3829
    3749
    3806
    3735
    3809
    3798
    3965
    3824
    3965
    3719
    3813
    3751
    3891
    3919
    3698
    3745
    3672
    3698
    3747
    3661
    3638
    3807
    3770
    3937
    3830
    3770
    3609
    3624
    3695
    3657
    3914
    6709
   20016
   44386
   52553
   31686
   10529
    3706
    2598
    2575
    2548
    2521
    2553
    2544
    2556
    2521
    2579
    2329
    2547
    2543
    2453
    2430
    2349
    2456
    2476
    2393
    2618
    2425
    2375
    2358
    2454
    2444
    2418
    2380
    2433
    2396
    2347
    2417
    2630
    3552
    4839
    4673
    3446
    2398
    2272
    2205
    2248
    2217
    2268
    2232
    2145
    2106
    2140
    2192
    2179
    2130
    2224
    2104
    2146
    2134
    2189
    2040
    2149
    2091
    2122
    2087
    2178
    2101
    2064
    2069
    2183
    2356
    2300
    2285
    2037
    2028
    2114
    2037
    1994
    2073
    1948
    1980
    1971
    2010
    1934
    2012
    2099
    2138
    2080
    2065
    1888
    1990
    1976
    1902
    1942
    2034
    1947
    2034
    1940
    1949
    2019
    1882
    1877
    1931
    1901
    1908
    1983
    1897
    2001
    1978
    2002
    1915
    1883
    2017
    1949
    1969
    1895
    1883
    1895
    1815
    1862
    1902
    1865
    1927
    1933
    1840
    1852
    1927
    1879
    1922
    1729
    1827
    1886
    1774
    1789
    1859
    1803
    1862
    1857
    1866
    1820
    1851
    1844
    1898
    1795
    1778
    1787
    1808
    1952
    1891
    1773
    1797
    1739
    1786
    1782
    1825
    1782
    1975
    2256
    2290
    2029
    1813
    1835
    1910
    2190
    3053
    3395
    3003
    2216
    1858
    1701
    1720
    1744
    1646
    1691
    1706
    1777
    1750
    1677
    1735
    1672
    1666
    1700
    1594
    1648
    1644
    1774
    1830
    2046
    1988
    1788
    1646
    1647
    1685
    1659
    1713
    1623
    1663
    1611
    1583
    1608
    1684
    1647
    1577
    1642
    1558
    1625
    1605
    1596
    1645
    1554
    1551
    1552
    1530
    1593
    1596
    1518
    1597
    1574
    1625
    1573
    1537
    1520
    1570
    1591
    1639
    1550
    1533
    1668
    1690
    1732
    1720
    1703
    1948
    2276
    2344
    2124
    1677
    1532
    1553
    1471
    1525
    1554
    1576
    1495
    1502
    1563
    1506
    1459
    1454
    1512
    1553
    1645
    1985
    2617
    2873
    2385
    1881
    1493
    1493
    1497
    1548
    1472
    1497
    1457
    1506
    1508
    1533
    1447
    1442
    1426
    1478
    1419
    1397
    1452
    1436
    1440
    1481
    1431
    1494
    1450
    1525
    1418
    1471
    1965
    3784
    7444
    9482
    7372
    3892
    2086
    1522
    1342
    1286
    1284
    1296
    1306
    1259
    1380
    1301
    1281
    1291
    1229
    1330
    1346
    1283
    1253
    1289
    1241
    1275
    1281
    1311
    1274
    1867
    4060
    7865
    9874
    7454
    3725
    1725
    1326
    1286
    1231
    1256
    1160
    1226
    1122
    1224
    1145
    1154
    1192
    1175
    1178
    1152
    1164
    1185
    1214
    1132
    1135
    1296
    1817
    4268
    7858
    9492
    6854
    3133
    1512
    1298
    2550
    8033
   19735
   28828
   23291
   10918
    3370
    1136
     880
     998
    1007
     968
     816
     759
     876
    1021
    1503
    1673
    1380
    1043
     801
     774
     720
     770
     772
     775
     753
     791
     792
     753
     759
     716
     768
     733
     749
     755
     741
     714
     695
     752
     785
     745
     790
     762
     813
     847
     834
     848
     777
     809
     722
     721
     741
     701
     769
     731
     740
     789
     777
     722
     728
     712
     771
     773
     737
     828
     790
     779
     803
     744
     728
     725
     801
     710
     770
     742
     719
     717
     719
     713
     735
     763
     689
     716
     681
     703
     779
     756
     749
     783
     956
    2158
    5762
   10633
   11993
    7991
    3330
    1391
    1453
    2622
    3469
    2674
    1552
     806
     651
     568
     574
     626
     597
     578
     652
     685
     888
    1936
    4322
    7237
    7369
    4413
    1838
     760
     560
     568
     566
     511
     516
     453
     479
     550
     556
     530
     548
     583
     696
    1039
    1635
    1983
    1670
    1031
     661
     525
     518
     494
     518
     527
     523
     503
     552
     483
     479
     516
     530
     578
     632
     807
     792
     660
     586
     540
     485
     532
     519
     473
     506
     475
     557
     591
     544
     521
     511
     546
     528
     487
     530
     540
     707
     816
     733
     591
     524
     525
     526
     487
     512
     504
     515
     502
     494
     511
     467
     496
     581
     531
     517
     502
     580
     479
     589
     639
     537
     512
     481
     492
     479
     486
     487
     464
     494
     516
     501
     536
     496
     541
     484
     489
     492
     546
     491
     481
     518
     504
     571
     683
     803
     819
     880
     942
     851
     708
     586
     626
    1050
    1579
    1979
    1392
     955
     606
     486
     508
     476
     461
     472
     479
     488
     461
     439
     478
     521
     471
     562
     777
    1160
    1680
    1540
    1114
     683
     502
     474
     433
     468
     506
     491
     499
     486
     489
     492
     491
     486
     494
     450
     458
     476
     462
     511
     448
     441
     448
     465
     496
     518
     508
     495
     419
     521
     531
     471
     527
     569
     766
     859
     848
     721
     584
     540
     521
     544
     608
     622
     629
     480
     469
     430
     453
     471
     458
     425
     437
     470
     480
     466
     452
     424
     487
     430
     456
     486
     432
     452
     471
     413
     443
     502
     600
     583
     504
     478
     522
     561
     731
     864
     845
     688
     514
     469
     446
     443
     448
     454
     430
     434
     470
     492
     598
     616
     588
     504
     453
     451
     428
     476
     492
     524
     442
     470
     494
     467
     524
     486
     453
     497
     514
     547
     591
     587
     626
     681
     671
     690
     657
     671
     656
     655
     657
     684
     690
     741
     691
     706
     788
     768
     785
     793
     839
     860
     934
     894
    1042
     961
    1018
    1039
    1063
    1016
    1086
    1028
    1123
    1040
    1018
     981
     908
     880
     871
     803
     801
     739
     755
     753
     694
     693
     672
     624
     626
     571
     569
     579
     592
     565
     544
     551
     583
     502
     484
     479
     411
     443
     456
     411
     398
     370
     370
     345
     358
     358
     341
     338
     333
     327
     342
     308
     348
     306
     342
     315
     297
     322
     307
     295
     342
     334
     318
     320
     299
     289
     310
     323
     305
     327
     341
     322
     312
     319
     294
     286
     315
     299
     303
     277
     291
     294
     306
     323
     322
     320
     349
     319
     342
     336
     352
     345
     349
     444
     510
     599
     647
     658
     655
     619
     551
     486
     421
     430
     414
     436
     440
     433
     355
     288
     278
     298
     259
     304
     279
     274
     277
     277
     282
     270
     245
     326
     286
     279
     265
     313
     313
     349
     335
     328
     284
     282
     320
     261
     282
     255
     276
     296
     289
     286
     262
     278
     295
     260
     266
     301
     290
     290
     279
     273
     251
     273
     256
     272
     231
     241
     253
     257
     242
     271
     245
     242
     245
     268
     233
     229
     237
     220
     256
     253
     239
     197
     254
     245
     215
     212
     213
     207
     207
     216
     221
     244
     214
     213
     231
     211
     196
     209
     230
     220
     229
     205
     221
     214
     205
     203
     206
     250
     201
     218
     199
     208
     211
     202
     203
     206
     200
     229
     209
     226
     195
     226
     201
     210
     203
     201
     202
     187
     186
     178
     191
     202
     222
     178
     213
     179
     211
     217
     191
     211
     204
     204
     186
     178
     186
     213
     217
     228
     205
     218
     211
     204
     209
     182
     188
     199
     196
     215
     197
     192
     223
     180
     192
     201
     197
     197
     198
     211
     196
     173
     202
     177
     182
     178
     178
     186
     192
     209
     220
     234
     219
     236
     179
     224
     180
     166
     178
     173
     171
     198
     156
     149
     182
     181
     202
     164
     159
     191
     160
     168
     163
     185
     197
     216
     216
     179
     188
     163
     180
     199
     175
     183
     192
     210
     226
     208
     171
     175
     169
     156
     168
     209
     226
     246
     237
     247
     201
     169
     139
     157
     150
     152
     144
     179
     160
     165
     158
     159
     170
     172
     223
     292
     385
     447
     392
     290
     216
     179
     165
     165
     192
     182
     183
     171
     175
     177
     148
     146
     150
     165
     166
     178
     165
     148
     135
     166
     161
     153
     160
     159
     176
     177
     154
     176
     164
     210
     186
     185
     143
     161
     162
     150
     137
     144
     158
     164
     160
     142
     158
     143
     148
     152
     115
     179
     133
     144
     163
     153
     235
     542
    1077
    1900
    2353
    1896
    1042
     430
     200
     149
     125
     152
     115
     127
     126
     134
     122
      99
     137
     108
     142
     137
     127
     134
     148
     160
     154
     136
     155
     127
     123
     101
     131
     116
     149
     126
     119
     138
     138
     137
     150
     159
     161
     181
     134
     142
     128
     109
     118
     122
     113
     132
     116
     116
     144
     117
     133
     102
     124
     110
     111
     137
     137
     226
     339
     373
     326
     248
     183
     113
     124
     133
     121
     123
     115
     111
     138
     116
     122
     111
     113
     119
     146
     109
     106
     123
     126
     137
     149
     130
     123
     109
     145
     219
     504
     995
    1375
    1450
     976
     480
     234
     143
     105
     110
     106
     101
     106
     106
     126
     101
     104
      91
     112
     100
     110
     116
     110
     159
     414
    1486
    4408
    9057
   12510
   11918
    7556
    3219
     992
     227
      99
      76
      71
      73
      90
      68
      76
      80
      73
      61
      63
      64
      69
      87
      83
      89
      82
      73
      81
      53
      66
      64
      67
      63
      60
      64
      57
      60
      69
      63
      89
     101
      80
      85
      72
      56
      63
      69
      71
      77
     117
     147
     162
     172
     128
     103
      71
      63
      57
      53
      50
      57
      54
      52
      59
      70
      68
      50
      69
      53
      63
      68
     102
     240
     481
     914
    1152
    1019
     665
     300
     146
      75
      65
      55
      70
      58
      97
     119
     153
     191
     154
     142
      90
     102
     108
     142
     173
     233
     220
     163
     120
      85
      75
      63
      89
      61
      79
      51
      60
      72
      70
      66
      70
      62
      59
      65
      51
      58
      53
      63
      62
      44
      50
      56
      68
      64
      66
      72
      58
      87
     133
     211
     269
     276
     224
     116
      78
      75
      71
      57
      56
      59
      51
      66
      66
      53
      69
      49
      61
      67
      51
      39
      53
      53
      67
      56
      63
      49
      59
      69
      59
      75
     144
     493
    1443
    3338
    5583
    6274
    4987
    2783
    1256
     420
     174
     104
      60
      50
      37
      32
      28
      47
      37
      44
      41
      31
      53
      40
      66
      72
      74
      79
      54
      53
      55
      45
      48
      42
      44
      40
      34
      33
      43
      38
      25
      36
      44
      70
     105
     187
     270
     282
     184
     165
      74
      58
      43
      36
      31
      40
      32
      34
      30
      33
      21
      29
      23
      34
      33
      29
      36
      38
      22
      31
      31
      39
      30
      28
      30
      31
      28
      35
      25
      25
      31
      25
      26
      28
      40
      22
      33
      23
      37
      33
      37
      32
      40
      42
      58
     107
     200
     291
     275
     189
     109
      56
      40
      33
      48
      68
      85
      90
      90
      61
      49
      27
      34
      31
      35
      43
      24
      28
      33
      34
      28
      26
      34
      30
      65
      86
     140
     179
     179
     111
      77
      67
      38
      39
      55
      90
     123
     174
     178
     154
     123
     123
     116
     110
      56
      49
      27
      27
      24
      30
      36
      24
      26
      36
      35
      40
      23
      23
      45
      31
      25
      25
      28
      31
      37
      34
      51
      34
      42
      27
      46
      31
      23
      23
      27
      22
      32
      31
      30
      27
      37
      35
      42
      49
      40
      33
      37
      30
      42
      36
      27
      29
      34
      28
      35
      29
      24
      33
      26
      26
      32
      36
      34
      39
      32
      25
      24
      22
      42
      19
      26
      31
      40
      25
      29
      33
      33
      24
      27
      30
      36
      51
      60
      67
      73
      60
      70
      48
      42
      32
      34
      30
      35
      30
      26
      38
      31
      15
      29
      19
      18
      40
      27
      29
      24
      24
      38
      24
      34
      50
      43
      40
      34
      24
      19
      32
      28
      33
      30
      26
      30
      18
      35
      17
      17
      32
      32
      24
      31
      32
      31
      37
      34
      30
      31
      29
      25
      26
      35
      29
      29
      40
      34
      33
      27
      27
      36
      33
      34
      31
      34
      24
      47
      39
      38
      35
      48
      40
      40
      39
      33
      38
      37
      34
      37
      49
      27
      38
      37
      33
      29
      40
      31
      38
      25
      43
      32
      35
      35
      26
      41
      30
      31
      31
      24
      35
      36
      38
      36
      33
      36
      29
      37
      32
      27
      40
      41
      37
      36
      30
      24
      27
      31
      45
      63
      81
      94
      48
      41
      37
      25
      32
      29
      27
      22
      35
      38
      45
      54
      54
      50
      37
      23
      29
      30
      32
      34
      37
      35
      32
      28
      28
      22
      29
      31
      31
      17
      31
      43
      35
      27
      24
      27
      21
      29
      35
      39
      42
      56
      45
      39
      28
      30
      35
      14
      26
      24
      38
      26
      24
      33
      27
      31
      38
      31
      24
      29
      26
      22
      32
      31
      25
      41
      32
      24
      41
      26
      32
      37
      28
      27
      33
      27
      17
      28
      26
      20
      23
      26
      30
      24
      27
      17
      25
      22
      34
      23
      32
      32
      29
      13
      26
      30
      32
      23
      41
      24
      29
      19
      24
      33
      23
      19
      28
      36
      24
      45
      28
      32
      26
      30
      33
      31
      23
      22
      21
      30
      17
      28
      22
      22
      28
      17
      22
      28
      23
      23
      19
      26
      25
      23
      29
      20
      21
      26
      30
      28
      32
      27
      23
      27
      33
      31
      27
      23
      27
      31
      33
      43
      27
      33
      29
      24
      27
      32
      22
      19
      17
      31
      23
      25
      21
      28
      21
      22
      32
      25
      26
      26
      28
      42
      32
      44
      32
      34
      25
      34
      21
      21
      34
      19
      28
      21
      25
      22
      22
      18
      23
      25
      23
      14
      24
      16
      26
      20
      23
      26
      27
      29
      24
      33
      22
      27
      24
      23
      21
      22
      27
      23
      22
      32
      28
      19
      23
      24
      28
      20
      32
      30
      20
      19
      17
      21
      29
      14
      26
      31
      23
      21
      16
      17
      20
      20
      23
      19
      26
      18
      29
      25
      20
      17
      25
      20
      26
      21
      20
      21
      20
      22
      24
      18
      26
      18
      19
      23
      25
      21
      26
      25
      20
      22
      24
      18
      24
      18
      27
      15
      23
      25
      30
      27
      12
      25
      26
      12
      25
      25
      19
      14
      29
      18
      13
      24
      24
      21
      22
      14
      24
      29
      22
      29
      23
      24
      41
      36
      27
      29
      18
      14
      17
      16
      19
      10
      20
      22
      32
      19
      31
      25
      26
      23
      19
      22
      20
      27
      15
      16
      28
      16
      23
      28
      16
      17
      20
      21
      28
      30
      20
      26
      30
      20
      29
      15
      29
      23
      19
      24
      17
      22
      25
      28
      17
      13
      19
      25
      15
      25
      23
      24
      18
      22
      19
      22
      21
      16
      20
      20
      36
      25
      22
      33
      16
      25
      20
      27
      16
      27
      21
      21
      26
      13
      18
      17
      17
      21
      10
      19
      30
      22
      23
      19
      17
      28
      15
      23
      25
      23
      19
      13
      28
      15
      15
      23
      17
      17
      20
      21
      17
      19
      18
      20
      18
      18
      23
      12
      22
      15
      17
      22
      20
      30
      16
      15
      25
      28
      35
      41
      29
      26
      29
      38
      45
      50
      48
      38
      39
      27
      26
      24
      26
      27
      33
      23
      15
      12
      13
      17
      24
      16
      20
      19
      14
      18
      20
      23
      24
      14
      25
      14
      20
      21
      13
      27
      20
      20
      30
      21
      21
      12
      23
      20
      29
      16
      15
      23
      22
      12
      23
      23
      19
      21
      32
      15
      24
      15
      15
      22
      20
      15
      20
      17
      16
      15
      24
      16
      14
      11
      18
      24
      19
      21
      15
      25
      13
      14
      18
      17
      18
      26
      14
      17
      22
      11
      20
      18
      13
      26
      25
      17
      20
      18
      21
      16
      20
      18
      27
      15
      21
      17
      15
      21
      17
      13
      22
      21
      19
      25
      22
      14
      17
      18
      22
      18
      16
      28
      31
      26
      18
      19
      18
      18
      14
      21
      19
      21
      15
      16
      25
      24
      16
      24
      12
      20
      24
      23
      18
      18
      17
      19
      16
      11
      14
      26
      17
      17
      13
      26
      13
      17
      12
      21
      14
      18
      23
      17
      19
      21
      22
      22
      13
      21
      22
      16
      14
      20
      17
      21
      17
      13
      19
      21
      18
      19
      21
      15
      15
      21
      21
      25
      12
      25
      18
      13
      20
      17
      13
      17
      18
      17
      17
      22
      16
      11
      18
      19
      20
      16
      21
      22
      17
      17
      10
      13
      27
      17
      16
      18
      18
      19
      15
      15
      14
      16
      18
      19
      23
      15
      19
      17
      18
      21
      22
      14
      22
      17
      16
      13
      17
      14
      15
      14
      12
      14
      16
      19
      24
      17
      22
      17
      12
      18
      25
      19
      17
      23
      18
      16
      17
      20
      17
      11
      15
      13
      19
      21
      16
      23
      24
      26
      18
      15
      27
      16
      18
      15
      21
      25
      20
      13
      20
      21
      20
      16
      18
      11
      19
      17
      25
      17
      12
      14
      22
      16
      16
      12
      22
      13
      17
      19
       8
      18
      15
      13
      17
      18
      20
      24
      16
      17
      16
      12
      23
      18
      19
      14
      12
      11
      18
      22
      16
      18
      21
      24
      19
      15
      19
      19
      14
      19
      22
      27
      22
      29
      30
      18
      34
      20
      34
      27
      43
      28
      39
      36
      34
      34
      43
      32
      50
      50
      48
      41
      57
      50
      56
      58
      74
      76
      79
      78
      57
      77
      60
      50
      63
      45
      56
      41
      52
      39
      34
      31
      35
      40
      28
      25
      35
      28
      19
      19
      24
      19
      16
      16
      19
      19
      20
      18
      10
      16
      18
      16
      17
      13
      19
      11
      16
      16
      20
      19
      10
      18
      20
      13
      16
      13
      15
      13
       6
      16
      16
      20
      13
      17
      17
      15
      17
      10
      16
      23
      15
      21
      16
      13
      11
      14
      11
      18
      13
      23
      23
      16
      12
      14
      24
      19
      18
      19
      16
      22
      15
      11
      11
      15
      19
      12
      15
      14
      17
      21
      20
      18
      13
      18
      12
       9
      12
      13
      14
      25
       8
      22
      13
      16
      18
      16
      13
      14
      14
       9
      24
      12
      12
      14
      19
      21
      24
      15
      19
      18
      14
      11
       7
      17
      20
      15
      16
      15
      11
      17
      17
      16
      19
       9
      13
      16
      12
      17
      14
      22
      19
      18
      19
       9
      16
      13
      11
      22
      17
      13
      14
      19
      21
      22
      16
      18
      19
      15
      16
      17
      12
       9
      15
      14
      19
      12
      16
      12
      17
      13
      14
      17
       6
      15
      16
      18
      18
      14
      14
      13
      11
      13
      17
      15
      14
      11
      13
      14
      16
      18
      19
      22
      14
      12
      11
      24
      11
      16
      15
      12
      19
      16
      14
      10
       9
      11
      13
       9
      11
      15
      13
      15
      12
       6
      13
      14
      18
      10
      19
      16
      15
      11
      22
      11
      12
      14
      17
      12
      17
      19
      12
      18
      20
      23
       8
      15
      15
      12
      11
      20
      11
      24
      14
      17
      15
      10
      14
      17
      18
      12
      13
      17
      13
      17
      19
      12
      20
      16
      14
      12
      10
      18
      16
      10
      20
      17
      20
      11
      15
      15
      23
      23
      18
      18
      20
      15
      11
      10
      18
      17
      15
      17
      14
      16
      14
      12
      16
      11
      13
      22
      17
      15
      13
      26
      22
      24
      18
      13
       6
      17
      15
      13
      21
      20
      15
      18
      15
      12
      21
       8
      16
      10
       8
      17
       7
      15
      17
       8
      13
      11
      14
      12
       5
      10
      20
      15
      21
      17
      17
      16
       9
      12
      19
      10
      15
      14
      16
       9
      15
      10
      19
      13
      15
      12
      15
      12
      17
      17
      14
      17
      13
      11
      10
      24
      19
      15
      20
      21
      16
      18
       8
      20
      15
       7
      15
      13
      13
      21
      23
      25
      32
      26
      27
      19
      21
      23
      15
      17
      17
      11
      12
      12
      16
      15
      12
      13
      14
      16
      19
       5
      20
      25
      13
      17
      17
      13
      19
      14
      17
      12
      15
      11
      17
      13
      12
      14
      12
      24
      17
      14
      11
      15
      15
      12
      15
      14
      10
      13
      12
       8
      14
      11
      10
      18
      17
       7
      10
       9
      15
      17
      12
      17
      13
      16
       9
      12
      19
      21
      15
      13
      14
      16
      25
      11
      13
      11
      14
      12
      25
      15
      13
      12
      14
      16
      13
      17
      27
      22
      23
      16
      16
      16
      18
      19
       7
      12
      10
      22
      17
      10
      15
      15
      15
      17
      13
      10
      21
      10
       9
       9
      19
      16
      11
      11
      19
      13
      19
      10
      20
      12
      15
      13
      16
       9
      15
      18
       9
      14
      15
      17
      11
      16
      14
      12
      16
      15
      14
      12
      12
      14
      13
      17
      16
      13
      13
      15
      19
      15
      14
      11
      11
      13
       7
       9
      12
      18
      12
      15
      19
       8
      12
      16
      20
      12
      12
      20
      10
       9
       8
      13
      14
      18
      10
      14
      19
      12
      14
      21
       8
      17
      15
      12
      12
      18
      16
      18
      14
      19
      19
      12
      14
      16
      11
      17
       8
      13
      10
      18
      16
       8
      11
      10
      15
      17
      15
      12
      10
      10
      11
      12
      13
      11
      11
      15
      10
      19
       6
      15
      12
       9
      19
      12
      17
      13
      10
       9
      17
       8
      13
      11
      16
      16
      21
      14
      19
      14
      20
       7
      13
      12
       6
      11
      15
      12
      18
      15
       6
      10
      18
      15
      16
      15
      13
      13
       6
      13
      20
      11
      19
       6
      13
      10
      12
      15
      14
      12
      14
      10
      14
      14
      15
      19
      11
      12
      20
      10
      11
      16
      14
      10
      16
      10
      11
       8
      20
       9
      18
      10
      18
      11
      14
      13
       8
       9
      15
      14
      17
      11
       8
      14
      12
       7
      14
      16
      13
      20
      16
      12
      19
      14
      15
      15
      15
      12
      20
      15
      15
      16
       5
      14
      17
      14
      16
      18
      15
      15
      15
      15
      10
       9
      15
      12
      13
      10
      16
      12
      15
      11
      12
      13
      22
      22
      16
      12
      13
      16
      17
      10
      12
      10
      17
      12
      17
      12
      12
      10
      15
      14
      17
      12
      15
      15
      18
      18
      13
      18
      11
      13
      20
      20
      16
      19
      10
      18
      14
      19
      11
      12
       7
      21
      15
      20
      17
      16
      13
       9
      20
      18
      19
      18
      10
      19
      14
       9
      20
      16
      17
      17
      16
      20
       9
      16
      18
      17
      17
      13
      10
      17
      16
      14
      13
      18
      12
      16
      17
      19
      11
      16
       8
      15
      14
      10
      16
      16
      12
      11
      11
       9
       7
      13
       9
      11
      13
       9
       9
       8
      17
       9
       9
      20
      11
      10
      12
      22
      15
      14
      15
      14
       8
      20
      13
      15
       7
      19
      14
      18
      12
      14
      12
      17
      14
      15
      13
      14
      23
      13
      15
      13
      18
       4
      12
      11
      10
      15
       8
      14
      11
      10
      13
      16
      13
      16
      11
      12
      10
       9
      15
      12
      18
      10
      12
       6
      10
      11
      15
      20
      14
      12
      10
      13
      15
      13
      11
       9
      13
      21
      12
      16
      12
      14
      12
      15
      14
      17
      11
      10
      17
      13
      22
      12
      19
      12
      12
      13
      12
      11
      17
      19
      16
      15
      16
      32
      31
      25
      28
      21
      18
      15
      18
       9
      14
      17
       8
      11
      10
      14
      11
       6
      10
      10
       9
      13
      20
       8
      18
      14
      16
      15
      14
      18
      18
      18
      10
       7
      14
      17
      12
      12
      11
      14
      18
       8
      22
      12
      19
      11
      17
      12
      12
      11
      10
      12
      13
      16
      18
      16
      15
      12
      17
      15
      13
      20
      15
       7
      12
      15
      15
      13
      22
      16
      27
      12
      13
      13
      12
      12
      11
      19
      17
      22
      15
      17
      12
      12
      12
      14
      16
      14
      12
      10
      19
      22
      13
      16
      14
      15
       6
       8
      14
      16
      17
      15
      14
      15
      14
      12
      13
      15
       8
       9
      10
      19
      10
      16
      22
      12
      14
      15
      17
      14
      14
      11
      13
      19
      16
      11
      10
      10
      13
      19
      12
       9
      14
      15
      15
      11
      17
      21
      19
      20
      11
      15
      12
      14
      19
      12
      12
      17
      10
      17
      18
      12
      21
       6
      16
      12
      16
      10
      15
      12
      15
      18
      14
      12
      11
       9
      13
      16
      12
      17
      10
      16
      11
      16
      12
      11
      15
      16
      17
      16
       8
      24
       8
      14
      13
      13
      12
      19
      21
      16
      12
      15
      12
       8
      15
      17
      15
      19
      16
       9
      12
      19
      20
      12
      19
      14
      17
      16
      17
      20
      10
      14
      12
      10
       8
      15
      15
      13
      11
      15
      16
      17
      16
      13
      20
       8
      10
      22
      19
      14
      17
      11
      17
      16
      19
      16
      11
      19
      10
      14
      14
      14
      23
      15
      10
      13
       8
      13
       9
      10
      14
      19
      13
      21
      15
      12
      20
      18
      13
      15
      16
       8
      15
      15
      19
      13
      16
      18
      16
      14
      10
      12
      11
      14
      13
      17
      21
      14
      13
      14
      17
       6
      18
      15
      13
       9
      17
      17
      17
      14
      22
      16
      13
      17
      11
      19
      24
       8
      12
      11
      12
      15
      14
      16
      13
      21
      19
      15
      15
      16
      14
      12
      12
      16
      13
      13
      16
      19
      15
      14
      16
      12
      17
      12
       9
      13
      17
       6
      18
      14
      14
      13
      13
      22
      14
      18
      18
      13
      13
      14
      12
      14
       8
      13
       8
      10
       6
      11
       8
      14
      12
      15
      12
      14
      10
      12
      11
      12
      17
      11
      17
      17
      11
      13
      10
      12
       5
      15
      22
      11
      18
      11
      16
      14
      11
      12
      12
      11
      15
      12
      15
       9
       6
       9
       8
      12
      10
      14
      10
      12
      11
      10
      16
      13
      12
      10
      14
       6
      13
      10
      16
      10
       8
       8
       8
      13
      12
      14
       8
       9
      11
      12
      11
      11
       7
      13
      12
       8
      10
      11
       9
       3
      12
       5
      12
      10
      14
      10
       9
      12
      12
      12
       9
      11
      12
      11
      12
       9
       4
      17
      13
      14
      10
      11
       8
      11
      13
      12
      16
       7
       5
      13
      10
      11
       8
       9
       6
       9
       7
      11
      12
      13
       5
       8
      15
       6
      11
      13
      12
      15
      10
      11
      11
       5
      19
      11
      11
      14
       9
       8
      13
       4
      10
       9
       7
      14
      14
      10
      10
       7
      14
       9
      13
      13
      14
      15
      10
       9
      12
       8
      13
       5
       5
      14
       8
      11
       4
       5
      10
       7
      11
      14
       6
       8
      12
       8
       8
      16
      10
      12
      16
       8
       7
       8
      12
      10
      14
      10
       7
       7
       7
       7
      11
       8
       7
      10
      10
       6
       9
       8
      19
      10
      11
       6
      15
      10
       9
       9
      10
       9
       5
       7
       7
       7
       7
      14
       8
      12
      10
      11
       8
       7
       5
       7
      10
      11
       6
      10
      14
       9
       7
       7
       9
       9
       9
       9
      10
       9
      10
       7
       6
       6
       6
       6
       8
       8
       9
       8
      14
       3
       3
       6
       4
      11
       8
       7
       5
      11
      12
       5
       9
      21
       6
      12
       4
      12
       6
       4
       5
       9
       9
      10
       6
       9
       6
       9
       9
      10
       7
       8
       9
       9
       9
       3
       8
       6
       7
       6
       7
       3
       8
       7
      10
       4
       5
       6
       7
       5
      11
      11
       3
       4
       6
       5
       3
       6
       8
      10
       8
       9
      13
       2
       6
       6
       5
       9
       8
      11
       8
       9
       8
       5
       6
       9
       9
       5
      15
       8
       6
       3
       6
       7
       8
       6
       2
       4
       6
      10
       6
       4
       4
       9
       3
      11
      11
       8
      10
       4
       9
       8
      10
      10
       5
       8
       8
       8
      10
       8
       6
       6
       6
       9
       5
      11
      12
       9
       6
       5
       8
       6
       3
       4
       8
       9
       8
       9
       9
       4
      11
       8
       4
       7
       1
       7
       7
       7
       7
       9
      10
       8
      12
       7
       6
       7
       8
       8
       9
       8
      11
       9
       7
       5
       3
       7
       7
       6
      10
       9
       7
       6
       9
       9
       9
       6
       8
       3
       3
       6
       6
       7
       7
       5
       4
       4
       6
       5
      10
       6
       5
       9
       7
       6
       3
       3
       4
       4
       4
       9
       7
       3
       3
       7
       8
       9
       6
       4
       6
       3
       4
       7
       9
      11
       8
       9
       9
       5
       8
      10
       8
       7
       7
      11
      12
       7
      11
       8
       4
       6
       4
       5
       6
       4
       6
       9
       7
       4
       8
      10
       7
       5
       3
       3
       5
       9
       2
       7
       9
       5
       6
      14
      22
      11
      13
      16
      13
       9
      11
       6
       3
       1
       6
      13
       7
       4
       2
      12
       7
       5
       5
       7
      14
       5
       7
       8
       6
       6
       4
       9
       6
       5
      12
       5
       4
      13
       3
       9
       6
      12
      12
      10
      14
      15
      17
      17
      19
      13
      15
      14
       8
       3
       7
       5
       9
       3
       8
       6
      10
       4
      10
       7
       7
       5
       8
       8
       3
       5
      13
       4
       5
       6
       4
       5
       3
       4
       6
       7
       2
       7
       9
       5
       4
       9
      10
       6
      11
       4
       5
       8
       8
       9
       9
      12
      11
      14
      12
       8
      13
      16
      19
      19
      22
      16
      21
      15
      25
      27
      31
      32
      37
      31
      23
      51
      31
      49
      36
      47
      57
      65
     115
     128
     181
     245
     233
     242
     217
     129
      91
      57
      53
      55
      47
      38
      41
      28
      31
      37
      35
      28
      35
      28
      30
      29
      24
      22
      18
      22
      20
      17
      13
      11
       8
      10
      14
      10
       9
      17
      14
      14
       7
       4
      13
       3
       4
       6
      13
       1
       8
       5
       6
       8
       6
       5
       7
       4
       6
       6
       5
       4
       3
       4
       5
       4
       5
       3
       5
       6
       5
       5
       5
       6
       5
       3
       6
       4
       4
       1
       3
       4
       3
       8
       6
       4
       3
       7
       2
       7
       4
       7
       3
       5
       6
       7
       3
       3
       3
       8
       7
       6
       2
       8
       4
       7
       4
       6
       3
       5
       6
       3
       6
       5
       4
       8
       0
       6
       4
       2
       7
       3
       4
       9
       3
       8
       4
       4
       3
       7
       3
       8
       8
       3
       6
       3
       4
       5
       8
       5
       7
       3
       6
       6
       5
       1
       8
       4
       9
       4
       9
       5
       2
       5
       5
       4
       7
      12
       6
       4
       3
       5
       3
       5
       6
       4
       6
       6
       4
       7
       4
       2
       8
       4
       5
       3
       8
       9
       4
       6
       5
      10
       4
       5
       3
       5
       5
       5
       5
       5
       2
      11
       6
       5
       5
       5
       7
       2
       4
       4
       5
       5
       1
       2
       7
       4
       4
       5
       6
       8
       4
       5
       2
       2
       6
       3
       6
       4
       8
       4
       7
       4
       2
       6
       8
       9
       9
       5
       8
       9
      10
       4
       3
       6
       2
      11
       6
       6
       9
       7
       7
       7
       5
       4
       5
       6
      11
       9
       5
       3
       6
       4
       5
       4
       6
       6
       7
       5
       3
       7
       6
       6
       2
       7
       6
       8
       4
       2
      10
       9
       5
       5
       5
       3
       3
       6
       5
       5
       3
       7
       8
       8
       8
       4
       3
       3
      12
       4
       6
       4
       8
       7
       4
       5
       5
       2
       6
       7
       6
       4
       5
       4
       2
       3
       4
      10
       5
       4
       7
       4
       5
       4
       3
       2
       6
       6
       4
       2
       5
       5
       7
       8
       2
       4
       5
       3
      11
       2
       7
       7
       8
       6
       6
       4
       6
       7
       2
       7
       5
       8
       7
       8
       5
       2
       3
       5
       4
       2
       8
       3
       3
       3
       6
       5
       5
       4
       3
       8
       5
       5
       2
       7
      12
       1
       9
       4
       6
       4
       5
       9
       3
       4
       6
       7
       2
       3
       4
       4
       4
       4
       3
       3
       5
       3
       7
       9
       4
       7
       3
       3
       2
       3
       4
       6
       2
       7
       6
       2
       3
       4
       2
       2
       4
       6
       1
       1
       6
       7
       7
       1
       1
       1
       7
       7
       5
       0
       3
       6
       8
       3
       0
       6
       6
       8
       4
       0
       9
       4
       8
       5
       3
       7
       7
       5
       2
       6
       6
       7
       6
       2
       7
       9
       8
       2
       4
       2
       4
       5
       9
       6
       4
       1
       2
       7
       2
       8
       4
       3
       5
       5
       2
       4
       9
       3
       6
       3
       4
       7
       6
       6
       2
       6
       6
       5
       7
       7
       1
       3
       8
       2
       6
       8
       2
       3
       4
       2
       5
       4
       4
       1
       8
       4
       6
       4
       4
       6
       5
       2
       2
       3
       6
       3
       7
       8
       2
       2
       5
       4
       4
       6
       3
      10
       4
       5
       8
       7
       6
       6
       6
       2
       9
       5
       8
       6
       5
       2
       3
       7
       3
       5
       3
       2
       6
       4
       8
       2
       3
       7
       6
       4
       1
       5
       7
       7
       5
       3
       2
       3
       4
       3
       9
       6
       3
       5
       2
      10
       3
       7
       2
       7
       3
       4
       5
       2
       4
       3
       4
       5
       2
       3
       6
       4
       3
       6
       6
       7
       1
       2
       2
       2
       7
       2
      10
       8
       4
       3
       4
       5
       2
       1
       5
       5
       8
       0
       5
       3
       3
       6
       7
       1
       4
       3
       8
       2
       3
       1
       4
       1
       5
       3
       4
       3
       5
       4
       6
       6
       6
       5
       9
       3
       7
       6
       7
       3
       2
       9
       4
       1
       6
       9
       3
       4
       4
       4
       5
       9
       2
       3
       2
       3
       3
       5
       7
       4
       3
       5
       4
       3
      13
       3
       6
       5
       6
       1
       3
       5
       2
       3
       1
       6
       5
       4
       4
       5
       5
       1
       1
       3
       3
       2
       5
       4
       1
       4
       1
       7
       3
       9
       4
       3
       6
       3
       3
       6
       2
       4
       0
       3
       6
       5
      11
       4
       9
       5
       3
       5
       6
       7
       4
       2
       7
       5
       4
       8
       4
       7
       8
       3
       4
       2
       7
       3
       1
       3
       3
       2
       2
       1
       8
       6
       3
       9
       4
       5
       2
       1
       8
       1
       5
       1
       5
       4
       4
       9
       4
       1
       4
       5
       4
       3
       4
       2
       2
       5
       3
      13
       5
       4
       2
       7
       2
       4
       7
       3
       5
       8
       3
       5
       3
       6
       3
       4
       0
       4
       1
       7
       9
       3
       5
       2
       5
      10
       4
       3
       2
       3
       5
       2
       3
       9
       2
       6
       6
       5
       5
       5
       4
       5
       4
       0
       1
       2
       7
       5
       4
       1
       5
       5
       3
       2
       3
       7
       5
       5
       3
       4
       7
       7
       3
       6
       6
       6
       9
       9
       9
       2
       5
       2
       3
       4
       1
       5
       2
       5
      11
       1
       2
       3
       3
       2
       5
       5
       3
       4
       4
       2
       5
       8
       6
       4
       4
       5
       1
       4
       4
       5
       2
       4
       5
       3
       4
       4
       6
       5
       7
       3
       6
       3
       0
       4
       7
       4
       4
       7
       3
       4
       4
       5
       4
       4
       1
       4
       7
       4
       3
       6
       5
       9
       5
       3
       5
       4
      10
       8
       9
       6
       9
       5
       8
       7
      10
      10
      11
       4
       5
      10
       9
       8
       6
       7
       2
       8
       4
       3
       5
       2
       3
       3
       3
       6
       4
       7
       7
       4
       2
       9
       4
       3
       5
      10
       3
       5
       7
       8
       3
       8
       3
       3
       4
       3
       8
       8
       4
       6
       4
       6
       4
       4
       4
       3
       7
       3
       2
       2
       3
       8
       2
       4
       6
       4
       0
       5
       8
       3
       3
       4
       3
       3
       4
       0
       2
       3
       4
       5
       5
       7
       2
       1
       6
       3
       4
       3
       4
       8
       4
       2
       6
       2
       5
       3
       4
       7
       4
       8
       4
       2
       2
       8
      10
       5
       4
       4
       5
       6
       4
       5
       3
       5
       6
       5
       4
       8
       5
       4
       7
       6
       1
       5
       4
       6
       0
       1
       5
       6
       5
       1
       4
       7
       2
       7
       8
       3
       3
       2
       1
       5
       2
       2
       1
       1
       5
       3
       6
       9
       4
       4
       2
       3
       4
       2
       5
       5
       2
       4
       5
       3
       4
       1
       3
       6
       2
       2
       6
       2
       5
       1
       1
       4
       6
       6
       3
       3
       6
       4
       7
       4
       7
       4
       6
       4
       2
       3
       3
       3
       4
       4
       3
       0
      10
       2
       2
       3
       7
       6
       4
       8
       6
       9
       8
       5
       3
       2
       5
       3
       3
       5
       1
       2
       0
       2
       3
       4
       3
       1
       4
       6
       4
       5
       2
       5
       1
       5
       6
       9
       7
       3
       0
       4
       2
       2
       5
       4
       6
       4
       2
       2
       2
       7
       4
       4
       3
       1
       5
       7
       3
       6
       6
       6
       4
       3
       4
       3
       2
       4
       4
       4
       3
       2
       9
       6
       5
       3
       4
       4
       6
       7
       3
       5
       3
       8
       3
       1
       8
       2
       4
       4
      10
       4
       5
       5
       8
       6
       3
       1
       6
       4
       3
       5
       4
       7
       5
       5
       3
       5
       5
       8
       2
       4
       3
       7
       4
       7
       5
       7
       2
       1
       2
       3
       3
       5
       6
       1
       6
       6
       3
       7
       3
       5
       3
       6
       4
       2
       1
       5
       3
       3
       4
       3
       5
       6
       2
       3
       3
       1
       5
       8
       2
       3
       3
       3
       1
       3
       5
       3
       3
       2
       3
       3
       3
       3
       6
       5
       4
       3
       3
       4
       5
       6
       4
       6
       2
       4
       6
       4
       7
       3
       4
       1
       5
       3
       2
       4
       3
       6
       3
       2
       7
       3
      11
       6
       3
       6
       3
       6
       2
       6
       5
       7
       6
       4
       2
       3
       2
       3
       5
       5
       2
       5
       5
       3
       2
       6
       2
       7
       2
       4
       6
       1
       2
       5
       3
       2
       8
       4
       1
       7
       4
       3
       5
       4
       5
       1
       3
       4
       3
       0
       6
       1
       5
       3
       6
       2
       4
       3
       6
       2
       9
       4
       6
       3
       7
      10
       5
       5
       6
       3
       3
       5
       5
       3
       3
       6
       3
       4
       6
       3
       7
       5
       2
       4
       7
       2
       6
       3
       6
       3
       3
       3
       4
       4
       3
       2
       2
       7
       2
       7
       6
       4
       5
       3
       2
       4
       8
       5
       4
       1
       6
       6
       8
       3
       3
       2
       1
       8
       4
       5
       2
       2
       4
       6
       2
       3
       5
       5
       6
       6
       3
       2
       5
       2
       4
       5
       3
       3
       2
       5
       3
       2
       1
       6
       3
       5
       2
       7
       4
       3
       8
       3
       2
       4
       3
       3
       4
       6
       4
       4
       3
       0
       2
       3
       0
       5
       4
       3
       4
       2
       1
       4
       4
       0
       7
       2
       6
       4
       3
       3
       3
       2
       4
       1
       2
       5
       7
       4
       7
       4
       1
       4
       4
       1
       2
       2
       4
       4
       2
       8
       3
       5
       4
       1
       3
       5
       3
       3
       3
       3
       4
       4
       4
       2
       3
       3
       2
       1
       5
       4
       4
       9
       4
       2
       3
       2
       4
       4
       3
       2
       6
       1
       3
       1
       1
       3
       3
       4
       5
       2
       2
       5
       4
       5
       5
       2
       4
       3
       2
       5
       2
       4
       5
       5
       6
       5
       5
       4
       4
       2
       2
       3
       3
       3
       2
       2
       2
       1
       4
       3
       4
       4
       6
       0
       2
       1
       3
       2
       1
       4
       4
       3
       3
       2
       2
       5
       5
       4
       5
       5
       2
       4
       4
       3
       1
       2
       4
       3
       3
       5
       4
       6
       2
       6
       8
       3
       2
       5
       5
       4
       5
       5
       4
       3
       4
       1
       2
       4
       2
       4
       4
       3
       2
       4
       5
       4
       1
       6
       3
       5
       6
       3
       3
       4
       4
       5
       1
       2
       4
       6
       5
       4
       3
       5
       2
       2
       3
       2
       6
       4
       1
       2
       3
       2
       3
       1
       1
       1
       6
       4
       5
       2
       2
       1
       2
       2
       1
       0
       3
       5
       2
       0
       2
       2
       1
       3
       6
       1
       7
       3
       6
       1
       7
       3
       5
       3
       5
       4
       0
       6
       2
       1
       2
       5
       3
       3
       4
       3
       1
       2
       4
       1
       3
       3
       0
       1
       4
       2
       6
       1
       2
       1
       4
       5
       5
       4
       3
       3
       2
       2
       5
       3
       4
       4
       4
       1
       3
       2
      11
       2
       2
       4
       1
       4
       4
       6
       7
       3
       2
       3
       1
       2
       2
       0
       2
       0
       2
       3
       1
       4
       2
       1
       2
       3
       4
       2
       2
       2
       4
       2
       8
       4
       2
       4
       7
       2
       2
       4
       3
       2
       1
       1
       5
       2
       1
       7
       5
       5
       3
       2
       4
       1
       3
       3
       6
       3
       3
       3
       5
       2
       2
       3
       1
       2
       7
       1
       5
       2
       3
       4
       4
       3
       2
       1
       2
       1
       1
       6
       3
       3
       2
       0
       6
       4
       5
       2
       1
       3
       3
       2
       1
       0
       5
       0
       4
       4
       4
       3
       3
       4
       4
       2
       4
       2
       0
       4
      10
       1
       5
       6
       2
       3
       4
       6
       1
       0
       2
       2
       0
       2
       3
       1
       0
       4
       6
       5
       2
       6
       2
       1
       6
       3
       3
       0
       7
       5
       1
       1
       0
       1
       1
       4
       3
       1
       2
       1
       2
       3
       8
       3
       9
       1
       5
       3
       1
       3
       3
       1
       2
       3
       3
       5
       1
       1
       2
       4
       4
       0
       1
       2
       2
       0
       3
       3
       3
       2
       4
       2
       5
       5
       5
       1
       3
       2
       4
       4
       1
       5
       5
       2
       4
       4
       6
       7
       9
       4
       8
       5
       5
       4
       3
       8
       6
       6
       5
       4
       3
       3
       3
       3
       9
       2
       6
       6
       6
       6
       2
       6
       2
       7
       5
       5
       5
      11
       9
      12
       7
       6
       7
       7
       9
       7
       9
       6
       8
       6
       5
      10
       2
       7
       4
       4
       4
       3
       3
       6
       5
       3
       2
       6
       4
       3
       1
       4
       4
       4
       2
       6
       3
       3
       8
       2
       5
       4
       2
       2
       3
       5
       5
       3
       5
       7
       7
       2
       7
       7
       5
       3
       3
       5
       4
       8
       1
       4
       7
       3
       3
       9
       9
       2
       7
       6
       3
       4
       5
       6
       7
       2
       7
       2
       4
       6
       0
       7
       4
       2
       3
       5
       4
       4
       5
       4
       4
       4
       2
       2
       3
       2
       0
       4
       3
       2
       3
       1
       3
       6
       8
       7
       5
       4
       5
       3
       6
       2
       5
       3
       3
       4
       2
       3
       1
       2
       1
       4
       2
       7
       4
       0
       3
       3
       3
       0
       5
       0
       2
       4
       2
       3
       6
       1
       3
       2
       3
       2
       4
       1
       2
       5
       4
       7
       2
       3
       1
       2
       2
       1
       2
       3
       1
       3
       2
       1
       2
       4
       2
       2
       2
       4
       5
       1
       2
       4
       2
       4
       1
       2
       3
       5
       2
       2
       0
       2
       3
       2
       3
       2
       4
       3
       2
       4
       4
       2
       3
       3
       3
       1
       4
       5
       2
       0
       3
       0
       4
       2
       2
       2
       3
       5
       3
       2
       0
       3
       3
       0
       3
       2
       1
       3
       1
       4
       1
       3
       2
       3
       4
       0
       4
       3
       3
       3
       2
       2
       2
       0
       2
       3
       4
       3
       4
       0
       3
       3
       4
       3
       3
       3
       2
       4
       1
       3
       1
       4
       2
       5
       3
       2
       2
       6
       3
       0
       3
       3
       2
       3
       1
       5
       2
       1
       1
       4
       6
       1
       0
       3
       1
       2
       4
       2
       3
       2
       2
       0
       2
       3
       2
       8
      11
      11
      20
      15
      13
      22
      17
       8
      12
       6
       8
       2
       6
       1
       4
       1
       3
       3
       0
       3
       4
       2
       2
       2
       1
       6
       1
       2
       0
       3
       4
       3
       3
       1
       4
       2
       4
       1
       2
       1
       1
       3
       2
       6
       3
       1
       1
       1
       1
       2
       4
       1
       2
       2
       5
       5
       3
       5
       1
       7
       3
       3
       2
       3
       0
       2
       1
       3
       1
       1
       1
       1
       3
       1
       3
       2
       0
       2
       4
       3
       1
       4
       3
       3
       0
       2
       1
       5
       3
       4
       5
       5
       2
       2
       1
       3
       4
       3
       6
       4
       0
       4
       1
       0
       4
       1
       2
       2
       3
       2
       2
       0
       0
       2
       2
       3
       1
       3
       1
       1
       2
       4
       1
       2
       4
       3
       3
       2
       2
       3
       5
       4
       1
       5
       3
       2
       2
       0
       2
       2
       2
       1
       1
       4
       4
       1
       3
       0
       0
       2
       3
       5
       2
       0
       2
       1
       2
       2
       3
       3
       2
       2
       2
       0
       3
       2
       1
       0
       1
       4
       2
       3
       5
       4
       2
       2
       3
       1
       3
       1
       2
       1
       3
       4
       3
       6
       2
       2
       0
       2
       2
       0
       2
       2
       3
       2
       1
       2
       2
       5
       3
       4
       2
       0
       1
       1
       1
       3
       1
       1
       3
       1
       2
       1
       0
       0
       5
       2
       1
       4
       2
       3
       0
       0
       2
       2
       1
       0
       2
       2
       2
       4
       1
       3
       0
       3
       2
       1
       4
       4
       5
       2
       2
       5
       4
       1
       1
       1
       2
       3
       3
       2
       3
       3
       2
       3
       4
       1
       3
       2
       0
       7
       4
       3
       1
       1
       1
       5
       1
       4
       2
       2
       0
       3
       1
       2
       0
       1
       2
       2
       3
       2
       1
       0
       1
       1
       3
       2
       4
       4
       4
       1
       1
       1
       2
       1
       2
       2
       5
       3
       3
       2
       4
       1
       4
       3
       3
       1
       4
       3
       1
       7
       2
       1
       5
       0
       3
       0
       2
       2
       1
       2
       2
       4
       4
       4
       1
       0
       3
       1
       1
       1
       1
       3
       3
       1
       1
       6
       4
       4
       3
       3
       3
       0
       5
       1
       2
       2
       1
       2
       2
       0
       2
       4
       1
       2
       1
       5
       2
       0
       2
       3
       0
       2
       1
       1
       2
       5
       0
       2
       1
       2
       2
       1
       4
       1
       2
       3
       2
       1
       0
       2
       0
       3
       2
       1
       0
       3
       3
       3
       0
       2
       3
       6
       3
       3
       1
       4
       1
       5
       2
       3
       3
       1
       1
       2
       4
       2
       2
       3
       6
       0
       2
       2
       1
       1
       2
       1
       1
       1
       6
       3
       2
       1
       2
       3
       1
       3
       1
       3
       2
       2
       2
       2
       1
       3
       1
       0
       2
       1
       1
       2
       3
       3
       0
       3
       2
       3
       2
       3
       1
       4
       5
       1
       3
       2
       1
       1
       3
       3
       2
       2
       1
       1
       2
       3
       1
       2
       1
       4
       1
       0
       4
       2
       2
       2
       2
       3
       3
       0
       2
       1
       4
       1
       4
       1
       3
       1
       2
       3
       1
       6
       1
       1
       3
       1
       0
       3
       3
       0
       0
       1
       0
       1
       2
       2
       3
       1
       2
       1
       2
       2
       2
       6
       6
       2
       1
       3
       1
       4
       0
       0
       3
       2
       2
       1
       3
       0
       1
       2
       2
       2
       2
       1
       2
       1
       3
       2
       2
       1
       2
       1
       2
       4
       3
       3
       0
       1
       2
       2
       1
       4
       3
       3
       2
       4
       2
       2
       0
       0
       2
       1
       2
       2
       2
       2
       0
       2
       2
       2
       1
       2
       0
       0
       3
       2
       4
       3
       1
       0
       3
       3
       6
       2
       1
       0
       2
       2
       1
       0
       1
       2
       1
       0
       2
       2
       1
       4
       1
       2
       3
       2
       4
       1
       3
       1
       1
       0
       2
       1
       0
       1
       5
       2
       1
       4
       1
       2
       0
       0
       3
       1
       1
       1
       1
       3
       1
       0
       1
       4
       3
       2
       2
       1
       1
       2
       1
       4
       4
       2
       2
       1
       2
       3
       2
       1
       3
       3
       3
       0
       0
       3
       4
       0
       3
       1
       0
       2
       0
       1
       2
       1
       4
       1
       0
       0
       1
       3
       2
       0
       4
       3
       2
       2
       1
       2
       0
       1
       2
       1
       1
       0
       0
       2
       0
       1
       3
       1
       3
       4
       0
       3
       1
       1
       2
       2
       1
       0
       1
       5
       1
       4
       2
       3
       0
       5
       1
       1
       1
       3
       3
       4
       1
       2
       0
       1
       1
       2
       2
       2
       1
       0
       0
       1
       3
       2
       2
       0
       1
       3
       2
       2
       1
       4
       3
       0
       1
       2
       2
       2
       2
       2
       1
       1
       4
       3
       1
       2
       0
       1
       2
       1
       0
       3
       1
       2
       1
       1
       1
       3
       1
       4
       1
       2
       5
       1
       3
       2
       1
       1
       3
       3
       2
       0
       4
       2
       5
       0
       2
       1
       1
       1
       4
       2
       2
       1
       3
       2
       1
       0
       2
       1
       1
       0
       0
       3
       1
       2
       3
       4
       0
       2
       0
       4
       0
       2
       1
       3
       4
       3
       1
       1
       1
       1
       2
       1
       3
       1
       1
       1
       1
       3
       2
       1
       3
       2
       2
       1
       3
       3
       1
       2
       3
       1
       3
       3
       4
       3
       1
       2
       6
       3
       2
       5
       1
       1
       4
       3
       2
       1
       1
       0
       0
       2
       3
       1
       1
       2
       3
       1
       2
       1
       1
       2
       3
       1
       0
       0
       3
       2
       6
       1
       2
       3
       1
       3
       4
       2
       1
       2
       3
       2
       2
       6
       7
       4
       4
       5
       1
       5
       2
       3
       5
       1
       2
       1
       3
       4
       5
       3
       2
       0
       3
       2
       3
       3
       2
       0
       3
       2
       3
       4
       3
       1
       3
       0
       1
       1
       5
       0
       3
       6
       3
       2
       2
       4
       6
       1
       2
       0
       3
       2
       0
       0
       1
       1
       2
       4
       0
       3
       4
       1
       1
       3
       1
       2
       0
       0
       4
       2
       1
       2
       1
       1
       1
       2
       0
       3
       1
       2
       0
       2
       1
       1
       3
       1
       1
       1
       0
       2
       1
       2
       2
       1
       2
       1
       1
       4
       4
       3
       1
       2
       2
       3
       1
       2
       2
       0
       0
       3
       3
       1
       5
       0
       1
       1
       1
       1
       1
       2
       2
       2
       2
       0
       2
       4
       2
       2
       0
       3
       2
       0
       4
       2
       3
       4
       4
       0
       1
       1
       2
       2
       3
       1
       2
       0
       2
       2
       0
       3
       2
       2
       2
       2
       2
       1
       0
       2
       3
       1
       4
       3
       5
       1
       2
       0
       0
       3
       0
       1
       1
       0
       2
       4
       1
       3
       1
       2
       1
       2
       9
$ROI:
0
$PRESETS:
Live Time
86400
0
$ENER_FIT:
0.137869 0.366631
$MCA_CAL:
3
1.378689E-001 3.666307E-001 -4.415950E-008 keV
$SHAPE_CAL:
3
2.301834E+000 9.195991E-004 -5.357180E-008
