$SPEC_ID:
Molnar Range
$SPEC_REM:
DET# 1
DETDESC# HPGe Detector 1
AP# GammaVision Version 6.07
$DATE_MEA:
02/05/2016 08:32:06
$MEAS_TIM:
86400 93811
$DATA:
0 8191
       0
       0
       0
       6
   36053
   52330
   27273
   19570
   18151
   18691
   19367
   21192
   22692
   24984
   27846
   30912
   36776
   42985
   48214
   53568
   59207
   65811
   72010
   77691
   81316
   85765
   88920
   89432
   88153
   81834
   74738
   69543
   65332
   49476
   35182
   29830
   26736
   22655
   20919
   18856
   15973
   14267
   13465
   13214
   14192
   14168
   13407
   14315
   13702
   11730
   10369
   10121
   10321
   10867
   10613
   10931
   12988
   13578
   12716
   11877
   11522
   10994
   10669
   12531
   25116
   48326
   47121
   22912
   11788
   11615
   24143
   55251
   60690
   33437
   22007
   16535
   11718
    9398
    8658
    8425
    8466
    8480
    8351
    8433
    8503
    8662
    9006
    9324
   11010
   18659
   31397
   28470
   16096
   12094
   11952
   12488
   13339
   13506
   15021
   15943
   17524
   18870
   20622
   22567
   24593
   27124
   29705
   32132
   34071
   36917
   39715
   43118
   47437
   51747
   56694
   62873
   72544
   96754
  129262
  124944
  107129
  107735
  115913
  125193
  137253
  150190
  167961
  189872
  218397
  258635
  315848
  404061
  508442
  580173
  690648
  847995
  783813
  597483
  519945
  503221
  493964
  481355
  466637
  450759
  435056
  428498
  427226
  434371
  450235
  470009
  492810
  518103
  530740
  542050
  570166
  613618
  655630
  704069
  759211
 1095984
 5706230
29297113
61167268
47479670
13517645
 1402931
   60190
    8410
    7609
    7285
    7419
    7575
    7784
    7796
    7709
    7847
    8022
    8310
    8177
    8281
    8355
    8525
    8678
    9147
    9643
    9484
    9285
    9373
   10158
   12454
   14469
   13545
   11642
   11374
   11814
   12556
   13387
   14920
   16485
   16668
   16348
   16517
   17336
   19229
   20905
   20099
   18257
   17497
   16576
   16252
   15859
   15378
   14936
   14939
   14491
   14470
   14744
   14321
   14256
   14092
   14080
   14359
   14465
   15090
   14910
   15330
   15590
   16081
   16470
   17392
   18625
   19650
   19154
   18277
   18502
   18609
   19087
   19959
   19944
   20230
   20187
   20148
   20629
   21230
   21048
   21468
   21641
   22068
   22412
   23039
   23451
   24265
   24726
   25565
   25999
   26219
   26935
   27560
   28469
   29238
   29741
   30956
   32357
   37517
   43903
   44457
   39166
   45852
  108754
  235943
  253354
  124449
   41679
   28070
   35823
   47626
   45401
   34536
   43720
  124475
  275513
  275230
  117661
   27050
   10273
    9145
    9420
    9467
   10080
   12165
   13399
   12471
   10591
    9883
    9996
   10168
   10357
   10848
   11046
   11315
   11070
   10725
   10881
   11089
   11185
   11346
   11475
   12825
   15710
   17843
   19453
   22019
   19672
   14936
   12399
   11880
   11816
   11840
   12703
   14799
   16467
   16029
   15961
   23572
   40370
   44407
   27785
   15820
   13172
   12371
   11769
   11880
   12128
   16104
   30034
   43943
   34567
   18255
   12775
   21105
   64548
  124976
  112213
   45170
   11448
    5300
    5022
    5055
    4976
    5126
    5151
    5055
    5105
    5109
    5141
    4974
    5100
    4968
    5102
    5045
    5109
    5258
    5158
    5062
    5188
    5073
    5146
    5149
    5174
    5150
    5231
    5200
    5343
    5205
    5161
    5204
    5181
    5410
    5372
    5415
    5632
    5547
    5301
    5380
    5289
    5263
    5408
    5447
    5417
    5509
    5542
    5556
    5485
    5591
    5644
    5564
    5698
    7636
   15444
   25344
   22801
   11705
    6159
    4985
    4870
    5012
    5004
    5601
    7386
    8710
    7387
    5649
    5083
    4933
    4995
    4980
    4896
    4901
    5002
    4842
    4932
    4836
    4997
    4876
    4900
    4820
    4965
    4994
    4927
    5001
    4915
    5253
    5089
    5156
    5091
    4761
    4808
    4994
    4792
    4887
    4950
    4975
    5073
    5039
    4997
    4803
    5148
    6061
    7835
    7987
    6354
    5709
    6023
    5597
    4913
    4589
    4618
    4495
    4435
    4832
    6249
   10543
   13960
   11018
    6418
    4595
    4286
    4196
    4198
    4319
    4294
    4218
    4213
    4236
    4171
    4301
    4785
    5148
    4899
    4447
    4061
    4051
    4175
    4068
    4176
    4246
    4238
    4097
    4165
    4083
    4047
    4016
    4068
    4189
    3992
    3989
    4069
    4151
    4018
    4105
    4115
    4034
    4135
    4171
    4331
    4364
    4320
    4043
    4073
    4051
    3992
    3894
    4096
    3992
    3891
    3964
    3930
    4012
    4165
    4105
    4105
    4143
    4718
    5103
    4775
    4112
    3921
    3912
    3858
    3900
    3812
    3863
    3850
    3793
    3742
    3756
    3822
    3818
    3779
    3686
    3808
    3826
    3802
    3681
    3752
    3682
    3847
    3615
    3724
    3687
    3493
    3696
    3611
    3631
    3709
    3765
    3962
    3780
    3623
    3551
    3572
    3539
    3661
    3701
    6130
   17598
   41406
   51878
   32406
   11324
    3778
    2684
    2506
    2525
    2528
    2473
    2564
    2520
    2587
    2554
    2571
    2486
    2436
    2402
    2456
    2423
    2348
    2447
    2349
    2359
    2361
    2410
    2404
    2411
    2372
    2349
    2299
    2278
    2335
    2302
    2261
    2588
    3377
    4660
    4677
    3432
    2500
    2192
    2238
    2262
    2171
    2167
    2161
    2179
    2125
    2131
    2094
    2155
    2172
    2097
    2124
    2159
    2163
    2086
    2107
    2131
    2079
    2049
    2058
    2012
    2067
    1976
    2031
    2202
    2354
    2366
    2149
    2048
    2068
    2078
    2020
    2000
    1995
    2062
    2012
    1989
    1963
    2092
    1938
    2018
    2037
    2103
    1950
    1934
    1969
    1987
    1841
    2026
    1932
    1979
    2005
    1968
    1968
    1924
    1920
    1923
    1912
    1887
    1898
    1872
    1879
    2003
    1979
    2049
    1948
    1901
    1904
    1845
    1885
    1986
    1774
    1880
    1912
    1803
    1806
    1821
    1902
    1881
    1837
    1796
    1807
    1871
    1857
    1802
    1934
    1880
    1850
    1769
    1869
    1801
    1827
    1829
    1841
    1837
    1789
    1711
    1839
    1754
    1714
    1756
    1794
    1852
    1836
    1824
    1687
    1738
    1754
    1717
    1782
    1868
    1947
    2132
    2262
    2114
    1849
    1638
    1786
    2041
    2718
    3291
    2986
    2254
    1796
    1712
    1724
    1675
    1709
    1690
    1684
    1680
    1779
    1653
    1711
    1653
    1677
    1667
    1611
    1607
    1690
    1655
    1808
    2011
    2010
    1824
    1657
    1619
    1698
    1663
    1615
    1695
    1613
    1596
    1629
    1676
    1644
    1622
    1598
    1572
    1603
    1496
    1638
    1572
    1605
    1541
    1484
    1566
    1538
    1532
    1560
    1518
    1620
    1549
    1564
    1561
    1593
    1552
    1591
    1528
    1538
    1487
    1497
    1646
    1622
    1692
    1677
    1695
    1821
    2200
    2302
    2031
    1732
    1522
    1441
    1483
    1528
    1501
    1469
    1506
    1514
    1521
    1457
    1533
    1457
    1508
    1471
    1598
    1894
    2526
    2787
    2408
    1852
    1509
    1463
    1471
    1392
    1434
    1403
    1484
    1461
    1506
    1469
    1459
    1433
    1391
    1449
    1396
    1489
    1454
    1407
    1456
    1425
    1437
    1466
    1498
    1472
    1404
    1449
    1778
    3564
    6950
    9232
    7531
    4225
    2124
    1469
    1379
    1306
    1341
    1280
    1301
    1281
    1255
    1290
    1245
    1299
    1309
    1249
    1231
    1219
    1272
    1293
    1354
    1244
    1306
    1266
    1344
    1781
    3462
    7133
    9600
    7703
    4071
    1857
    1258
    1230
    1187
    1134
    1148
    1194
    1157
    1202
    1156
    1172
    1111
    1207
    1108
    1155
    1153
    1172
    1162
    1133
    1112
    1232
    1674
    3773
    7258
    9533
    7137
    3584
    1570
    1166
    2094
    6700
   17512
   27462
   24167
   12191
    3754
    1242
     958
     948
     987
     916
     810
     789
     832
     995
    1401
    1629
    1423
    1085
     864
     754
     764
     745
     786
     784
     756
     756
     744
     705
     759
     731
     799
     758
     783
     749
     755
     803
     721
     738
     794
     767
     842
     754
     795
     783
     833
     737
     759
     784
     766
     803
     727
     755
     721
     741
     756
     709
     724
     704
     710
     767
     752
     768
     694
     773
     896
     795
     779
     733
     749
     674
     753
     737
     770
     721
     744
     690
     716
     734
     685
     725
     687
     685
     667
     710
     683
     749
     769
     726
     879
    1813
    4856
    9805
   11970
    8505
    3640
    1425
    1352
    2343
    3313
    2786
    1699
     901
     613
     567
     589
     587
     548
     584
     579
     650
     848
    1612
    3806
    6780
    7349
    4854
    2048
     866
     565
     536
     520
     513
     495
     544
     524
     495
     568
     530
     537
     553
     662
     930
    1488
    1949
    1738
    1075
     691
     536
     459
     519
     509
     520
     549
     491
     482
     529
     517
     487
     509
     507
     616
     776
     826
     683
     587
     557
     533
     509
     499
     524
     510
     530
     529
     529
     498
     560
     483
     521
     501
     526
     509
     560
     652
     758
     710
     627
     528
     516
     489
     493
     476
     526
     520
     506
     506
     491
     492
     486
     542
     506
     530
     509
     496
     519
     530
     552
     552
     505
     527
     496
     509
     458
     517
     460
     496
     460
     487
     478
     518
     505
     472
     483
     427
     479
     507
     486
     505
     461
     550
     693
     789
     759
     905
     891
     858
     669
     617
     637
     930
    1422
    1877
    1570
     953
     592
     507
     471
     465
     530
     467
     460
     554
     464
     460
     449
     490
     484
     489
     705
    1111
    1490
    1600
    1147
     704
     559
     496
     426
     504
     492
     538
     513
     514
     437
     474
     466
     450
     527
     456
     454
     448
     464
     530
     433
     493
     492
     450
     471
     514
     448
     456
     485
     490
     486
     514
     478
     620
     700
     862
     856
     707
     611
     515
     519
     506
     593
     634
     642
     530
     461
     524
     466
     440
     448
     445
     441
     455
     440
     448
     430
     472
     464
     441
     433
     415
     450
     468
     477
     456
     411
     519
     534
     568
     563
     528
     515
     517
     699
     865
     857
     659
     571
     449
     454
     460
     456
     462
     509
     428
     470
     499
     609
     622
     581
     533
     454
     485
     405
     438
     434
     446
     452
     461
     447
     469
     467
     461
     494
     516
     538
     499
     511
     539
     626
     615
     717
     684
     609
     642
     626
     624
     671
     658
     678
     694
     684
     717
     749
     801
     745
     798
     869
     813
     872
     904
     925
     932
     967
     968
    1006
    1051
    1040
    1036
    1048
    1004
     972
     945
     932
     852
     801
     821
     845
     796
     699
     713
     686
     707
     675
     629
     593
     618
     612
     603
     575
     532
     582
     550
     514
     524
     451
     463
     432
     416
     436
     405
     418
     380
     349
     326
     370
     353
     342
     352
     289
     345
     336
     320
     357
     317
     314
     306
     314
     316
     279
     306
     318
     286
     327
     343
     313
     324
     319
     313
     319
     308
     326
     329
     294
     293
     304
     299
     308
     311
     327
     289
     289
     280
     322
     300
     316
     291
     310
     291
     313
     335
     336
     355
     360
     444
     458
     595
     609
     669
     661
     628
     537
     558
     481
     465
     404
     402
     384
     399
     346
     296
     292
     311
     289
     287
     274
     309
     271
     298
     276
     306
     266
     291
     285
     249
     285
     295
     317
     312
     317
     294
     288
     289
     256
     280
     264
     291
     298
     254
     287
     303
     274
     268
     263
     243
     258
     309
     297
     272
     232
     268
     243
     267
     243
     240
     301
     271
     223
     251
     251
     247
     244
     254
     234
     246
     221
     225
     247
     206
     225
     210
     236
     218
     255
     235
     250
     220
     218
     218
     207
     220
     214
     204
     214
     195
     215
     230
     200
     201
     203
     215
     197
     227
     215
     204
     212
     217
     207
     212
     206
     216
     183
     237
     195
     210
     199
     216
     186
     207
     177
     181
     195
     213
     174
     216
     197
     194
     194
     218
     216
     206
     187
     180
     183
     189
     173
     211
     221
     206
     200
     200
     200
     184
     191
     172
     180
     232
     179
     189
     196
     193
     220
     228
     207
     186
     175
     192
     159
     195
     166
     181
     174
     199
     182
     169
     184
     195
     168
     187
     190
     213
     193
     213
     185
     198
     182
     200
     182
     206
     228
     244
     197
     191
     202
     185
     179
     194
     186
     167
     172
     158
     175
     150
     178
     164
     188
     178
     187
     168
     158
     172
     196
     190
     193
     188
     186
     200
     179
     179
     188
     186
     158
     168
     221
     223
     215
     214
     196
     168
     158
     153
     166
     184
     229
     245
     295
     249
     188
     176
     149
     176
     167
     173
     144
     144
     163
     163
     162
     155
     172
     174
     194
     265
     321
     470
     419
     322
     259
     179
     175
     160
     178
     177
     172
     159
     161
     188
     159
     138
     156
     153
     164
     158
     179
     172
     163
     165
     144
     155
     162
     142
     156
     150
     171
     176
     194
     186
     208
     162
     172
     159
     149
     141
     169
     136
     146
     120
     169
     142
     158
     150
     163
     154
     153
     153
     154
     157
     149
     145
     219
     422
     977
    1828
    2362
    1955
    1199
     538
     211
     161
     151
     139
     147
     137
     140
     171
     131
     147
     120
     125
     129
     144
     124
     125
     132
     137
     156
     140
     148
     124
     157
     126
     116
     123
     125
     128
     133
     110
     149
     125
     133
     165
     181
     150
     143
     136
     117
     124
     119
     128
     127
     113
     142
     116
     114
     133
     128
     113
     113
     109
     119
     138
     153
     188
     295
     351
     353
     275
     185
     141
     110
     127
     150
     117
     119
      98
     127
     131
     128
     129
     107
     144
     101
     132
     125
     115
     122
      92
     125
     103
     117
     121
     131
     200
     398
     814
    1285
    1484
    1046
     596
     277
     136
     108
     102
     119
     113
     100
     120
     117
     104
      96
      98
     110
     108
     120
     115
     108
     134
     320
    1122
    3483
    7744
   11735
   12267
    8441
    3879
    1271
     340
     112
      92
      56
      77
      77
      72
      66
      70
      59
      67
      66
      71
      78
      60
      77
      90
      80
      79
      68
      71
      66
      66
      55
      67
      68
      54
      67
      51
      68
      64
      74
      70
      95
      81
      73
      74
      76
      77
      74
      89
      88
     135
     159
     185
     155
      93
      72
      70
      53
      67
      68
      67
      79
      56
      56
      65
      59
      62
      67
      60
      62
      70
      93
     166
     378
     777
    1063
    1095
     800
     369
     143
      68
      60
      49
      62
      71
      85
      97
     151
     189
     158
     144
     108
      88
     104
     117
     192
     224
     223
     199
     124
      71
      74
      57
      73
      68
      53
      66
      55
      63
      75
      65
      67
      78
      76
      69
      54
      61
      55
      65
      45
      53
      52
      48
      58
      50
      53
      50
      61
      76
     109
     170
     248
     240
     208
     136
      81
      64
      65
      65
      70
      62
      61
      50
      60
      67
      66
      41
      67
      53
      50
      46
      70
      58
      58
      44
      58
      55
      70
      56
      60
      70
     119
     339
    1055
    2702
    4937
    6019
    5424
    3286
    1500
     564
     233
      96
      56
      59
      34
      45
      26
      33
      26
      38
      41
      31
      40
      36
      50
     101
      71
      72
      47
      50
      48
      57
      60
      33
      31
      46
      31
      40
      33
      36
      28
      32
      40
      61
      82
     186
     258
     291
     250
     150
      79
      50
      39
      35
      44
      33
      38
      36
      32
      41
      35
      24
      31
      39
      32
      39
      37
      42
      30
      32
      28
      31
      39
      35
      24
      43
      47
      36
      31
      31
      28
      42
      25
      31
      41
      32
      31
      36
      28
      42
      29
      33
      23
      28
      52
     110
     159
     246
     262
     225
     117
      63
      36
      38
      32
      53
      68
      86
      69
      51
      41
      31
      34
      31
      32
      25
      42
      49
      25
      40
      41
      46
      34
      48
      43
      74
     134
     149
     173
     150
     101
      54
      50
      34
      50
      66
      98
     183
     165
     137
     125
     106
     116
     108
      51
      45
      35
      36
      27
      38
      24
      29
      29
      31
      31
      29
      35
      40
      27
      29
      30
      22
      27
      36
      33
      42
      50
      36
      45
      35
      33
      30
      33
      21
      35
      26
      38
      31
      27
      33
      27
      41
      37
      40
      22
      27
      45
      37
      53
      44
      40
      27
      24
      27
      21
      30
      29
      24
      35
      28
      26
      32
      34
      26
      29
      21
      26
      29
      23
      26
      37
      26
      36
      21
      34
      25
      21
      23
      30
      28
      25
      44
      56
      59
      79
      47
      53
      73
      40
      33
      28
      28
      28
      33
      27
      29
      29
      22
      21
      21
      23
      25
      22
      33
      30
      27
      16
      39
      35
      38
      48
      43
      44
      21
      28
      27
      25
      27
      24
      17
      26
      27
      23
      26
      28
      29
      27
      28
      21
      34
      41
      34
      17
      23
      40
      35
      28
      30
      32
      29
      37
      25
      34
      27
      31
      35
      32
      28
      30
      33
      28
      31
      38
      31
      36
      29
      36
      37
      31
      39
      43
      28
      34
      30
      38
      41
      31
      32
      32
      26
      37
      26
      38
      37
      42
      37
      37
      28
      34
      30
      28
      38
      28
      33
      29
      23
      31
      28
      21
      36
      36
      33
      28
      28
      28
      36
      48
      33
      39
      28
      44
      32
      35
      44
      71
      79
      84
      66
      60
      31
      17
      30
      25
      36
      33
      28
      28
      35
      32
      33
      34
      13
      27
      37
      38
      28
      30
      31
      25
      31
      23
      24
      36
      41
      27
      38
      34
      21
      24
      33
      28
      28
      28
      22
      26
      37
      30
      44
      24
      44
      54
      35
      25
      31
      19
      25
      24
      23
      25
      19
      37
      24
      29
      19
      19
      14
      25
      14
      30
      29
      31
      20
      32
      31
      27
      36
      27
      22
      26
      15
      22
      27
      28
      18
      17
      18
      25
      22
      26
      14
      25
      25
      17
      21
      30
      26
      22
      28
      33
      23
      22
      32
      21
      30
      21
      28
      31
      26
      28
      27
      25
      23
      27
      24
      31
      36
      26
      34
      26
      25
      34
      27
      25
      26
      20
      19
      24
      26
      17
      19
      29
      19
      21
      21
      21
      23
      27
      34
      32
      22
      21
      18
      29
      23
      32
      26
      26
      29
      31
      29
      32
      30
      22
      26
      18
      29
      30
      24
      37
      34
      28
      29
      21
      27
      26
      23
      23
      20
      23
      29
      15
      31
      21
      26
      21
      24
      20
      27
      26
      29
      36
      46
      39
      41
      27
      28
      28
      24
      35
      24
      25
      31
      22
      25
      30
      15
      25
      15
      16
      21
      25
      13
      26
      23
      17
      28
      24
      14
      22
      27
      26
      24
      24
      21
      22
      20
      23
      25
      23
      34
      28
      22
      26
      23
      25
      17
      26
      16
      22
      24
      25
      13
      22
      20
      19
      16
      25
      15
      19
      23
      32
      20
      20
      23
      23
      25
      29
      24
      22
      29
      13
      16
      22
      25
      24
      22
      28
      32
      16
      18
      18
      25
      22
      19
      10
      25
      23
      31
      26
      25
      21
      10
      20
      10
      18
      26
      21
      21
      32
      14
      15
      24
      25
      23
      19
      12
      15
      26
      27
      31
      15
      26
      17
      22
      23
      16
      15
      14
      24
      13
      14
      21
      23
      33
      39
      30
      24
      22
      24
      18
      28
      26
      18
      20
      22
      20
      20
      24
      18
      24
      17
      22
      26
      21
      19
      22
      24
      21
      23
      15
      23
      20
      28
      22
      24
      17
      28
      24
      22
      30
      28
      27
      28
      21
      16
      15
      19
      20
      20
      16
      19
      17
      24
      13
      28
      22
      26
      17
      14
      24
      22
      19
      21
      12
      13
      25
      29
      19
      18
      18
      19
      19
      24
      20
      23
      17
      13
      14
      18
      21
      19
      21
      20
      15
      21
      16
      20
      19
      22
      24
      18
      29
      24
      16
      25
      14
      15
      23
      16
      15
      20
      17
      21
      19
       9
      22
      22
      25
      16
      24
      25
      14
      20
      20
      17
      24
      16
      15
      24
      18
      25
      24
      17
      19
      28
      22
      32
      31
      29
      25
      36
      43
      41
      51
      35
      43
      25
      36
      26
      18
      20
      23
      27
      20
      20
      26
      18
      22
      19
      21
      22
      15
      22
      18
      13
      21
      18
      23
      21
      29
      10
      19
      24
      18
      24
      17
      31
      17
      21
      22
      29
      22
      14
      22
      10
      19
      18
      25
      17
      21
      25
      21
      23
      19
      21
      16
      29
      23
      25
      14
      19
      21
      13
      22
      24
      15
      19
      24
      18
       8
      15
      24
      23
      23
      16
      17
      16
      15
      12
      19
      20
      17
      17
      25
      14
      16
      14
      25
      18
      15
      17
      14
      15
      17
      22
      20
      19
      15
      26
      17
      16
      10
      20
      24
      12
      22
      13
      16
      19
      13
      14
      19
      12
      15
      26
      22
      21
      28
      18
      21
      24
      22
      18
      24
      21
      19
      10
      29
      23
      19
      19
      19
      21
      19
      18
      22
      27
      22
      20
      13
      13
      17
      21
      20
      13
      21
      19
      18
      15
      18
      18
      21
      24
      13
      21
      26
      18
      13
      23
      16
      12
      20
      17
      20
      16
      12
      20
      22
      16
      18
      16
      17
      16
      16
      18
      19
      21
      24
      22
      25
       9
      18
      17
      23
      28
      28
       9
      12
      18
      22
      12
      24
      16
      17
      18
      21
      18
      15
      13
      21
      14
      24
      10
      18
       8
      18
      18
      16
      19
      22
      27
      12
      15
      15
      21
      16
      12
      15
      11
      16
      18
      20
      14
      17
      18
      24
      11
      16
      16
      12
      21
      17
      14
      21
       9
      21
      19
      19
      13
      15
      19
      14
      20
      16
      20
      11
      18
      11
      17
      21
      16
      19
      17
      15
      20
      16
      18
      18
       7
      12
      17
      19
      14
      27
      10
      20
       6
      17
      10
      15
      14
      21
      11
      14
      18
       9
       9
      18
      18
      13
      14
      15
      20
      18
      20
      10
      15
      14
       9
      26
      13
      11
      19
      16
      18
      14
      12
      18
      25
      16
      14
      17
      19
      11
      13
      16
      23
      23
      21
      26
      18
      21
      11
      17
      16
      22
      13
      10
      14
      22
      23
      16
      41
      24
      22
      24
      20
      27
      28
      35
      26
      34
      35
      37
      42
      42
      49
      52
      46
      44
      46
      45
      56
      49
      53
      57
      72
      87
      89
      80
      80
      65
      41
      42
      55
      53
      48
      37
      38
      42
      43
      47
      30
      38
      42
      27
      26
      24
      26
      22
      17
      19
      21
      29
      19
      21
      15
      15
      17
      16
      18
      19
      11
      17
      13
      10
      16
      16
      15
      16
      17
      13
      13
      15
      11
       8
      12
      13
      16
      20
      13
      22
      16
      20
       8
      12
      15
      20
      16
      10
      14
      18
      19
      19
      14
      21
      23
      13
      21
      19
      16
      14
      14
      13
      19
      10
      19
      20
       6
      15
       8
      14
      18
      13
      15
      15
       7
      12
      17
      18
      13
      10
      14
      12
      22
      20
      18
      15
      12
      18
      17
      16
      21
      15
      13
      12
      14
      16
      21
      15
      14
      14
      12
      14
      16
      15
      15
      23
      12
      18
      13
      19
      17
      16
      12
      22
      20
      10
      21
      17
      22
      21
      13
      16
      17
      20
      11
      21
      15
      12
      21
      18
      10
      17
      15
      15
       9
      20
      21
      15
      16
      13
      18
      10
       5
      12
      19
      13
      10
      11
      15
      17
      13
      10
       8
      12
      13
      13
      12
       4
      14
      13
      11
      16
      17
      14
      12
       9
      12
      13
      19
      14
      18
      11
      21
      25
      14
      10
      14
       9
      13
      16
      15
      13
      14
       9
      12
      13
      14
      15
      16
      17
      13
      10
      13
      13
      19
      12
      17
      12
      12
      13
      11
      11
      11
      17
      16
      11
      15
      19
      18
      15
      12
      16
      19
      15
      21
      18
      13
      13
      12
      21
      16
      19
      15
      10
       7
      15
      15
      16
      11
      13
      15
      13
      17
      16
      14
      12
      15
      14
      13
      18
      13
      14
      14
      14
      15
      23
      12
      16
      17
      15
      13
      11
      14
      17
      20
      12
      18
      18
      18
      14
      16
      10
      12
      18
      20
       8
      14
      10
      13
      17
      12
      16
      20
      17
      18
      19
      11
       6
      18
      16
      21
      20
      15
      22
      22
      16
      22
      15
      16
      12
      15
      21
       8
      17
       9
      13
      21
      18
      20
      10
      10
      22
      26
      17
      16
      15
      13
      21
      15
      21
      14
      11
      14
      10
      22
      20
      13
      12
      16
       7
      13
      15
      14
      18
      11
      13
      11
      17
      13
      11
      17
      11
      16
      16
      19
      19
      14
       9
      10
      16
      19
       7
      10
       8
      13
      18
      26
      21
      15
      10
      14
      16
      17
      13
      17
      22
      18
      30
      16
      19
      25
      27
      22
      14
      11
      13
      19
       8
      14
      10
      10
      19
      12
      13
      11
      13
      22
      20
      21
      19
      14
      15
      29
      23
      23
      16
      19
       8
      20
      18
       7
       8
      19
       5
      20
      14
      15
       8
      10
      14
      14
      19
      15
      17
      15
      14
      12
      14
      11
      15
       9
      17
      12
      16
      19
      15
      14
      10
      12
      13
      11
      21
       9
       9
      13
      15
      14
      12
      16
      10
      14
      21
      24
      18
      17
      15
      21
      15
      18
      21
      21
      16
      16
      26
      19
      23
      13
      23
      15
      11
      15
       9
      13
      18
      14
       5
      17
      10
      12
      12
       9
      15
       6
      14
      24
      14
      17
      23
      16
      12
      14
       9
       9
      16
      15
      15
      12
      13
      17
       8
      16
      16
      15
      13
      17
      12
      19
      11
      14
      21
      17
      15
      12
      13
      15
      15
      10
      14
      17
      14
      10
      19
      11
      22
      12
      15
      11
      12
      14
      11
      12
      15
      15
      11
       9
      14
      10
       7
      12
      12
      19
      16
      15
      13
      12
      14
      11
      13
      15
      14
      14
      14
      20
      12
      20
      15
      17
      12
      10
      15
      26
      20
      15
      18
      14
      14
      15
      10
      10
      12
      16
      10
      11
      13
      13
      11
      16
      14
      17
      10
      13
      15
      14
       9
      13
      14
      17
      14
       9
      20
      20
      19
      10
      13
      11
      12
      17
       8
      14
      12
       9
       6
       7
       7
      21
       6
      12
      16
      12
      14
      11
      12
       9
      12
      15
      14
      12
      15
      13
      10
       8
      17
      15
      11
      11
      14
      14
      24
      13
      17
      12
      17
       9
      15
      12
      11
      17
      14
      15
      14
      11
      18
      14
      16
      12
      12
      15
      15
      14
      13
      14
      17
      11
      21
      16
      14
      12
      11
      11
      10
      12
      19
      18
       9
      13
      10
      16
      13
      11
      13
      12
       7
      14
      18
      12
      12
      11
      10
      10
      14
       9
      17
      14
      14
      17
      14
      17
      12
       9
      10
       8
      13
      17
      21
      13
      12
      21
       8
      13
      14
      16
      15
      18
      14
      17
      12
      14
      11
      15
      15
      15
      12
      16
      13
       8
      10
      14
      20
      16
      14
      20
      10
      11
      13
      15
       9
      13
      11
      20
      16
      10
       9
      15
      14
      12
      13
      15
      14
       8
       6
      13
      13
      18
      16
      17
      15
      16
      15
      20
      19
      11
      13
      12
      20
      20
      11
      20
      12
      21
       9
      14
      14
      14
      17
      11
      16
      22
      18
       8
      18
      16
      19
      13
      18
      14
      14
      16
      18
      20
      16
      17
      20
       9
      10
      24
      11
      15
      13
      13
      19
      14
      16
      17
      16
      12
      13
      17
      16
      12
      13
       9
      15
      11
      17
      11
      15
      16
       9
      17
      11
      14
      13
      12
       7
       6
      11
      18
      10
      17
      16
       7
       6
      11
      13
      16
       9
       8
      10
      13
      15
      12
       9
      20
      10
      11
      19
       9
      15
      12
      11
      16
      12
      11
      11
      15
      11
      10
      13
      10
      10
      12
      18
      17
       6
      16
      10
      17
      14
       7
      10
      11
      13
      20
      16
      12
       8
      14
      14
      14
       9
      16
      13
       7
      15
      13
      18
      14
      11
       9
      10
      12
      16
      11
      10
      17
       6
      10
      16
      11
      19
       7
       8
      10
      17
       9
      11
      15
       8
      12
      14
      12
      14
      12
      10
      14
      14
      13
      17
      38
      21
      19
      34
      33
      18
      20
      15
      13
      18
      12
      13
      14
       7
      11
      11
      12
      13
      14
       7
      16
      15
      15
      21
      15
      13
       9
      14
       9
      17
      11
      11
       9
       7
      13
      13
      10
      10
      13
      10
      16
      14
      11
      17
      10
      14
      16
      14
      14
      12
       9
       8
      11
       8
      19
      15
      11
      14
      15
      22
      16
      15
      11
      15
      14
      17
       9
      14
      14
      19
      14
      22
      12
      11
      17
      16
      14
       7
      15
      14
      12
      16
      13
      17
      15
      14
      14
      10
      11
      19
      13
       5
      18
      18
      15
       9
      15
      15
      17
      23
      10
       9
       9
      14
      16
      11
       9
      15
      21
      10
      12
      10
      15
      14
      13
      14
      17
      14
       8
      18
      15
      11
      19
      14
       9
       9
       8
      18
      12
      19
      13
      16
      14
      12
      14
       9
      15
      14
      10
       7
      12
      13
      23
      11
      11
      14
      12
      12
      19
      15
      14
      18
      19
      12
       9
      12
      11
      16
      15
      22
      15
      18
      12
      19
      11
      20
      15
      12
      11
      16
       8
       9
       9
      15
      12
      15
      16
      10
       8
       8
      23
      18
      13
      14
      15
      13
      13
      17
      14
      18
      10
      17
      12
      14
       9
      17
      11
      11
      14
      17
       8
      17
      15
      14
      20
      13
      15
      15
       5
       8
      17
      16
      16
      18
      12
      12
      14
      16
      12
      14
      13
      14
      19
       9
      15
      15
       8
      18
      10
      10
       6
      13
      19
      15
       9
      16
      11
      10
      15
      12
      22
      18
      13
      14
      19
      18
      12
      14
      12
      15
       7
      21
      20
      11
      14
      13
      10
      12
       9
      12
      10
      20
      14
      17
      12
      20
      19
      12
      12
      16
      16
      20
      20
      16
      12
      18
      14
      10
      16
       7
      11
      14
      17
       9
      16
      15
      13
      19
      23
      19
      12
      15
      15
      15
      15
       8
      21
      15
      14
      15
      10
      21
      16
      10
      19
      16
      13
      20
      11
      15
      16
      17
      17
       5
      13
      11
      14
      14
      22
      11
      10
      10
       8
      10
      13
      10
       9
      13
      16
       9
      14
      18
      13
      15
      14
      14
      15
      13
      15
      11
       9
      10
      17
      12
       9
      15
       8
      12
      12
      15
      16
      18
       8
      21
      12
      25
      16
      14
       9
       8
      18
      18
      11
       9
      19
       8
      20
      12
      14
      13
      13
      13
      15
       7
       7
      11
       9
      10
      12
       7
      13
       9
      13
      11
      11
      10
      13
      10
       9
      12
      10
      12
      13
       4
      11
      12
      14
      11
       8
      10
       9
      10
      15
      15
       7
      15
       6
      13
      13
      10
       8
      18
      12
      17
      13
      10
      13
      12
      10
      12
      10
       8
      13
       7
      11
       9
      14
      21
       9
       8
      13
      18
       7
      11
       8
      16
      10
      12
      14
      10
      15
       8
      13
       6
       8
      10
      12
      10
      11
       9
       7
       7
       8
       9
      14
      14
       8
      16
      10
       9
      13
      11
      14
      12
      10
       8
      13
      13
       9
      13
       9
       5
      14
       7
      13
       5
      15
       8
       9
      14
       9
       9
      13
       2
       8
      10
      12
      10
      14
      10
      10
       3
       9
      10
       7
      12
      15
      12
       8
      11
       9
      13
      12
      10
       6
      10
      12
      10
       9
       7
       4
      10
       5
      11
      11
      12
       9
       9
       6
       8
       8
      11
      10
       8
      13
       7
      12
       8
      10
       8
       8
       8
      11
      16
       9
      11
       6
       9
       8
      15
      13
       7
       9
      13
       7
      11
       9
      11
       8
      14
      13
       8
      12
       7
       8
      10
      11
      16
       8
       6
       9
       6
       9
       9
      11
       3
       8
      11
       7
      11
      10
       5
      10
      11
       9
       6
       7
      11
      11
       6
      10
      12
       4
       8
       5
       8
       8
       6
       7
       8
       4
       8
      11
       9
       7
       7
      13
       7
      10
      11
       8
       7
      11
       7
       8
      11
      12
       9
       6
       6
      11
       6
       9
       9
       7
       6
       9
       5
       3
       7
       4
       4
      15
      11
       6
       7
       7
      10
      11
       4
      10
       9
       6
       8
      10
       6
       7
       7
      12
       9
       4
       2
       7
       7
      13
       6
       6
       4
       8
      10
       3
       2
       4
       8
       4
       4
       7
       5
       6
       7
       8
       6
       6
       7
       8
       9
      11
       3
      11
       7
       8
       4
       7
       8
       5
       5
       7
       7
       6
       7
      10
      13
       3
       4
       5
       5
       8
       5
      13
       7
       7
       6
       5
       6
       8
       5
       7
       3
       5
       6
       7
       5
       8
      10
       7
       2
       5
       8
       6
       9
       7
       8
       3
       9
       5
       5
      10
       8
       3
       9
       5
       6
       9
       7
       5
      10
       7
       7
      10
       7
       6
       8
      10
       6
       9
       5
       7
       9
       8
       7
       9
       5
       8
       6
       7
       3
       6
       4
       8
      11
       5
      12
       9
       9
      10
       2
       8
       7
       3
       5
       8
       7
       6
       8
       8
       3
       9
       3
       2
       4
       1
       7
       2
       8
       3
       5
       4
       5
       4
      10
       5
       6
       7
       7
       7
       5
       4
      10
      11
      10
       2
       2
       8
       9
       5
       9
       7
      11
       5
       6
       6
       4
       5
       5
       5
       4
       9
       5
       4
      15
       7
       7
       3
       7
       5
       7
      12
       6
       6
       8
       5
       3
       5
       4
       5
      11
       6
       6
       6
      10
      16
      18
      12
      14
      14
       8
       4
       3
       4
       4
       4
       8
       6
       4
       5
       8
       9
       4
      11
       7
       4
       9
       8
       8
       5
       4
       4
       8
       6
       6
       2
       7
       6
       8
       8
       8
      10
       5
      14
      17
      14
      14
      16
      15
      19
      16
       8
       5
      15
       5
       8
       8
       6
       6
      10
       5
       6
       6
       8
       4
       3
       1
       2
       7
       6
       5
       3
       9
       6
       5
       6
      13
       4
       2
       4
       6
       5
       3
       7
       7
       3
       6
       9
       4
       9
       7
      11
       3
       6
      17
      14
       7
      13
      14
      16
       8
      10
      16
      19
      20
      19
      19
      22
      31
      35
      17
      23
      31
      28
      42
      36
      33
      44
      29
      39
      55
      71
      72
     106
     141
     186
     211
     260
     219
     176
     126
      81
      63
      51
      45
      29
      27
      51
      41
      30
      34
      27
      27
      32
      22
      23
      16
      14
      18
      12
      18
      19
      15
       6
      16
       9
       6
      14
       6
       9
      11
       7
      11
      10
       4
      10
       9
      10
       2
       6
      11
       7
       3
       3
       6
       2
       8
       3
       5
       6
       3
       6
       3
       8
       3
       2
       8
       8
       8
       5
       5
       2
       5
       6
       2
       4
       3
       3
       7
       5
       5
      10
       3
       3
       3
       2
       5
      11
       2
       5
       6
       4
      11
       7
       4
       3
       3
       4
       5
       6
       2
       3
       6
       2
       7
       5
       5
       5
       6
       3
       7
       5
      10
      10
       4
       5
       7
       3
       7
       2
       6
       3
       3
      11
       4
       5
       5
       3
       8
       8
       6
       7
       3
       6
       4
       5
       6
       3
       5
       7
       6
       3
       3
       5
       6
       6
       7
       5
       4
       8
       7
       4
       5
       4
       5
       6
       6
       6
       5
       0
       2
       3
       7
       2
       2
       2
       4
       2
       2
       7
       3
       4
       7
       6
       5
       4
       3
       5
      10
       7
       3
       7
       2
       8
       7
       8
       1
       5
       5
       4
       5
       4
       3
       5
       7
       4
       2
       4
       8
       4
       5
       4
       6
       4
      11
       4
       3
       1
       3
       6
       7
       1
       8
       1
       8
       4
      10
       2
       7
       7
       3
       6
       4
       6
       4
      10
       4
       9
       4
       6
       4
       5
       5
       6
       3
       6
       3
       2
       3
       5
      10
       7
       4
       5
       5
       2
       3
       7
       3
       3
       8
       2
       4
       4
       7
       8
       5
       6
       6
       4
       4
       8
       3
       7
       7
       3
       5
       3
       5
       4
       4
       5
       6
       6
       8
      11
       5
       4
       8
       7
       4
       3
       5
       7
       4
       3
       3
       5
       3
       4
       4
       7
       0
       2
       9
       7
       3
       7
       5
       3
       8
       4
       3
       3
       8
       5
       3
       8
       3
       4
       7
       3
       2
       5
       6
       4
       1
       6
       5
       6
       4
       7
       9
       4
      11
       1
       6
      10
       3
       3
       3
       4
       3
       7
       5
       2
       3
       5
       8
       3
      10
       4
       5
      10
       3
       3
       5
       3
       6
       4
       7
       6
       3
       4
       3
       1
       4
       3
       3
       6
       5
       7
       1
       4
       3
       9
       5
       5
       3
       6
       6
       8
       7
       3
       6
       4
       6
       9
       5
       3
       2
       4
       2
       5
       1
       7
       7
       6
       6
       8
       5
       2
       4
       6
       4
       2
       6
       6
       6
       2
       4
       5
       4
       3
       4
       7
       7
       5
       4
       5
       3
       5
       5
       2
       5
       2
       2
       6
       2
       4
       3
       5
       7
       6
      12
       2
       5
       5
       3
       2
       5
       7
       4
       7
       4
       4
       3
       8
       6
       8
       3
       4
       5
       4
       7
       4
       4
       1
       6
       5
       5
       1
       2
       4
       2
       6
       3
       1
       2
       4
       4
      11
       4
       7
       5
       5
       3
       3
       4
       0
       4
       9
       4
       6
       6
       3
       8
       3
       2
       5
       5
       3
       5
       8
       6
       2
       1
       4
       5
       6
       5
       6
       1
       7
       5
       3
       5
       1
       6
       2
       4
       3
       2
       6
       9
       2
       4
       5
       3
       5
       6
       3
       5
       8
       3
       2
       4
       2
       5
       5
       5
       7
       0
       8
       6
       5
       9
       6
       4
       5
       6
       7
       5
       2
       5
      10
       0
       7
       5
       3
       3
       4
       3
       2
       3
       3
       3
       4
       7
       4
       3
       6
       4
       4
       4
       6
       1
       7
       5
       2
       8
       3
       2
       5
       4
       3
       5
       2
       4
       6
       6
       4
       6
       4
       4
       4
       5
       5
       5
       5
       6
       2
       4
       3
       1
       2
       1
       1
       4
       2
       6
       8
       0
       5
       4
       1
       1
       3
       7
       3
       4
      11
       7
       3
       4
       1
       2
       7
       3
       3
       5
       3
       8
       8
       5
       2
       5
       4
       2
       8
       3
       7
       5
       5
       4
       2
       3
       3
       1
       5
       6
       2
       5
       1
       2
       5
       4
       5
       5
       4
       3
       3
       3
       5
       3
       6
       6
       3
       3
       1
       6
       4
       4
       3
       5
       3
       5
       5
       5
       9
       2
       6
       5
       4
       1
       3
       3
       5
       4
       4
       6
       4
       7
       2
       5
       4
       3
       1
       9
       5
       3
       1
       2
       4
       4
       3
       6
       2
       4
       4
       2
       2
       6
       2
       7
       7
       4
       4
       4
       5
       4
       5
       4
       9
       7
       4
       3
       8
       1
       5
       6
       2
       4
       6
       5
       4
       7
       0
       2
       3
       4
       4
       5
       5
       2
       3
       3
       6
       3
       1
       8
       6
       5
       3
       5
       6
       1
       4
       2
       3
       3
       3
      12
       6
       2
       4
       7
       6
       4
       3
       4
       1
       1
       7
       2
       1
       7
       4
       5
       2
       5
       2
       3
       7
       2
       5
       7
       3
       7
       7
       8
       3
       5
       3
       1
       5
       5
       4
       2
       7
       6
       4
       3
       5
       8
       5
       4
       5
       3
       7
       1
       4
       5
       3
       1
       5
       4
       4
       2
      11
       4
       4
       0
       5
       7
       6
       6
       0
       0
       3
       6
       7
       2
       6
       5
      10
       7
       3
      11
       5
       2
       4
       5
       6
       4
       3
       3
       5
       7
       1
       3
       7
       7
       4
       1
       6
       3
       8
       4
       7
       7
       4
       4
       6
       4
       3
       6
       3
       5
       1
       2
       2
       1
       7
       6
       0
       4
       3
       6
       3
       2
       5
       2
       4
       4
       3
       4
       4
       1
       7
       5
      10
       3
       6
       3
       3
       4
       7
       4
      11
       3
       3
       4
       7
      12
       3
       5
       6
       4
       6
      12
      15
       9
       9
       5
       3
       6
       7
       8
       4
       5
       6
       3
       3
       3
       8
       3
       7
       4
       4
       4
       7
       4
       2
       0
       5
       4
       4
       7
       5
       5
       6
       6
       2
       5
       4
       2
       2
       4
       2
       5
       0
       2
       4
       6
       2
       3
       6
       6
       2
       4
       0
       2
       1
       6
       6
       3
       4
       0
       0
       3
       5
       5
       4
       3
       2
       1
       4
       3
       3
       5
       3
       4
       5
       4
       1
       5
       6
       3
       2
       3
       2
       6
       4
       2
       2
       6
       2
       3
       6
       1
       5
       5
       0
       4
       6
       2
       3
       8
       5
       6
       7
       9
       4
       3
       8
       2
       5
       8
       4
       4
       6
       4
       6
       5
       6
       5
       4
       2
       4
       7
       0
       2
       3
       0
       3
       7
       6
       3
       6
       2
       3
       9
       2
       3
       6
       2
       4
       1
       1
       9
       2
       6
       3
       4
       4
       2
       5
       6
       5
       6
       6
       3
       1
       3
       2
       6
       8
       5
       3
       6
       2
       4
       5
       2
       2
       1
       4
       3
       2
       3
       1
       2
       3
       2
       3
       7
       4
       2
       2
       2
       3
       1
       3
       1
       4
       3
       5
       4
       3
       2
       5
       4
       4
       5
      11
       7
      14
      10
       5
       3
      10
       4
       6
       2
       4
       2
       5
       5
       2
       2
       6
       2
       7
       6
       6
       3
       1
       6
       3
       2
       7
       4
       5
       1
       3
       3
       2
       3
       2
       4
       3
       7
       4
       4
       5
       6
       4
       4
       4
       2
       5
       3
       3
       7
       8
      10
       6
       3
       4
       9
       6
       7
       0
       5
       8
       9
      11
       7
       7
       6
       7
       5
       5
       2
       7
       7
       4
       6
       5
       3
       8
       6
       2
       3
       7
       5
       5
      10
       3
       3
       6
       5
       2
       6
       4
       3
       6
       1
       5
       5
       2
       7
       6
       6
       5
       7
       7
       4
       7
       5
       6
       5
       4
       5
       4
       4
       3
       8
       4
       3
       0
       6
       4
       4
       4
       4
       4
       8
       3
       5
       2
       5
       2
       6
       5
       2
       2
       3
       1
       4
       2
       3
       7
       2
       3
       6
       6
       5
       6
       5
       6
       2
       4
       5
       6
       3
       3
       3
       6
       4
       4
       7
       5
       3
       3
       6
       5
       7
       8
       5
       3
       7
       4
       4
       3
       2
       3
       7
       3
       4
       2
       4
       3
       4
       4
       2
       3
       1
       2
       3
       8
       7
       4
       2
       7
       8
       5
       4
       7
       7
       2
       5
       2
       5
       1
       4
       2
       3
      12
       1
       6
       6
       4
       2
       4
       3
       4
       4
       6
       6
       4
       1
       2
       7
       7
       4
       2
       2
       4
       0
       2
       5
       2
       4
       7
       5
       6
       2
       7
       4
       4
       2
       3
       6
       3
       4
       0
       5
       1
       6
       3
       3
       1
       7
       3
       1
       4
       3
       8
       5
       7
       6
       5
       2
       3
       2
       1
       5
       6
       3
       5
       5
       3
       3
       6
       5
       3
       6
       1
       2
       5
       5
       3
       2
       4
       4
       1
       6
       2
       2
       4
       5
       5
       0
       3
       4
       2
       2
       3
       2
       3
       3
       4
       3
       2
       5
       6
       1
       3
       4
       2
       2
       3
       2
       1
       4
       5
       4
       3
       4
       7
       5
       1
       6
       5
       8
       0
       5
       4
       1
       2
       4
       6
       7
       1
       2
       5
       1
       4
       2
       7
       1
       3
       0
       2
       3
       4
       1
       6
       6
       3
       2
       3
       2
       3
       1
       4
       5
       1
       3
       7
       6
       0
       1
       8
       6
       3
       6
       4
       3
       2
       2
       4
       3
       6
       4
       3
       5
       3
       3
       4
       2
       1
       4
       2
       0
       7
       4
       5
       4
       3
       4
       3
       2
       5
       2
       5
       1
       3
       4
       2
       3
       3
       4
       1
       6
       3
       6
       2
       2
       2
       6
       5
       2
       4
       2
       3
       5
       4
       7
       3
       3
       7
       2
       3
       2
       4
       2
       6
       1
       2
       4
       2
       4
       2
       5
       3
       1
       3
       3
       4
       4
       2
       2
       1
       4
       6
       0
       3
       4
       2
       2
       4
       0
       2
       3
       2
       3
       2
       4
       0
       8
       1
       5
       2
       2
       1
       2
       4
       4
       4
       3
       4
       4
       2
       5
       2
       2
       4
       2
       4
       1
       2
       2
       1
       3
       4
       4
       5
       3
       4
       4
       3
       1
       5
       3
       6
       2
       3
       4
       4
       3
       4
       3
       1
       5
       4
       3
       3
       7
       1
       5
       3
       0
       4
       2
       3
       2
       3
       2
       3
       5
       2
       3
       3
       1
       4
       1
       6
       1
       2
       3
       3
       2
       1
       2
       4
       3
       5
       1
       5
       2
       3
       3
       2
       4
       2
       3
       1
       1
       2
       2
       4
       5
       5
       0
       3
       4
       3
       5
       2
       7
       0
       0
       3
       3
       4
       3
       1
       5
       3
       3
       3
       5
       3
       2
       3
       3
       5
       2
       3
       4
       4
       7
       3
       3
       2
       5
       1
       1
       2
       2
       1
       4
       3
       1
       2
       0
       0
       2
       3
       2
       6
       7
       4
       6
       6
       2
       3
       5
       4
       8
       1
       4
       2
       3
       1
       4
       2
       3
       2
       4
       3
       0
       2
       1
       3
       3
       4
       2
       0
       1
       5
       2
       4
       4
       2
       3
       4
       3
       2
       8
       4
       3
       5
       5
       5
       6
       2
       3
       2
       5
       4
       2
       2
       0
       2
       4
       4
       0
       2
       4
       4
       3
       1
       2
       6
       2
       6
       4
       3
       4
       4
       6
       7
       4
       2
       3
       2
       4
       3
       2
       3
       3
       2
       4
       1
       4
       3
       1
       2
       2
       1
       3
       0
       2
       1
       4
       3
       3
       3
       3
       4
       3
       2
       1
       2
       1
       1
       0
       2
       0
       1
       1
       5
       2
       3
       2
       5
       2
       7
       1
       3
       2
       2
       5
       3
       1
       2
       1
       3
       3
       4
       0
       2
       2
       4
       1
       2
       3
       3
       4
       2
       0
       2
       4
       2
       3
       1
       5
       2
       4
       1
       6
       5
       2
       0
       5
       2
       3
       4
       5
       2
       3
       2
       3
       5
       1
       5
       0
       1
       3
       1
       3
       4
       2
       3
       7
       2
       4
       3
       2
       6
       3
       4
       1
       5
       2
       1
       5
       3
       4
       3
       2
       3
       6
       4
       6
       4
       3
       1
       1
       2
       3
       4
       2
       4
       2
       2
       4
       7
       2
       6
       5
       1
       6
       6
       5
       4
       7
       4
       6
       5
       2
       7
       8
       5
       7
       8
       5
       7
       6
       5
       8
       6
       4
      11
      10
       8
       8
      11
       7
       9
       4
       5
       7
       6
       3
       9
       6
       6
       6
       4
       5
       7
       7
       9
       1
       4
       3
       6
       2
       5
       7
       7
       6
       7
       3
       6
       6
       7
       8
       5
       2
       4
       5
       5
       3
       8
       3
       9
       5
       9
       3
       7
       7
       1
       6
       3
       5
       5
       2
       8
       7
       5
       8
       2
       3
       5
       1
       0
       5
       8
       5
       6
       6
       3
       3
       4
       3
       4
       2
       5
       5
       8
       5
       6
       8
       3
       5
       4
       5
       6
       1
       5
       3
       7
       6
       2
       4
       4
       3
       3
       4
       6
       4
       2
       5
       0
       3
       2
       2
       2
       0
       3
       3
       6
       3
       2
       3
       5
       5
       1
       3
       6
       2
       3
       2
       1
       3
       2
       3
       8
       6
       2
       3
       6
       7
       1
       4
       2
       3
       3
       1
       3
       1
       6
       4
       2
       2
       2
       2
       3
       4
       2
       3
       3
       1
       5
       1
       3
       2
       1
       3
       1
       6
       5
       2
       6
       2
       1
       1
       5
       1
       5
       2
       1
       6
       3
       4
       1
       1
       2
       3
       6
       3
       3
       2
       3
       2
       4
       2
       4
       3
       4
       2
       3
       2
       3
       1
       1
       3
       1
       0
       3
       2
       2
       0
       2
       2
       3
       1
       3
       2
       0
       2
       3
       2
       2
       3
       0
       0
       0
       1
       1
       3
       0
       2
       3
       0
       3
       3
       1
       3
       0
       3
       1
       0
       1
       2
       1
       2
       1
       3
       2
       2
       2
       2
       2
       1
       2
       2
       1
       2
       0
       2
       1
       3
       2
       5
       6
       3
       5
       2
       0
       2
       1
       1
       6
       1
       5
       1
       3
       1
       3
       3
       4
       3
       2
       1
       4
       4
       6
       0
       3
       3
       4
       5
       5
       6
       2
       7
      10
       9
      20
      19
      12
      23
      11
      11
      12
       4
       1
       5
       3
       1
       3
       3
       3
       1
       4
       2
       0
       2
       4
       2
       0
       1
       4
       2
       2
       1
       2
       2
       1
       2
       2
       2
       3
       2
       1
       1
       2
       1
       1
       4
       2
       2
       1
       0
       2
       2
       4
       0
       2
       1
       2
       1
       4
       5
       3
       2
       4
       1
       0
       2
       4
       3
       1
       1
       1
       1
       3
       1
       3
       1
       6
       2
       2
       1
       2
       2
       0
       2
       1
       2
       2
       3
       2
       3
       0
       2
       1
       1
       4
       2
       2
       2
       3
       2
       1
       0
       4
       4
       2
       3
       4
       1
       3
       3
       2
       1
       2
       1
       3
       2
       3
       5
       1
       2
       1
       5
       2
       3
       0
       2
       2
       1
       4
       1
       4
       1
       2
       3
       1
       4
       1
       1
       2
       2
       1
       4
       6
       2
       2
       0
       0
       3
       1
       0
       2
       1
       4
       0
       1
       3
       3
       2
       3
       1
       4
       2
       1
       0
       2
       0
       2
       2
       1
       4
       3
       2
       1
       5
       0
       0
       2
       1
       3
       2
       2
       2
       3
       4
       3
       1
       3
       0
       2
       5
       3
       2
       2
       3
       2
       1
       2
       2
       1
       2
       3
       1
       2
       1
       0
       3
       2
       1
       2
       7
       2
       3
       1
       1
       2
       1
       1
       2
       3
       1
       2
       5
       1
       0
       5
       1
       2
       1
       2
       3
       1
       2
       1
       1
       3
       2
       2
       3
       2
       1
       8
       1
       5
       0
       1
       4
       1
       2
       5
       4
       4
       0
       2
       1
       1
       3
       4
       5
       1
       0
       3
       2
       5
       1
       1
       0
       0
       3
       1
       2
       2
       3
       2
       3
       3
       0
       4
       3
       6
       1
       0
       2
       2
       1
       1
       3
       2
       2
       4
       1
       1
       0
       0
       0
       1
       4
       0
       1
       5
       4
       1
       2
       3
       2
       2
       2
       2
       3
       1
       5
       2
       1
       0
       3
       2
       0
       4
       2
       0
       4
       0
       3
       2
       3
       2
       1
       3
       1
       1
       0
       4
       1
       2
       2
       3
       2
       1
       1
       4
       2
       2
       6
       2
       4
       3
       0
       0
       2
       1
       1
       4
       1
       0
       2
       2
       7
       2
       3
       3
       4
       1
       1
       6
       1
       3
       2
       0
       0
       0
       3
       2
       0
       1
       0
       2
       2
       3
       1
       1
       3
       2
       1
       0
       2
       4
       2
       6
       2
       3
       0
       1
       1
       3
       4
       3
       2
       4
       3
       2
       2
       0
       1
       0
       1
       1
       1
       4
       2
       1
       6
       2
       1
       3
       0
       4
       1
       4
       3
       2
       6
       1
       2
       1
       2
       1
       3
       2
       1
       2
       5
       3
       7
       3
       2
       2
       2
       2
       1
       1
       0
       5
       2
       1
       2
       2
       2
       1
       5
       1
       3
       3
       0
       0
       3
       2
       4
       2
       2
       2
       0
       5
       3
       0
       1
       1
       6
       1
       7
       0
       6
       0
       2
       2
       1
       0
       0
       2
       0
       2
       2
       2
       3
       1
       3
       0
       4
       1
       0
       2
       2
       2
       3
       0
       3
       1
       2
       0
       5
       0
       3
       3
       2
       2
       0
       4
       2
       0
       3
       1
       1
       2
       4
       2
       1
       1
       6
       4
       0
       2
       4
       1
       1
       1
       1
       4
       1
       2
       3
       1
       1
       0
       6
       4
       1
       0
       3
       1
       3
       2
       3
       4
       2
       0
       3
       4
       1
       2
       3
       1
       4
       3
       2
       2
       0
       4
       4
       3
       1
       1
       0
       4
       1
       0
       2
       4
       3
       2
       0
       2
       3
       1
       2
       0
       3
       0
       1
       5
       2
       3
       1
       1
       2
       2
       3
       1
       1
       2
       0
       2
       2
       0
       0
       1
       1
       1
       0
       2
       1
       1
       1
       4
       5
       2
       1
       2
       1
       2
       4
       1
       1
       1
       2
       0
       2
       1
       1
       1
       3
       0
       0
       1
       0
       3
       2
       3
       4
       1
       1
       5
       3
       1
       1
       1
       3
       1
       0
       0
       0
       0
       2
       2
       1
       0
       1
       2
       3
       0
       4
       2
       0
       1
       2
       1
       3
       1
       0
       3
       3
       1
       1
       0
       0
       1
       2
       1
       1
       4
       0
       2
       0
       3
       3
       1
       0
       1
       0
       1
       1
       2
       1
       2
       2
       0
       1
       0
       1
       0
       1
       3
       1
       0
       1
       0
       3
       4
       1
       0
       5
       2
       3
       1
       1
       0
       1
       2
       1
       1
       1
       5
       0
       2
       1
       6
       1
       2
       2
       1
       4
       5
       3
       1
       0
       2
       0
       1
       0
       2
       1
       2
       3
       0
       2
       1
       2
       3
       0
       0
       1
       3
       2
       1
       2
       3
       4
       0
       0
       5
       0
       0
       2
       5
       1
       2
       1
       0
       3
       2
       1
       3
       4
       1
       0
       0
       3
       3
       0
       0
       1
       2
       2
       4
       1
       2
       2
       2
       3
       3
       3
       1
       3
       3
       5
       1
       2
       1
       2
       0
       2
       4
       1
       3
       1
       2
       1
       2
       1
       2
       3
       0
       1
       3
       1
       0
       0
       1
       2
       0
       2
       3
       3
       1
       1
       1
       1
       1
       0
       0
       3
       2
       1
       2
       4
       3
       3
       2
       0
       0
       2
       1
       0
       1
       1
       2
       3
       3
       1
       2
       2
       3
       2
       3
       3
       2
       6
       1
       4
       3
       1
       3
       2
       2
       3
       1
       3
       1
       3
       1
       3
       2
       2
       4
       2
       4
       2
       3
       1
       1
       0
       2
       7
       2
       1
       2
       4
       3
       3
       3
       2
       2
       1
       3
       1
       0
       1
       5
       4
       2
       3
       0
       2
       6
       4
       1
       2
       3
       3
       3
       3
       0
       3
       4
       4
       1
       4
       1
       6
       0
       1
       2
       5
       3
       8
       0
       6
       0
       3
       3
       6
       1
       2
       2
       0
       2
       3
       3
       0
       3
       0
       2
       0
       1
       2
       0
       2
       1
       2
       2
       1
       0
       1
       4
       1
       3
       3
       0
       1
       2
       0
       1
       0
       1
       3
       3
       1
       4
       1
       3
       3
       2
       0
       3
       1
       1
       1
       2
       1
       1
       2
       2
       3
       0
       1
       2
       0
       0
       1
       1
       0
       1
       2
       0
       2
       1
       1
       3
       2
       0
       0
       2
       1
       0
       0
       3
       0
       0
       2
       2
       2
       0
       0
       0
       0
       0
       3
       2
       3
       1
       3
       1
       2
       0
       1
       2
       4
       3
       4
       1
       1
       1
       1
       0
       3
       4
       4
       3
       2
       0
       2
       2
       1
       3
       4
       0
       4
       0
       2
       4
       1
       1
       1
       4
       2
       2
       2
       4
       4
       0
       3
       1
       0
       0
       2
       2
       1
       3
       2
       2
       0
       2
       2
       0
       6
$ROI:
0
$PRESETS:
Live Time
86400
0
$ENER_FIT:
0.137869 0.366631
$MCA_CAL:
3
1.378689E-001 3.666307E-001 -4.415950E-008 keV
$SHAPE_CAL:
3
2.301834E+000 9.195991E-004 -5.357180E-008
