$SPEC_ID:
No sample description was entered.
$SPEC_REM:
DET# 1
DETDESC# HPGe Detector 1
AP# GammaVision Version 6.07
$DATE_MEA:
10/23/2015 14:45:42
$MEAS_TIM:
3600 3738
$DATA:
0 8191
       0
       0
       0
       0
    1698
    2291
    1150
     883
     807
     811
     869
     869
     909
     889
     981
    1008
    1075
    1163
    1263
    1340
    1414
    1489
    1435
    1492
    1540
    1464
    1442
    1474
    1400
    1261
    1210
    1121
    1074
     923
     739
     680
     730
     722
     948
     891
     607
     507
     494
     501
     563
     584
     611
     780
     728
     644
     469
     455
     522
     545
     521
     555
     618
     676
     639
     629
     556
     634
     617
     894
    2715
    6112
    6194
    2613
     900
     719
     909
    1594
    1811
    1916
    2326
    1881
    1175
     796
     759
     739
     788
     758
     843
     883
     891
     892
     924
     969
    1027
    1212
    1390
    1500
    1318
    1329
    1406
    1508
    1567
    1650
    1729
    1894
    2017
    2350
    2553
    2682
    2893
    3094
    3431
    3670
    3985
    4191
    4443
    4843
    5153
    5688
    6361
    6948
    7591
    8219
    9304
    9861
   10119
   10788
   11369
   12495
   13460
   14643
   15961
   17738
   20006
   23618
   27619
   32934
   38803
   44387
   49338
   53014
   52884
   49746
   46432
   44134
   43591
   44858
   46687
   49204
   50439
   51130
   50330
   50463
   49149
   47900
   46606
   45319
   44876
   42607
   39855
   34860
   28054
   20866
   16045
   17424
   71393
  344984
  698941
  531332
  149330
   15412
     790
     184
     194
     198
     181
     190
     212
     227
     200
     217
     200
     231
     226
     235
     238
     260
     260
     261
     254
     273
     274
     289
     258
     347
     345
     361
     353
     358
     412
     396
     432
     499
     567
     521
     504
     545
     589
     700
     744
     744
     682
     610
     636
     628
     633
     662
     625
     598
     596
     582
     541
     507
     518
     491
     498
     479
     452
     435
     451
     467
     406
     453
     485
     453
     522
     576
     522
     491
     488
     473
     500
     497
     511
     506
     486
     515
     493
     509
     519
     507
     519
     502
     503
     571
     563
     560
     554
     575
     635
     556
     520
     550
     570
     543
     561
     633
     595
     724
     784
     730
     704
     801
    1954
    3941
    4060
    1928
     680
     530
     593
     794
     749
     569
     830
    2311
    4708
    4307
    1806
     407
     208
     189
     151
     186
     203
     221
     272
     215
     183
     209
     238
     189
     210
     211
     189
     175
     225
     217
     201
     225
     224
     193
     209
     218
     295
     319
     346
     403
     339
     262
     227
     213
     221
     196
     213
     250
     288
     282
     258
     252
     283
     291
     270
     274
     204
     204
     202
     222
     196
     276
     530
     712
     531
     296
     220
     356
    1145
    2149
    1763
     693
     175
     112
      96
     100
      92
     111
      90
      86
      89
      91
      82
     104
      91
      95
      80
     101
      99
      97
      95
      88
      93
      92
      90
      98
      78
      80
      83
      90
      96
     103
      90
      96
      81
      83
      86
     110
      98
      93
     118
      87
      82
      87
      93
      76
     100
      81
     102
      96
      96
      97
      96
      99
      90
     136
     248
     448
     403
     188
      99
      87
      97
      82
      87
      78
     133
     152
     118
      86
      94
      85
      80
      76
      97
      84
      81
      82
      88
      75
     101
      97
      72
      95
      87
      83
      92
      91
      80
     112
      97
      96
      88
      91
      75
      95
      86
      90
      91
      93
      79
      97
      82
     104
     103
     120
     125
     145
     104
      99
     103
     104
      94
      68
      73
      88
      85
      91
     120
     194
     221
     208
      97
      80
      70
      80
      63
      71
      90
      81
      66
      81
      67
      89
      85
      84
      91
      79
      73
      58
      93
      91
      69
      83
      70
      74
      68
      64
      71
      72
      84
      74
      66
      77
      60
      67
      78
      67
      59
      64
      57
      63
      61
      86
      82
      63
      70
      77
      55
      69
      73
      59
      72
      77
      83
      65
      71
      82
      50
      61
      79
      81
      90
      62
      62
      57
      53
      63
      50
      58
      57
      53
      57
      62
      67
      51
      60
      70
      50
      59
      76
      69
      55
      57
      59
      55
      50
      71
      50
      66
      56
      57
      56
      60
      70
      60
      52
      62
      57
      65
      59
      56
     108
     345
     738
     831
     460
     165
      71
      58
      42
      38
      50
      39
      39
      39
      44
      37
      26
      44
      46
      38
      46
      38
      38
      41
      42
      39
      38
      41
      46
      35
      43
      43
      38
      46
      28
      41
      48
      36
      64
      70
      70
      61
      45
      42
      42
      37
      43
      39
      38
      26
      34
      31
      38
      40
      50
      39
      29
      34
      40
      39
      37
      31
      44
      41
      30
      41
      36
      21
      34
      46
      25
      34
      33
      45
      41
      43
      30
      38
      24
      38
      31
      26
      26
      43
      31
      38
      42
      29
      35
      36
      32
      40
      28
      30
      35
      33
      32
      35
      26
      27
      32
      36
      41
      31
      35
      32
      29
      34
      26
      40
      38
      31
      34
      26
      27
      34
      36
      35
      30
      32
      29
      30
      34
      28
      31
      39
      37
      27
      29
      31
      34
      23
      37
      27
      25
      22
      35
      32
      36
      25
      36
      33
      31
      22
      40
      30
      27
      29
      44
      30
      30
      25
      34
      29
      22
      32
      38
      33
      43
      30
      28
      33
      31
      36
      31
      57
      34
      35
      31
      26
      29
      23
      18
      33
      38
      27
      29
      24
      31
      31
      34
      25
      40
      24
      31
      37
      25
      34
      31
      29
      28
      29
      30
      27
      21
      23
      19
      34
      29
      23
      28
      26
      28
      30
      31
      24
      42
      28
      26
      20
      22
      36
      32
      26
      27
      21
      27
      28
      18
      27
      21
      27
      18
      25
      32
      34
      24
      29
      29
      33
      21
      31
      36
      24
      36
      46
      29
      24
      18
      27
      24
      25
      23
      25
      27
      23
      30
      27
      19
      28
      27
      29
      36
      41
      43
      38
      34
      18
      30
      38
      25
      31
      26
      24
      24
      22
      38
      18
      28
      21
      27
      32
      19
      25
      21
      22
      25
      33
      15
      24
      24
      33
      18
      47
      76
     126
     153
     116
      62
      33
      18
      25
      16
      35
      23
      20
      18
      24
      17
      16
      18
      20
      23
      26
      23
      21
      22
      21
      19
      17
      23
      13
      27
      75
     159
     159
     114
      63
      30
      16
      28
      18
      21
      21
      22
      14
      20
      20
      22
      29
      16
      13
      26
      20
      20
      21
      17
      18
      24
      36
      74
     132
     109
     106
      46
      26
      24
      53
     123
     316
     424
     368
     156
      52
      14
      21
      17
      20
      25
      13
       9
      15
      20
      15
      32
      25
      19
      14
      13
      11
      11
      15
      16
      17
      13
       8
      11
      14
      16
      14
       8
      12
      15
      17
      12
      17
      19
      12
      19
      13
      13
      11
      13
      18
      12
      12
      15
      10
      15
      11
      18
      14
      11
      14
      17
       7
      15
      14
       7
      16
       7
      18
      17
      20
       7
      14
      12
      12
      13
      13
       9
      10
      10
       8
      13
       8
      10
      11
       9
      12
       7
       8
      13
      10
       9
       8
      14
      16
      32
      95
     190
     208
     123
      56
      24
      24
      52
      39
      47
      26
       8
      11
      14
       5
      12
      12
       9
      15
       9
      20
      33
      80
     130
     126
      71
      28
       6
       9
      11
       2
       6
       8
       7
      10
       7
       3
       8
      10
      15
      14
      22
      35
      45
      21
      16
      12
       4
      10
       8
       7
      12
       6
       7
      10
      12
       5
      12
      16
       8
      13
      11
      15
       9
      10
      11
      12
       9
       4
       5
       9
       6
       7
       6
      11
       8
       6
       6
       5
      14
       3
      10
       5
      12
      12
      13
      10
       3
      13
       9
       7
       6
       8
      10
       9
       7
      13
       8
      11
       9
       8
       6
       8
       6
      14
      11
      11
      10
      11
      14
      12
      12
       8
       7
      12
       9
       8
      13
      12
      13
      12
       4
       5
       5
       7
       9
       6
      11
       6
      12
      16
      19
      14
      15
      16
      17
       8
       8
      28
      21
      26
      21
      18
       6
      10
       5
       8
       8
       5
       7
       8
      13
      16
       6
      10
       9
      11
      10
      27
      26
      32
      17
       6
       4
       7
      13
       8
       7
      18
       5
      11
       5
       5
       0
       9
      10
       7
       7
      10
       5
      12
      10
      10
       5
       8
      13
       8
      10
       6
      12
       6
       9
      14
       8
      16
      14
      18
      20
      17
       8
      16
      10
       4
      11
      13
      14
       9
       4
      15
       8
       3
       9
       9
       7
      10
       8
       9
      13
       9
       6
       8
       9
       8
      12
       5
       4
       7
       6
       5
       8
       9
       8
      12
       7
       7
       7
      13
      15
      12
       7
       9
      10
       8
       5
       9
      10
       7
       9
      12
      12
       8
      11
       8
       7
       6
      11
      12
       7
      10
      10
       8
      11
       6
       9
       5
      11
       8
       6
       9
      10
      10
      15
      11
       8
      25
      12
      20
      15
      13
      10
      11
      13
      11
      18
      11
      11
      18
       7
      15
      11
      18
      14
      14
      13
      21
      24
      19
      19
      15
      15
      19
      14
      13
      15
      14
      10
      13
      12
      16
      13
       8
      12
      12
      10
       8
      15
      12
       7
      13
       8
      13
       9
      12
       9
      10
       3
      11
      10
      11
      12
       7
       3
      10
       7
       6
       6
       5
       6
      12
       4
       3
       5
       5
       5
       6
       4
      11
       9
       8
       8
       4
       5
       5
       5
       7
       5
       8
       1
       2
       9
       4
      10
       7
       3
       4
       4
       2
       7
       7
       3
       6
       6
       6
       8
       5
       6
       5
       6
       5
       8
       8
       7
       4
       6
       6
       8
      16
      15
      16
      16
      16
      15
      14
      11
      13
       8
       9
       9
      11
      10
       5
       7
       6
       7
       5
       1
       3
       6
       5
       8
       3
       5
       6
       7
       6
       7
       5
       5
       6
       8
      11
      10
       5
       9
       3
       6
       5
       3
       8
      12
       2
       6
       6
       6
       2
       5
       6
       4
       6
       4
       9
       1
       7
       3
       3
       4
       3
       6
       4
       6
       4
       2
       4
      11
       6
       6
       8
       4
       6
       4
       5
       5
       7
       2
       8
       7
       3
       4
       5
       2
       4
       2
       5
       7
       2
       6
       4
       6
       4
       3
       4
       5
       6
       2
       4
       3
       8
       5
       4
       1
       3
       3
       3
       4
       2
       6
       3
       5
       4
       3
       3
       2
       1
       4
       5
       4
       3
       2
       2
      11
       6
       6
       1
       4
       8
       3
       2
       8
       4
       5
       5
       3
       4
       4
       1
       0
       4
       2
       3
       2
       7
       1
       2
       5
       3
       3
       5
       5
       2
       3
       0
       2
       2
       9
       3
       3
       3
       4
       3
       3
       5
       4
       2
       1
       4
       5
       4
       4
       0
       1
       5
       7
       5
       9
       2
       2
       2
       1
       3
       5
       4
       3
       1
       8
       6
       6
       3
       3
       2
       3
       3
       2
       3
       4
       5
       4
       2
       4
       2
       4
       7
       5
       3
       2
       8
       6
       4
       5
       8
      10
       2
       3
       2
       6
       1
       6
       1
       2
       1
       3
       2
       3
       4
       4
       3
       1
       3
       3
       1
       4
       3
       1
       2
       1
       8
       5
      10
       6
       3
       5
       2
       3
       5
       2
       4
       5
       4
       6
       2
       2
       6
       3
       2
       8
       6
       5
       6
       8
       3
       3
       1
       6
       3
       1
       8
       2
       5
       4
       2
       4
       2
       2
      10
       4
       4
       3
       1
       7
       4
       4
       4
       2
       2
       1
       2
       4
       2
       4
       2
       0
       6
       9
       9
      22
      28
      43
      36
      20
       6
       3
       5
       4
       3
       2
       4
       2
       4
       2
       2
       3
       5
       4
       3
       3
       5
       4
       1
       3
       7
       7
       1
       1
       4
       2
       3
       6
       4
       3
       3
       4
       3
       3
       0
       2
       6
       2
       3
       3
       1
       7
       4
       2
       5
       2
       4
       0
       2
       5
       4
       4
       2
       2
       1
       4
       3
       1
       4
       3
       5
       4
       4
       5
       4
       2
       3
       3
       3
       4
       3
       0
       4
       2
       1
       2
       6
       2
       3
       0
       1
       2
       3
       4
       4
       5
       6
      11
      18
      14
      16
      14
       9
       7
       4
       0
       2
       1
       5
       2
       0
       2
       4
       1
       2
       0
       2
       3
       0
       3
       4
       4
      28
      87
     162
     206
     192
     111
      49
       6
       7
       1
       0
       1
       2
       2
       5
       4
       2
       0
       0
       2
       1
       0
       1
       3
       1
       4
       1
       0
       1
       2
       1
       3
       2
       4
       2
       3
       1
       2
       1
       2
       2
       1
       3
       2
       3
       0
       0
       2
       2
       2
       9
       2
       4
       6
       3
       2
       4
       0
       4
       0
       1
       2
       0
       3
       1
       0
       2
       2
       1
       5
       1
       5
       5
      12
      10
      14
      16
       7
       3
       4
       1
       3
       1
       0
       1
       6
       2
       4
       5
       3
       5
       1
       3
       3
       2
       3
      11
       3
       2
       3
       2
       1
       3
       2
       1
       2
       1
       1
       1
       1
       2
       0
       2
       2
       3
       1
       2
       2
       0
       1
       2
       1
       2
       2
       2
       0
       3
       2
       3
       3
       2
       2
       1
       1
       1
       3
       2
       1
       0
       3
       0
       2
       1
       1
       1
       1
       2
       1
       2
       1
       1
       0
       1
       2
       2
       2
       2
       2
       3
       2
       1
       2
      13
      29
      68
      76
     102
      92
      46
      14
       8
       5
       2
       3
       1
       1
       1
       1
       1
       2
       1
       2
       2
       0
       1
       4
       3
       3
       2
       1
       0
       0
       0
       1
       2
       1
       1
       1
       1
       3
       1
       3
       2
       0
       2
       0
       3
       5
       6
       6
       1
       2
       1
       4
       1
       2
       1
       1
       0
       1
       0
       1
       2
       1
       0
       0
       1
       0
       0
       1
       0
       1
       1
       3
       2
       1
       2
       1
       1
       1
       1
       2
       2
       0
       0
       0
       2
       1
       0
       1
       0
       1
       1
       1
       2
       3
       2
       0
       5
       3
       4
       1
       1
       1
       2
       1
       2
       0
       3
       0
       3
       1
       0
       1
       1
       1
       0
       1
       2
       0
       2
       4
       3
       2
       1
       3
       3
       5
       3
       2
       3
       3
       1
       1
       0
       2
       6
       1
       5
       2
       2
       3
       4
       2
       0
       1
       0
       3
       0
       0
       1
       0
       1
       1
       0
       1
       0
       0
       2
       1
       1
       0
       1
       2
       3
       1
       0
       2
       0
       1
       0
       0
       1
       0
       0
       0
       1
       0
       2
       0
       0
       2
       1
       0
       0
       2
       1
       1
       0
       1
       1
       2
       2
       1
       2
       0
       1
       2
       1
       2
       2
       1
       0
       2
       2
       0
       0
       1
       0
       0
       2
       0
       0
       0
       0
       4
       1
       0
       1
       3
       2
       2
       0
       1
       2
       1
       2
       2
       1
       3
       2
       0
       0
       1
       0
       1
       1
       4
       1
       0
       0
       1
       0
       0
       0
       1
       1
       0
       1
       0
       3
       0
       1
       1
       1
       1
       2
       0
       1
       0
       3
       1
       0
       1
       0
       0
       1
       0
       0
       0
       2
       1
       0
       1
       1
       2
       0
       0
       1
       0
       0
       2
       3
       0
       1
       2
       0
       1
       0
       0
       2
       0
       3
       2
       2
       2
       2
       0
       2
       1
       1
       0
       0
       2
       1
       0
       0
       0
       2
       1
       0
       0
       0
       1
       0
       0
       3
       1
       1
       0
       0
       0
       1
       0
       1
       0
       1
       1
       2
       1
       2
       0
       1
       3
       1
       2
       0
       1
       1
       1
       2
       1
       1
       0
       0
       1
       0
       2
       2
       1
       1
       2
       1
       0
       2
       1
       0
       1
       3
       1
       2
       1
       0
       1
       2
       0
       1
       0
       1
       1
       2
       0
       0
       2
       2
       0
       1
       2
       1
       0
       0
       2
       1
       1
       1
       0
       1
       0
       0
       2
       1
       0
       2
       0
       1
       0
       0
       0
       0
       2
       1
       1
       0
       3
       2
       1
       0
       3
       1
       1
       0
       2
       2
       1
       0
       2
       0
       0
       0
       2
       3
       0
       2
       0
       1
       1
       0
       0
       2
       1
       0
       0
       0
       0
       1
       1
       2
       1
       0
       0
       0
       1
       1
       1
       0
       1
       0
       0
       1
       0
       1
       1
       0
       0
       0
       2
       0
       0
       0
       0
       1
       0
       0
       4
       1
       1
       0
       1
       0
       0
       0
       0
       0
       1
       0
       1
       0
       1
       1
       2
       3
       2
       0
       0
       0
       1
       1
       0
       0
       0
       1
       2
       1
       0
       0
       1
       0
       1
       1
       1
       1
       0
       0
       0
       0
       0
       2
       2
       1
       2
       1
       0
       1
       1
       0
       0
       0
       1
       1
       1
       1
       1
       1
       2
       1
       2
       1
       0
       2
       1
       0
       0
       0
       1
       1
       3
       0
       1
       0
       0
       2
       1
       1
       1
       0
       1
       0
       1
       1
       0
       0
       0
       0
       0
       2
       0
       1
       1
       1
       0
       1
       0
       1
       1
       1
       0
       1
       0
       0
       2
       0
       1
       0
       0
       1
       1
       2
       0
       0
       0
       0
       3
       0
       0
       0
       0
       1
       1
       1
       0
       0
       2
       0
       3
       1
       4
       0
       0
       0
       0
       1
       3
       0
       1
       0
       0
       1
       1
       0
       2
       1
       1
       0
       1
       1
       1
       1
       1
       1
       0
       1
       1
       2
       1
       1
       0
       0
       0
       0
       1
       0
       2
       0
       0
       2
       2
       1
       0
       0
       1
       1
       1
       0
       0
       1
       2
       0
       2
       0
       0
       2
       0
       3
       1
       0
       0
       1
       1
       1
       2
       0
       2
       1
       1
       1
       1
       0
       0
       1
       1
       0
       0
       2
       1
       1
       0
       0
       1
       0
       2
       2
       0
       0
       0
       1
       1
       0
       1
       1
       0
       0
       0
       0
       1
       2
       3
       1
       1
       0
       1
       1
       0
       0
       0
       2
       0
       1
       1
       1
       1
       0
       0
       1
       0
       1
       0
       0
       4
       1
       0
       1
       1
       1
       2
       0
       0
       0
       0
       0
       0
       0
       1
       0
       0
       0
       0
       3
       0
       0
       0
       1
       0
       1
       0
       0
       1
       0
       0
       3
       0
       0
       1
       1
       2
       1
       0
       0
       0
       1
       1
       1
       0
       1
       0
       2
       0
       1
       0
       1
       2
       1
       3
       3
       3
       1
       4
       1
       3
       1
       2
       0
       0
       3
       0
       0
       2
       1
       0
       0
       0
       1
       1
       1
       1
       1
       1
       1
       1
       1
       1
       0
       2
       1
       1
       0
       1
       1
       1
       1
       2
       0
       0
       0
       0
       1
       0
       1
       2
       0
       2
       0
       0
       0
       0
       2
       1
       1
       1
       1
       1
       0
       0
       0
       0
       0
       2
       0
       1
       0
       0
       0
       0
       0
       0
       1
       1
       0
       1
       2
       1
       0
       1
       0
       0
       0
       0
       0
       1
       1
       2
       0
       1
       1
       1
       0
       2
       0
       2
       0
       1
       1
       1
       1
       0
       0
       4
       0
       0
       2
       1
       1
       0
       0
       0
       1
       0
       1
       1
       0
       0
       0
       3
       0
       0
       0
       0
       0
       2
       1
       0
       0
       0
       0
       1
       1
       1
       1
       0
       1
       1
       0
       1
       1
       2
       0
       0
       0
       1
       0
       0
       0
       1
       0
       1
       1
       1
       3
       0
       1
       1
       0
       0
       0
       0
       1
       1
       0
       2
       1
       1
       0
       0
       1
       0
       0
       2
       1
       1
       0
       0
       0
       3
       0
       2
       1
       1
       1
       2
       2
       0
       1
       1
       0
       0
       1
       2
       0
       0
       0
       1
       0
       0
       0
       1
       2
       0
       1
       1
       0
       0
       0
       0
       0
       0
       0
       0
       0
       1
       2
       1
       2
       0
       2
       1
       1
       2
       2
       0
       0
       0
       0
       0
       1
       0
       1
       0
       1
       0
       0
       1
       0
       0
       1
       0
       0
       1
       0
       1
       1
       1
       1
       0
       2
       0
       2
       0
       0
       1
       0
       0
       0
       1
       2
       2
       2
       0
       1
       0
       2
       0
       0
       0
       1
       1
       0
       0
       0
       1
       2
       0
       0
       0
       2
       0
       0
       1
       0
       0
       0
       2
       0
       0
       0
       0
       0
       1
       0
       0
       0
       1
       1
       1
       0
       1
       1
       1
       0
       0
       1
       2
       0
       0
       0
       0
       0
       0
       0
       1
       1
       0
       1
       2
       1
       0
       1
       1
       1
       1
       3
       0
       3
       1
       3
       1
       0
       0
       2
       1
       0
       1
       0
       1
       1
       0
       0
       1
       2
       1
       1
       3
       0
       1
       1
       1
       0
       0
       3
       0
       1
       1
       2
       2
       0
       1
       0
       1
       2
       0
       0
       0
       1
       1
       1
       0
       2
       0
       0
       0
       0
       0
       1
       0
       0
       1
       2
       0
       0
       0
       1
       0
       1
       1
       0
       0
       1
       0
       1
       0
       0
       2
       0
       0
       1
       1
       0
       0
       0
       1
       0
       1
       1
       0
       1
       4
       1
       0
       0
       0
       0
       1
       1
       1
       1
       0
       0
       0
       0
       0
       0
       0
       0
       1
       1
       1
       1
       1
       0
       0
       0
       0
       1
       0
       0
       0
       0
       1
       0
       0
       0
       0
       1
       2
       1
       0
       1
       0
       0
       1
       0
       0
       1
       2
       1
       1
       1
       1
       1
       1
       0
       0
       0
       0
       0
       0
       1
       0
       1
       0
       1
       0
       0
       1
       2
       1
       0
       0
       0
       2
       0
       2
       0
       0
       0
       1
       0
       0
       0
       0
       3
       0
       1
       0
       0
       0
       0
       0
       2
       0
       0
       0
       1
       1
       3
       1
       1
       0
       0
       0
       2
       0
       0
       0
       1
       0
       0
       1
       1
       1
       0
       1
       0
       0
       1
       0
       0
       1
       0
       0
       0
       1
       0
       1
       0
       0
       0
       1
       1
       0
       1
       2
       1
       0
       0
       1
       1
       2
       0
       0
       0
       1
       0
       0
       0
       0
       0
       0
       1
       0
       0
       1
       0
       1
       2
       1
       1
       0
       0
       1
       0
       1
       0
       0
       0
       0
       0
       1
       0
       0
       2
       0
       0
       0
       0
       1
       0
       0
       0
       1
       1
       0
       0
       0
       0
       1
       0
       0
       3
       0
       2
       0
       1
       0
       1
       0
       0
       0
       2
       1
       0
       0
       0
       1
       0
       0
       0
       1
       2
       1
       0
       1
       0
       3
       0
       0
       0
       1
       0
       0
       1
       0
       2
       0
       1
       0
       3
       0
       0
       0
       1
       0
       1
       0
       1
       1
       1
       0
       1
       0
       0
       0
       1
       0
       1
       1
       2
       0
       0
       2
       1
       1
       0
       0
       0
       0
       1
       0
       0
       0
       1
       0
       2
       0
       0
       0
       0
       0
       0
       0
       0
       0
       1
       1
       0
       0
       0
       0
       0
       0
       1
       0
       0
       1
       0
       0
       0
       0
       0
       0
       0
       1
       2
       0
       1
       0
       0
       2
       0
       1
       0
       0
       0
       1
       1
       0
       0
       0
       0
       0
       0
       0
       0
       2
       0
       0
       0
       0
       1
       1
       1
       0
       2
       1
       0
       1
       0
       0
       1
       1
       0
       0
       0
       1
       0
       0
       0
       0
       1
       0
       1
       0
       1
       0
       0
       0
       0
       1
       0
       2
       0
       0
       0
       0
       1
       1
       1
       0
       1
       0
       0
       0
       0
       2
       0
       0
       0
       0
       1
       1
       3
       1
       0
       0
       0
       0
       1
       0
       1
       0
       0
       0
       0
       0
       0
       0
       0
       0
       0
       1
       0
       0
       0
       0
       0
       0
       0
       0
       0
       0
       0
       1
       0
       1
       0
       0
       0
       0
       1
       1
       1
       1
       0
       1
       0
       0
       0
       0
       0
       0
       0
       0
       1
       1
       1
       0
       0
       0
       0
       0
       0
       0
       1
       0
       1
       0
       0
       0
       0
       0
       1
       0
       0
       1
       1
       1
       1
       0
       1
       1
       1
       0
       0
       0
       0
       0
       0
       0
       1
       1
       1
       0
       0
       1
       0
       0
       1
       1
       0
       0
       0
       0
       1
       1
       1
       0
       1
       0
       0
       0
       0
       0
       1
       0
       1
       1
       0
       0
       0
       0
       0
       0
       0
       0
       0
       0
       0
       0
       1
       1
       1
       0
       0
       1
       0
       0
       0
       1
       0
       1
       0
       1
       0
       1
       0
       0
       0
       0
       0
       0
       0
       0
       0
       0
       0
       1
       0
       1
       0
       0
       0
       0
       0
       0
       0
       1
       0
       0
       0
       0
       1
       1
       1
       0
       1
       0
       0
       0
       1
       0
       0
       2
       0
       0
       0
       0
       1
       1
       0
       0
       2
       0
       0
       0
       0
       0
       0
       0
       0
       0
       1
       1
       1
       0
       3
       1
       0
       0
       2
       0
       0
       0
       0
       1
       0
       0
       1
       0
       0
       0
       0
       0
       0
       0
       0
       0
       1
       0
       1
       1
       1
       1
       1
       1
       1
       0
       1
       0
       0
       2
       0
       0
       2
       1
       0
       0
       0
       0
       0
       0
       0
       1
       0
       0
       0
       1
       0
       1
       0
       3
       1
       0
       1
       0
       0
       1
       2
       0
       1
       0
       1
       0
       0
       1
       0
       0
       0
       1
       1
       1
       0
       0
       0
       2
       1
       0
       1
       0
       2
       0
       0
       1
       1
       0
       0
       0
       1
       0
       1
       0
       1
       0
       1
       0
       0
       0
       1
       0
       1
       0
       1
       0
       1
       0
       0
       0
       1
       3
       1
       0
       1
       0
       1
       1
       2
       1
       0
       0
       0
       0
       0
       0
       0
       0
       0
       0
       0
       0
       0
       0
       1
       0
       0
       0
       1
       0
       0
       0
       0
       3
       1
       0
       0
       0
       0
       1
       0
       0
       0
       0
       1
       0
       0
       0
       1
       0
       1
       0
       0
       0
       1
       0
       0
       0
       0
       1
       1
       1
       2
       1
       0
       1
       0
       0
       0
       0
       0
       0
       0
       0
       1
       0
       0
       0
       1
       0
       0
       1
       0
       2
       0
       0
       1
       1
       0
       0
       0
       0
       1
       0
       0
       2
       1
       0
       0
       1
       0
       0
       0
       1
       1
       0
       0
       3
       1
       0
       0
       0
       1
       0
       0
       1
       0
       1
       0
       0
       1
       0
       0
       0
       0
       0
       1
       0
       1
       1
       1
       0
       1
       1
       0
       0
       0
       0
       0
       0
       0
       0
       0
       1
       0
       1
       2
       0
       1
       1
       1
       0
       0
       0
       0
       0
       1
       1
       0
       0
       1
       0
       0
       1
       0
       0
       1
       0
       1
       0
       0
       0
       2
       1
       0
       0
       0
       0
       0
       0
       1
       0
       0
       1
       0
       0
       0
       0
       1
       0
       0
       1
       1
       1
       0
       1
       0
       0
       1
       0
       0
       0
       0
       0
       0
       0
       1
       0
       1
       1
       0
       1
       1
       1
       0
       0
       0
       0
       0
       1
       1
       1
       2
       0
       0
       0
       1
       0
       1
       0
       0
       0
       1
       0
       0
       0
       1
       0
       0
       1
       1
       0
       0
       0
       0
       0
       0
       0
       0
       1
       0
       0
       0
       0
       0
       1
       0
       0
       0
       1
       0
       3
       0
       2
       0
       0
       1
       0
       1
       0
       0
       0
       0
       0
       0
       1
       1
       0
       0
       1
       0
       0
       0
       0
       0
       0
       1
       0
       2
       0
       0
       1
       0
       0
       0
       0
       0
       0
       0
       1
       0
       0
       0
       1
       0
       0
       0
       0
       2
       1
       0
       0
       0
       0
       0
       1
       0
       0
       0
       1
       0
       0
       3
       2
       0
       0
       0
       1
       0
       0
       0
       0
       1
       0
       0
       0
       1
       0
       0
       0
       1
       1
       0
       1
       0
       0
       0
       1
       0
       0
       1
       1
       2
       0
       0
       0
       0
       0
       0
       1
       2
       1
       1
       0
       1
       0
       0
       0
       0
       0
       1
       0
       2
       1
       0
       0
       0
       0
       1
       0
       0
       0
       0
       0
       1
       0
       1
       1
       1
       0
       0
       0
       0
       0
       0
       1
       0
       1
       1
       0
       2
       0
       0
       0
       0
       0
       0
       1
       0
       1
       1
       0
       0
       0
       1
       0
       0
       0
       0
       1
       0
       2
       0
       0
       0
       0
       0
       0
       0
       0
       0
       0
       1
       0
       0
       0
       1
       0
       0
       0
       1
       0
       0
       0
       1
       1
       0
       0
       0
       0
       0
       0
       0
       1
       0
       0
       0
       0
       0
       0
       0
       0
       1
       0
       0
       2
       0
       0
       1
       0
       0
       2
       1
       0
       0
       0
       1
       0
       1
       0
       0
       1
       0
       1
       2
       0
       0
       1
       0
       0
       0
       0
       1
       0
       0
       1
       1
       0
       0
       0
       0
       0
       0
       0
       0
       0
       1
       0
       0
       0
       1
       0
       2
       0
       1
       1
       0
       0
       0
       0
       0
       0
       0
       1
       1
       0
       1
       0
       0
       0
       1
       1
       1
       0
       0
       1
       1
       0
       0
       0
       0
       0
       0
       0
       0
       1
       0
       0
       0
       0
       0
       0
       0
       0
       0
       0
       1
       0
       0
       0
       0
       0
       0
       1
       0
       0
       1
       0
       0
       0
       0
       0
       0
       0
       0
       0
       0
       0
       2
       0
       1
       1
       0
       2
       2
       0
       1
       0
       0
       0
       0
       0
       0
       0
       0
       0
       0
       0
       0
       0
       0
       0
       0
       0
       1
       0
       1
       0
       0
       0
       1
       1
       0
       0
       1
       0
       1
       0
       0
       0
       0
       1
       0
       0
       0
       1
       1
       0
       1
       0
       1
       0
       0
       0
       1
       0
       0
       0
       0
       1
       0
       1
       1
       1
       0
       0
       2
       0
       0
       0
       1
       0
       0
       1
       1
       0
       1
       0
       0
       0
       0
       0
       0
       0
       0
       1
       0
       0
       0
       0
       1
       1
       0
       0
       0
       0
       0
       0
       0
       0
       0
       0
       0
       0
       0
       1
       1
       0
       0
       1
       0
       0
       0
       0
       0
       2
       0
       2
       0
       0
       0
       1
       0
       0
       0
       1
       0
       0
       0
       0
       1
       0
       0
       0
       0
       0
       0
       0
       0
       0
       1
       0
       0
       0
       0
       1
       0
       0
       0
       0
       1
       0
       1
       0
       1
       0
       2
       0
       1
       1
       1
       0
       2
       0
       1
       0
       0
       0
       2
       0
       0
       1
       0
       0
       1
       0
       0
       0
       0
       0
       0
       1
       0
       0
       0
       0
       0
       0
       0
       0
       0
       1
       0
       0
       0
       0
       0
       0
       0
       0
       1
       1
       0
       0
       0
       0
       0
       0
       1
       0
       0
       0
       0
       1
       1
       0
       0
       0
       0
       0
       0
       1
       0
       0
       0
       0
       0
       0
       0
       0
       0
       0
       0
       0
       0
       0
       1
       0
       0
       0
       0
       0
       0
       1
       1
       0
       0
       1
       0
       0
       0
       0
       1
       0
       0
       0
       0
       0
       0
       0
       1
       0
       0
       0
       0
       0
       0
       0
       0
       0
       0
       0
       0
       1
       0
       0
       0
       1
       0
       1
       0
       1
       1
       0
       0
       0
       0
       0
       0
       0
       0
       0
       2
       0
       0
       0
       0
       0
       0
       0
       0
       0
       0
       1
       1
       0
       0
       0
       0
       0
       0
       1
       0
       0
       0
       0
       0
       1
       0
       0
       0
       1
       0
       0
       0
       0
       0
       0
       1
       0
       0
       0
       0
       0
       0
       0
       0
       0
       0
       1
       0
       1
       0
       1
       0
       1
       1
       0
       0
       0
       0
       0
       0
       0
       0
       1
       0
       0
       1
       1
       0
       0
       0
       0
       0
       0
       0
       0
       0
       0
       0
       0
       0
       0
       1
       1
       0
       1
       0
       0
       0
       1
       0
       0
       0
       0
       0
       0
       0
       0
       0
       0
       0
       1
       2
       2
       2
       0
       1
       0
       1
       0
       0
       0
       0
       0
       0
       1
       1
       0
       0
       0
       0
       1
       0
       1
       2
       1
       0
       1
       0
       0
       0
       1
       0
       0
       0
       0
       0
       0
       1
       0
       1
       0
       0
       0
       0
       1
       1
       1
       0
       0
       0
       0
       1
       1
       0
       0
       0
       0
       2
       0
       0
       0
       0
       0
       0
       0
       0
       0
       0
       0
       0
       1
       1
       0
       1
       0
       0
       1
       0
       0
       0
       1
       0
       0
       0
       0
       1
       0
       0
       0
       0
       0
       1
       0
       0
       0
       1
       0
       0
       0
       0
       0
       0
       1
       0
       0
       2
       0
       0
       1
       1
       0
       2
       1
       1
       0
       0
       0
       0
       0
       1
       1
       3
       4
       3
       5
       6
       5
       4
       3
       1
       1
       0
       0
       0
       0
       1
       1
       3
       0
       0
       0
       0
       1
       0
       0
       1
       1
       1
       0
       0
       0
       0
       0
       0
       1
       1
       0
       1
       1
       2
       2
       0
       0
       1
       1
       0
       0
       0
       0
       0
       0
       0
       0
       1
       0
       0
       1
       0
       0
       0
       0
       0
       0
       0
       0
       0
       0
       0
       0
       0
       0
       0
       0
       0
       0
       0
       1
       0
       0
       0
       0
       0
       0
       0
       0
       0
       1
       1
       0
       0
       0
       0
       0
       0
       0
       0
       0
       2
       0
       2
       0
       0
       0
       0
       0
       1
       1
       0
       1
       0
       0
       0
       1
       0
       0
       0
       0
       0
       0
       0
       0
       2
       0
       0
       0
       0
       1
       1
       0
       0
       0
       0
       1
       0
       2
       0
       0
       0
       0
       0
       0
       1
       1
       0
       0
       1
       0
       0
       0
       0
       0
       0
       1
       0
       0
       1
       2
       0
       0
       0
       0
       0
       0
       1
       0
       0
       0
       0
       0
       0
       0
       0
       0
       0
       0
       0
       0
       0
       0
       0
       1
       0
       0
       0
       1
       0
       0
       0
       0
       0
       0
       0
       0
       0
       0
       1
       0
       1
       0
       0
       0
       0
       1
       0
       0
       0
       0
       0
       0
       0
       1
       0
       0
       0
       0
       1
       1
       0
       1
       0
       0
       0
       0
       0
       0
       1
       0
       0
       0
       0
       0
       0
       0
       0
       0
       0
       0
       0
       0
       0
       1
       1
       1
       1
       0
       0
       0
       0
       0
       0
       0
       0
       0
       0
       0
       0
       0
       1
       0
       0
       0
       0
       0
       0
       1
       0
       0
       0
       0
       0
       0
       0
       0
       0
       1
       0
       0
       1
       0
       0
       0
       0
       0
       1
       0
       0
       0
       0
       0
       0
       0
       0
       0
       0
       0
       0
       0
       0
       0
       0
       0
       1
       1
       0
       0
       0
       0
       0
       0
       0
       0
       0
       0
       1
       0
       0
       0
       0
       0
       1
       0
       0
       0
       0
       0
       0
       0
       0
       0
       0
       0
       0
       0
       0
       1
       0
       0
       0
       0
       0
       0
       0
       0
       0
       0
       0
       1
       0
       0
       0
       0
       0
       0
       1
       1
       0
       0
       0
       1
       0
       1
       0
       0
       0
       0
       1
       0
       0
       1
       0
       0
       0
       0
       0
       0
       0
       0
       0
       0
       0
       0
       0
       2
       0
       0
       0
       0
       0
       0
       0
       0
       0
       0
       0
       1
       1
       0
       0
       0
       0
       1
       0
       0
       0
       0
       0
       0
       0
       0
       1
       0
       0
       0
       0
       0
       1
       0
       0
       1
       0
       0
       1
       0
       0
       0
       0
       0
       0
       0
       1
       0
       0
       0
       0
       0
       0
       0
       0
       0
       0
       0
       0
       0
       0
       0
       0
       0
       0
       0
       0
       0
       0
       0
       0
       0
       1
       0
       0
       1
       0
       1
       0
       0
       0
       0
       2
       0
       0
       0
       1
       0
       1
       0
       0
       0
       0
       0
       0
       0
       0
       2
       0
       0
       0
       0
       0
       2
       0
       0
       1
       0
       1
       0
       0
       0
       0
       0
       0
       0
       0
       0
       0
       0
       0
       0
       0
       0
       0
       0
       1
       0
       1
       0
       0
       0
       0
       0
       0
       0
       0
       1
       0
       0
       0
       0
       0
       1
       0
       0
       0
       0
       0
       1
       0
       0
       0
       0
       0
       0
       0
       0
       0
       0
       1
       0
       0
       1
       0
       1
       0
       0
       0
       0
       0
       0
       0
       1
       0
       0
       0
       0
       0
       0
       0
       0
       0
       0
       1
       0
       0
       0
       0
       1
       0
       0
       1
       0
       0
       0
       0
       0
       1
       0
       1
       0
       0
       0
       0
       0
       0
       0
       0
       0
       0
       0
       0
       0
       0
       0
       0
       0
       0
       1
       0
       0
       0
       0
       1
       1
       0
       0
       0
       0
       0
       0
       0
       0
       0
       0
       0
       0
       0
       0
       0
       0
       0
       1
       0
       0
       0
       1
       1
       0
       1
       0
       0
       0
       2
       0
       0
       0
       0
       0
       0
       2
       1
       1
       0
       0
       1
       0
       0
       1
       0
       0
       0
       0
       0
       1
       0
       0
       0
       0
       0
       0
       0
       0
       0
       0
       0
       0
       0
       0
       0
       0
       0
       0
       0
       0
       0
       0
       0
       0
       0
       0
       0
       0
       0
       0
       0
       0
       0
       0
       0
       0
       0
       0
       0
       0
       1
       0
       0
       0
       0
       1
       0
       0
       0
       0
       0
       0
       0
       0
       0
       0
       1
       0
       0
       0
       0
       0
       0
       0
       0
       0
       0
       0
       1
       0
       0
       0
       0
       0
       0
       0
       0
       1
       0
       0
       0
       2
       0
       0
       0
       1
       0
       0
       0
       0
       1
       0
       0
       0
       0
       1
       0
       0
       1
       0
       0
       0
       0
       0
       0
       0
       0
       0
       0
       0
       0
       0
       0
       0
       0
       0
       0
       0
       0
       0
       0
       1
       0
       0
       0
       0
       0
       0
       0
       0
       1
       0
       2
       0
       0
       0
       0
       0
       0
       0
       0
       0
       0
       0
       0
       0
       0
       0
       1
       0
       0
       0
       0
       0
       0
       0
       0
       1
       0
       0
       0
       0
       0
       0
       0
       1
       0
       1
       0
       0
       0
       0
       0
       0
       0
       0
       0
       0
       0
       0
       0
       0
       0
       0
       0
       0
       0
       0
       0
       0
       1
       1
       0
       0
       0
       0
       0
       0
       0
       0
       0
       0
       1
       0
       0
       0
       0
       0
       0
       0
       0
       0
       0
       1
       0
       0
       0
       0
       0
       0
       1
       1
       0
       0
       1
       0
       0
       0
       0
       0
       0
       0
       0
       1
       0
       0
       0
       1
       0
       0
       0
       0
       0
       0
       1
       1
       0
       0
       0
       1
       0
       0
       0
       0
       0
       0
       1
       0
       0
       0
       0
       0
       0
       0
       1
       1
       0
       0
       0
       0
       0
       0
       0
       0
       0
       1
       0
       0
       0
       0
       0
       0
       0
       0
       0
       0
       0
       0
       0
       0
       0
       0
       0
       0
       0
       0
       0
       0
       0
       0
       0
       0
       1
       0
       0
       0
       0
       1
       0
       0
       0
       0
       0
       0
       0
       0
       0
       0
       0
       0
       0
       0
       0
       1
       0
       0
       0
       0
       1
       0
       0
       0
       1
       0
       2
       0
       1
       0
       0
       0
       0
       0
       0
       0
       1
       0
       0
       0
       0
       0
       1
       0
       0
       0
       0
       0
       0
       0
       0
       0
       0
       0
       0
       0
       0
       0
       0
       0
       0
       0
       0
       0
       0
       1
       0
       0
       0
       0
       0
       0
       0
       0
       0
       0
       0
       0
       1
       0
       1
       0
       0
       0
       1
       0
       0
       1
       1
       0
       1
       0
       1
       0
       0
       0
       0
       0
       0
       1
       1
       0
       1
       0
       0
       0
       0
       0
       0
       0
       0
       0
       0
       0
       0
       0
       0
       1
       0
       0
       0
       0
       0
       0
       0
       0
       0
       0
       0
       0
       0
       0
       0
       0
       1
       0
       0
       0
       0
       0
       0
       0
       0
       1
       0
       0
       0
       0
       1
       0
       0
       0
       0
       0
       0
       1
       0
       1
       0
       0
       0
       0
       0
       0
       0
       0
       1
       0
       0
       0
       0
       0
       0
       0
       0
       0
       0
       0
       0
       0
       0
       0
       0
       0
       0
       0
       0
       0
       0
       0
       0
       0
       0
       0
       0
       0
       0
       0
       1
       0
       0
       0
       1
       0
       0
       1
       0
       0
       0
       0
       0
       0
       1
       0
       0
       0
       1
       0
       0
       0
       0
       0
       1
       0
       0
       1
       0
       0
       1
       0
       0
       1
       1
       0
       0
       1
       0
       0
       0
       0
       1
       0
       0
       1
       0
       0
       0
       0
       0
       0
       0
       0
       0
       0
       0
       0
       0
       0
       0
       0
       0
       0
       0
       0
       0
       0
       0
       1
       0
       0
       0
       1
       0
       0
       1
       0
       0
       0
       0
       0
       0
       0
       0
       1
       0
       1
       0
       0
       0
       0
       0
       0
       0
       0
       0
       0
       0
       0
       0
       0
       0
       0
       0
       0
       0
       0
       0
       1
       0
       0
       0
       0
       0
       1
       1
       0
       0
       0
       0
       0
       0
       1
       0
       0
       1
       0
       0
       0
       0
       0
       0
       0
       0
       1
       0
       0
       0
       0
       0
       0
       0
       0
       0
       0
       1
       0
       0
       0
       1
       0
       0
       0
       1
       0
       0
       0
       0
       0
       0
       0
       0
       0
       0
       0
       0
       1
       1
       0
       0
       0
       0
       1
       0
       0
       0
       1
       0
       0
       0
       1
       0
       1
       0
       0
       0
       0
       0
       0
       0
       0
       0
       0
       0
       0
       0
       0
       0
       0
       0
       0
       0
       1
       0
       0
       0
       0
       0
       0
       0
       0
       0
       0
       1
       0
       0
       0
       1
       0
       0
       0
       0
       0
       1
       1
       0
       1
       0
       0
       0
       1
       0
       0
       0
       0
       0
       0
       0
       0
       0
       2
       1
       1
       0
       0
       0
       0
       0
       1
       0
       0
       1
       0
       0
       0
       0
       1
       0
       0
       0
       0
       0
       0
       0
       0
       0
       0
       0
       0
       0
       0
       0
       0
       0
       0
       0
       0
       0
       0
       0
       0
       0
       0
       1
       0
       0
       0
       0
       1
       0
       1
       0
       1
       2
       0
       0
       0
       0
       0
       0
       1
       1
       0
       0
       0
       0
       0
       0
       0
       0
       0
       0
       0
       0
       0
       0
       1
       0
       1
       1
       0
       0
       1
       0
       0
       0
       0
       1
       0
       0
       0
       0
       0
       0
       0
       1
       0
       1
       0
       0
       0
       0
       0
       0
       0
       0
       0
       0
       0
       0
       0
       0
       0
       1
       0
       0
       0
       0
       0
       0
       0
       0
       0
       0
       0
       0
       0
       0
       0
       0
       0
       0
       0
       0
       0
       0
       0
       0
       0
       0
       0
       1
       0
       2
       0
       1
       1
       0
       0
       0
       0
       0
       0
       0
       0
       0
       0
       0
       0
       0
       0
       0
       0
       0
       0
       0
       0
       0
       0
       0
       0
       0
       1
       0
       0
       0
       0
       0
       0
       0
       0
       0
       1
       0
       0
       0
       0
       0
       0
       0
       0
       0
       0
       0
       0
       0
       0
       0
       1
       0
       0
       0
       0
       0
       1
       0
       0
       1
       0
       0
       0
       0
       0
       0
       0
       0
       0
       1
       0
       0
       0
       0
       0
       0
       0
       0
       0
       0
       0
       0
       0
       0
       0
       0
       1
       0
       0
       0
       1
       0
       0
       0
       0
       0
       0
       0
       0
       1
       0
       0
       0
       2
       0
       0
       0
       0
       0
       0
       1
       0
       0
       0
       0
       0
       0
       0
       0
       0
       0
       0
       0
       0
       1
       0
       0
       0
       0
       0
       0
       0
       0
       0
       0
       0
       0
       0
       0
       0
       0
       0
       0
       0
       0
       1
       0
       0
       0
       0
       0
       0
       1
       0
       0
       0
       0
       0
       0
       0
       0
       0
       0
       0
       0
       0
       1
       0
       0
       0
       0
       0
       0
       1
       0
       0
       0
       0
       0
       0
       0
       0
       0
       0
       1
       0
       0
       0
       0
       0
       0
       0
       0
       0
       0
       0
       0
       0
       0
       0
       0
       0
       0
       0
       0
       0
       0
       0
       0
       0
       0
       0
       0
       0
       0
       0
       0
       0
       0
       0
       0
       0
       0
       1
       0
       0
       0
       1
       1
       0
       0
       0
       0
       0
       0
       0
       0
       0
       1
       0
       0
       0
       0
       0
       0
       1
       0
       0
       0
       0
       0
       0
       0
       0
       0
       0
       0
       0
       0
       0
       0
       0
       0
       0
       0
       0
       0
       0
       0
       0
       0
       0
       0
       0
       0
       1
       0
       0
       0
       0
       0
       0
       0
       0
       0
       0
       0
       0
       0
       0
       0
       0
       0
       0
       0
       0
       0
       0
       0
       0
       0
       0
       0
       0
       0
       0
       0
       0
       0
       0
       0
       0
       0
       0
       1
       0
       0
       0
       0
       0
       0
       0
       0
       1
       0
       0
       0
       0
       0
       0
       0
       0
       0
       0
       0
       0
       0
       0
       0
       0
       0
       2
       0
       0
       0
       0
       0
       0
       0
       0
       0
       0
       0
       1
       0
       0
       0
       0
       0
       1
       0
       0
       0
       0
       0
       0
       0
       1
       0
       0
       0
       1
       0
       0
       0
       0
       0
       0
       0
       0
       0
       0
       0
       0
       0
       0
       0
       0
       0
       1
       0
       0
       0
       0
       0
       0
       0
       0
       0
       0
       0
       1
       0
       0
       0
       0
       0
       0
       0
       0
       0
       0
       0
       0
       0
       0
       0
       0
       0
       0
       0
       0
       0
       1
       0
       0
       0
       0
       0
       0
       0
       0
       1
       0
       0
       0
       0
       0
       0
       0
       0
       0
       0
       0
       0
       0
       1
       1
       0
       1
       0
       1
       0
       0
       0
       0
       0
       0
       0
       0
       0
       0
       0
       0
       0
       0
       0
       0
       1
       0
       0
       1
       0
       0
       0
       0
       1
       0
       0
       0
       0
       0
       0
       1
       0
       0
       0
       0
       0
       0
       0
       0
       0
       0
       0
       0
       0
       0
       0
       1
       0
       0
       0
       0
       0
       0
       0
       1
       0
       0
       0
       0
       0
       0
       1
       0
       0
       0
       0
       0
       0
       0
       0
       0
       0
       0
       0
       0
       0
       0
       0
       0
       0
       0
       1
       0
       0
       0
       0
       0
       0
       0
       0
       0
       0
       0
       0
       0
       0
       0
       0
       0
       0
       0
       0
       0
       0
       0
       0
       0
       0
       0
       0
       0
       0
       0
       0
       0
       1
       0
       0
       0
       0
       0
       0
       0
       0
       0
       0
       0
       0
       0
       0
       0
       0
       0
       0
       1
       0
       0
       0
       0
       0
       0
       0
       0
       1
       0
       0
       0
       0
       0
       0
       0
       0
       0
       0
       0
       0
       0
       0
       0
       0
       0
       0
       0
       0
       0
       0
       0
       0
       0
       1
       0
       0
       0
       0
       0
       0
       0
       0
       0
       0
       0
       0
       0
       0
       0
       1
       0
       0
       0
       0
       0
       0
       0
       0
       0
       1
       0
       0
       0
       1
       0
       1
       0
       0
       0
       0
       0
       0
       0
       0
       0
       0
       0
       0
       0
       0
       0
       0
       0
       0
       0
       0
       0
       1
       0
       0
       0
       0
       0
       0
       0
       0
       0
       0
       0
       0
       0
       0
       0
       0
       0
       0
       0
       0
       0
       0
       0
       0
       0
       0
       1
       0
       1
       0
       0
       0
       0
       0
       1
       0
       0
       0
       0
       0
       0
       0
       1
       0
       0
       0
       0
       0
       0
       0
       0
       0
       0
       0
       0
       0
       0
       0
       0
       0
       0
       0
       0
       1
       1
       0
       1
       0
       0
       0
       0
       0
       0
       0
       0
       0
       0
       0
       0
       0
       0
       0
       1
       2
       0
       0
       0
       0
       0
       0
       0
       0
       1
       0
       0
       0
       0
       0
       0
       0
       0
       0
       0
       0
       0
       0
       0
       0
       0
       0
       0
       0
       0
       0
       0
       0
       1
       0
       0
       0
       0
       0
       0
       0
       0
       0
       0
       0
       1
       0
       0
       0
       0
       0
       0
       0
       0
       0
       0
       0
       0
       0
       0
       0
       0
       2
       0
       0
       0
       0
       0
       0
       0
       0
       0
       0
       0
       0
       0
       0
       0
       0
       0
       0
       0
       0
       0
       0
       0
       0
       0
       0
       0
       0
       0
       1
       0
       0
       1
       0
       0
       0
       0
       0
       0
       0
       0
       0
       0
       0
       0
       0
       0
       0
       0
       0
       0
       0
       0
       0
       0
       0
       0
       0
       0
       0
       0
       0
       0
       0
       0
       0
       0
       0
       0
       0
       0
       0
       1
       0
       0
       0
       0
       1
       0
       0
       0
       0
       0
       0
       0
       1
       0
       0
       0
       0
       0
       0
       0
       0
       0
       0
       0
       0
       0
       0
       0
       0
       0
       0
       0
       0
       0
       0
       0
       0
       1
       0
       0
       0
       0
       1
       0
       0
       0
       0
       0
       0
       0
       0
       0
       0
       0
       0
       1
       0
       0
       0
       0
       0
       0
       0
       0
       0
       0
       0
       1
       0
       0
       0
       0
       0
       0
       0
       0
       0
       0
       0
       0
       0
       0
       1
       0
       0
       0
       0
       1
       0
       0
       0
       0
       0
       0
       0
       0
       0
       0
       0
       0
       0
       0
       0
       0
       0
       0
       0
       0
       0
       1
       1
       0
       0
       0
       0
       0
       0
       0
       0
       0
       0
       0
       0
       0
       0
       0
       0
       0
       1
       0
       2
       0
       0
       0
       0
       0
       1
       0
       0
       0
       0
       0
       0
       1
       0
       0
       1
       0
       0
       0
       0
       0
       0
       0
       0
       0
       0
       0
       0
       0
       0
       0
       1
       0
       0
       0
       0
       0
       0
       0
       1
       0
       0
       0
       0
       0
       0
       0
       0
       0
       0
       0
       0
       0
       0
       0
       1
       0
       0
       0
       0
       0
       0
       1
       0
       0
       0
       0
       0
       0
       0
       0
       0
       0
       0
       0
       0
       0
       0
       0
       0
       0
       1
       1
       0
       1
       1
       0
       0
       1
       0
       0
       0
       0
       0
       0
       0
       0
       0
       0
       0
       0
       0
       0
       0
       0
       0
       0
       0
       0
       0
       0
       0
       0
       0
       0
       0
       0
       0
       0
       1
       0
       0
       0
       0
       0
       0
       0
       0
       0
       0
       1
       0
       0
       0
       0
       0
       0
       0
       0
       1
       0
       1
       0
       0
       0
       0
       0
       0
       0
       0
       0
       0
       0
       0
       0
       0
       0
       0
       0
       0
       0
       0
       0
       1
       0
       0
       0
       0
       0
       0
       0
       1
       0
       0
       1
       0
       0
       0
       0
       0
       0
       0
       1
       0
       0
       0
       0
       0
       0
       0
       0
       1
       0
       0
       0
       0
       0
       0
       0
       0
       0
       0
       0
       0
       0
       0
       0
       0
       0
       0
       0
       0
       0
       0
       0
       0
       0
       0
       0
       0
       0
       0
       0
       0
       0
       1
       0
       0
       0
       0
       0
       0
       0
       0
       0
       0
       0
       0
       0
       0
       0
       0
       0
       0
       1
       0
       0
       0
       0
       0
       0
       0
       0
       0
       0
       0
       0
       0
       0
       0
       0
       0
       0
       0
       0
       0
       0
       1
       0
       1
       0
       0
       0
       0
       0
       0
       0
       0
       0
       0
       0
       0
       0
       0
       0
       0
       0
       0
       0
       0
       1
       1
       0
       0
       0
       0
       0
       0
       0
       2
       0
       0
       0
       0
       0
       0
       0
       0
       1
       0
       0
       0
       0
       0
       0
       0
       0
       0
       0
       0
       1
       0
       0
       0
       0
       0
       0
       0
       0
       0
       0
       1
       0
       0
       0
       0
       0
       0
       0
       0
       0
       0
       0
       0
       0
       0
       0
       0
       0
       0
       0
       0
       0
       0
       0
       0
       0
       0
       0
       1
       0
       0
       0
       0
       0
       1
       0
       0
       0
       0
       0
       0
       0
       0
       0
       0
       0
       0
       0
       0
       0
       0
       0
       0
       0
       2
       0
       0
       0
       1
       0
       0
       0
       0
       0
       1
       0
       1
       0
       0
       0
       0
       1
       0
       0
       0
       0
       0
       0
       0
       0
       0
       0
       1
       0
       0
       0
       0
       0
       0
       0
       0
       0
       0
       0
       0
       0
       0
       0
       0
       0
       0
       0
       0
       1
       0
       0
       0
       0
       0
       0
       0
       0
       0
       0
       0
       0
       0
       0
       0
       0
       0
       0
       0
       0
       0
       0
       1
       0
       0
       0
       0
       0
       0
       0
       0
       0
       0
       0
       0
       0
       0
       0
       0
       0
       0
       1
       0
       0
       1
       0
       0
       0
       0
       0
       0
       1
       1
       0
       0
       0
       0
       0
       0
       1
       0
       0
       0
       0
       0
       0
       0
       0
       0
       0
       0
       0
       1
       0
       0
       0
       0
       0
       0
       0
       0
       0
       1
       0
       0
       0
       0
       0
       0
       0
       0
       0
       0
       0
       0
       0
       0
       0
       0
       0
       0
       0
       0
       0
       0
       0
       0
       1
       0
       0
       0
       0
       0
       0
       0
       0
       0
       0
       0
       0
       0
       0
       0
       0
       0
       0
       0
       1
       1
       0
       0
       0
       0
       0
       1
       0
       0
       0
       0
       0
       1
       0
       0
       0
       0
       0
       0
       0
       0
       0
       0
       0
       0
       0
       0
       0
       0
       0
       0
       0
       0
       1
       0
       0
       0
       0
       0
       0
       0
       0
       0
       0
       0
       0
       0
       0
       0
       0
       0
       0
       0
       0
       0
       0
       0
       0
       0
       0
       0
       0
       0
       0
       0
       0
       1
       0
       0
       0
       0
       0
       0
       1
       0
       0
       0
       0
       0
       0
       0
       0
       0
       0
       0
       0
       0
       0
       0
       0
       0
       0
       0
       0
       0
       0
       0
       0
       0
       0
       0
       0
       1
       0
       0
       0
       0
       0
       0
       0
       0
       0
       0
       0
       0
       0
       0
       0
$ROI:
0
$PRESETS:
Live Time
3600
0
$ENER_FIT:
0.137869 0.366631
$MCA_CAL:
3
1.378689E-001 3.666307E-001 -4.415950E-008 keV
$SHAPE_CAL:
3
2.301834E+000 9.195991E-004 -5.357180E-008
