$SPEC_ID:
No sample description was entered.
$SPEC_REM:
DET# 1
DETDESC# HPGe Detector 1
AP# GammaVision Version 6.07
$DATE_MEA:
10/23/2015 13:27:38
$MEAS_TIM:
3600 3737
$DATA:
0 8191
       0
       0
       0
       0
    1675
    2389
    1228
     923
     778
     835
     749
     792
     868
     929
     987
    1023
    1133
    1150
    1193
    1313
    1381
    1409
    1425
    1465
    1475
    1515
    1448
    1387
    1462
    1282
    1214
    1047
    1139
     904
     748
     710
     744
     787
     927
     872
     613
     528
     480
     462
     538
     551
     609
     722
     716
     587
     464
     461
     508
     520
     502
     558
     594
     630
     664
     613
     615
     616
     662
     868
    2740
    6241
    6090
    2649
     918
     727
     925
    1456
    1738
    1921
    2322
    1797
    1134
     872
     694
     769
     768
     808
     835
     791
     897
     980
     921
     935
    1063
    1251
    1419
    1449
    1382
    1395
    1354
    1452
    1600
    1610
    1814
    1935
    2141
    2287
    2429
    2713
    2939
    3190
    3463
    3799
    3890
    4160
    4542
    4720
    5155
    5832
    6310
    6911
    7525
    8488
    9211
    9775
   10196
   10732
   11564
   12484
   13232
   14549
   16161
   17803
   20190
   23402
   27346
   32861
   38893
   44493
   49384
   53191
   52165
   49023
   46227
   44605
   43340
   45094
   46733
   48792
   50365
   50810
   50971
   50280
   49818
   48472
   47172
   46055
   44302
   42633
   39818
   35069
   27914
   21037
   16329
   17114
   71337
  344083
  694020
  525480
  147494
   15363
     751
     202
     180
     180
     188
     176
     195
     222
     202
     230
     208
     238
     225
     229
     217
     246
     260
     266
     279
     245
     262
     257
     282
     307
     393
     366
     368
     357
     351
     422
     431
     489
     560
     520
     544
     585
     585
     655
     728
     736
     642
     618
     668
     630
     644
     593
     623
     586
     587
     615
     570
     530
     489
     509
     486
     473
     444
     488
     439
     439
     472
     433
     500
     493
     511
     561
     536
     480
     455
     459
     457
     501
     541
     484
     495
     497
     538
     552
     527
     505
     514
     500
     551
     502
     529
     509
     545
     604
     556
     534
     527
     518
     557
     561
     596
     599
     648
     728
     762
     812
     708
     895
    1953
    4008
    3922
    1959
     669
     491
     631
     805
     762
     594
     807
    2250
    4586
    4301
    1746
     388
     203
     162
     169
     168
     209
     207
     245
     240
     210
     203
     232
     191
     201
     204
     206
     199
     198
     223
     230
     201
     180
     218
     247
     223
     290
     308
     345
     361
     348
     231
     224
     218
     183
     215
     208
     245
     259
     285
     253
     273
     319
     316
     262
     225
     244
     214
     182
     202
     223
     287
     518
     731
     566
     306
     227
     377
    1120
    2175
    1735
     696
     193
     114
     105
      96
      91
      97
      88
     104
      91
     106
      99
      80
     108
     111
      82
      93
      92
     126
     111
      81
      77
      92
      94
     102
      95
      83
      79
      87
      83
      80
      77
     112
      88
      92
      98
     100
     105
     111
      94
     105
      98
      87
      94
      92
      97
      98
      81
      93
     105
      89
     123
      90
     113
     143
     256
     410
     350
     188
     104
      79
      77
      73
      85
      97
     132
     145
     127
      97
      95
      79
      86
      80
      81
      80
      92
      92
      96
     103
      83
      86
      70
     100
      96
      75
      95
      78
      98
      91
      87
      85
      86
      81
     102
      92
      68
      92
      89
      83
      89
     110
      76
      79
      95
     135
     164
     122
      85
     110
     105
     107
      65
      93
      80
     100
      83
      93
     144
     197
     235
     201
     112
      63
      78
      74
      70
      74
      82
      69
      90
      74
      83
      89
      83
      84
      82
      74
      68
      67
      65
      63
      80
      57
      68
      68
      71
      70
      67
      77
      84
      97
      93
      52
      76
      78
      68
      73
      62
      60
      82
      77
      70
      74
      77
      81
      73
      76
      67
      64
      63
      61
      78
      66
      65
      72
      61
      65
      73
      75
      82
      86
      83
      69
      64
      73
      53
      61
      69
      66
      70
      51
      46
      68
      51
      63
      50
      68
      58
      67
      69
      60
      62
      67
      61
      69
      67
      64
      72
      54
      54
      47
      55
      70
      69
      68
      61
      63
      63
      61
      70
      71
     106
     337
     732
     838
     474
     166
      57
      45
      46
      47
      55
      39
      41
      39
      45
      36
      53
      40
      45
      44
      28
      45
      31
      47
      40
      46
      39
      49
      49
      40
      46
      38
      45
      41
      30
      33
      46
      47
      64
      84
      78
      55
      45
      40
      36
      36
      34
      40
      29
      41
      36
      36
      38
      38
      32
      36
      31
      34
      38
      34
      39
      38
      39
      38
      36
      34
      39
      33
      42
      24
      43
      31
      34
      36
      35
      47
      34
      47
      38
      35
      32
      35
      42
      23
      38
      25
      40
      37
      46
      35
      31
      39
      42
      37
      40
      24
      27
      40
      26
      42
      40
      36
      33
      34
      33
      29
      37
      35
      34
      37
      24
      34
      36
      25
      27
      27
      31
      32
      25
      20
      27
      34
      27
      31
      34
      39
      38
      35
      27
      29
      34
      30
      41
      36
      39
      33
      41
      27
      23
      31
      30
      31
      29
      24
      22
      25
      27
      29
      29
      36
      29
      21
      29
      21
      42
      37
      28
      39
      27
      43
      28
      32
      43
      29
      53
      55
      43
      43
      26
      31
      24
      24
      30
      29
      36
      41
      29
      38
      34
      32
      32
      29
      27
      26
      29
      29
      32
      50
      37
      26
      37
      26
      24
      30
      31
      27
      27
      25
      20
      23
      24
      27
      19
      29
      22
      27
      27
      29
      24
      23
      19
      23
      37
      30
      22
      25
      33
      19
      27
      21
      26
      25
      30
      31
      26
      24
      28
      40
      24
      23
      34
      27
      28
      34
      30
      32
      36
      22
      21
      26
      19
      30
      27
      22
      26
      31
      19
      21
      29
      30
      29
      16
      37
      41
      53
      35
      27
      27
      25
      30
      24
      22
      20
      24
      26
      23
      20
      33
      27
      22
      19
      20
      25
      16
      17
      30
      25
      18
      38
      32
      27
      24
      19
      36
      63
     126
     124
     126
      65
      39
      28
      18
      29
      17
      27
      18
      34
      23
      14
      23
      19
      24
      17
      24
      36
      25
      20
      14
      31
      25
      12
      24
      34
      57
     126
     157
     119
      58
      34
      21
      19
      29
      22
      31
      21
      18
      22
      20
      17
      18
      19
      13
      21
      16
      31
      17
      17
       8
      19
      36
      80
     145
     159
      98
      47
      26
      21
      44
     138
     314
     459
     375
     172
      51
      13
      16
      18
      20
      13
      16
      17
      16
      30
      18
      14
      15
      14
      10
      23
      15
      14
      11
      15
      15
      13
      13
       6
      16
       8
      13
      13
      19
       9
      14
      18
      13
      11
      19
      11
      16
      12
      11
       9
      12
      14
      13
      14
      17
      17
      12
      12
      13
      14
      14
      10
       9
       9
      11
      13
      10
       7
      16
      15
      14
      14
      12
      14
      13
       9
      14
       8
      10
      13
       9
      11
      13
       7
      10
      13
      11
       8
      12
      13
      15
      11
      20
       9
      14
      55
      88
     191
     206
     114
      51
      27
      35
      40
      55
      37
      27
      17
       8
       9
       5
       8
      15
      11
      13
      11
      12
      30
      88
     130
     130
      66
      30
       9
      11
      13
       8
       6
      10
       8
       7
       9
       9
       9
       8
       5
       9
      11
      28
      40
      19
      21
       9
      12
      12
       8
      11
       8
      13
       8
      14
       9
      13
      14
      12
       9
      15
      16
      12
      14
      12
      13
       9
       8
       8
      10
       8
       4
       8
       5
       9
       6
       3
       9
       7
       7
      12
      16
       8
      16
       8
      13
      13
       5
      12
       9
      12
      13
       9
       9
       6
       8
       6
      12
       7
       7
      10
      10
      10
       6
      10
       6
      10
       5
       6
      11
       6
      10
      16
      13
       8
       7
       6
       9
       4
       6
       7
       7
       8
       9
       7
       7
      12
       8
       7
      15
      14
      18
      11
      12
      12
      14
      13
      12
      16
      30
      35
      30
      10
      10
      12
      12
       9
      12
      12
      11
      11
      10
      15
       6
       6
       9
      13
      14
      19
      36
      27
      12
      11
       7
       7
      13
       8
       8
      12
      10
      13
       7
      10
      11
       6
       6
       4
      12
      13
       8
       8
      10
       8
      12
      11
       5
       9
      10
       9
       7
       7
      12
       8
       8
      15
      17
      11
      13
      15
      15
       4
      11
      12
      11
      12
       7
      12
       9
       7
       3
       7
       5
       7
       4
      10
       8
       8
       6
       7
      10
       8
       7
       8
       7
      14
       6
       9
      11
      14
       4
      16
       5
      15
       8
       8
      11
      12
      14
      13
      10
      10
       3
       7
       8
      10
       6
       9
       6
       7
       5
      15
      11
      12
       9
       9
       8
       6
       9
       6
       7
      10
      12
       8
       6
       8
       8
      12
       7
       8
      12
       5
       7
       9
      17
       8
      14
      12
      15
      16
      13
      12
      17
      12
      12
      14
      10
      12
      12
      12
      11
      15
      17
      13
      16
      12
      19
      22
      26
      17
      22
      14
      23
      14
      22
      18
       8
      20
      12
      14
      14
      14
      18
      17
       9
       7
      12
      10
      17
       9
      13
      19
      18
      11
       8
       9
       6
       6
      11
       6
      10
       8
       5
       5
       6
       7
       1
       2
       5
       8
       5
       5
       5
       5
       8
      10
       5
       5
       5
       4
       7
       9
       4
       6
       6
       4
       8
       4
       9
       7
       3
       7
       9
       7
       3
       2
       8
       5
       4
       8
       7
       4
       8
       4
       4
       4
       3
       4
       8
       5
       7
       7
       3
      10
       9
       7
       7
      10
       8
      18
      18
      12
      21
      12
       5
      11
       7
       8
       8
      11
       9
       7
       9
       3
       4
       6
       8
       4
       5
       4
       1
       6
       4
       0
       6
       9
       2
       3
       3
      10
       7
       4
       6
       3
       6
       5
       4
       3
       6
       3
       5
       3
       1
       4
       5
       6
       4
       6
      10
       3
       5
       5
       6
      10
       4
       2
       6
       4
       4
       3
       2
      10
       5
       6
       6
       5
       5
       5
       7
       2
       5
       6
       3
       4
       3
       3
       1
       5
       2
       4
       8
       2
       2
       3
       4
       4
       5
       2
       7
       2
       3
       6
       6
       2
       3
       2
       7
       4
       8
       5
       2
       6
       3
       4
       4
       2
       3
       4
       4
       4
       3
       5
       2
       3
       9
       4
       7
       5
       6
       2
       2
       4
       4
       1
       5
       3
       5
       6
       3
       5
       3
       6
       3
       9
       2
       2
       3
       4
       5
       4
       4
       5
       3
       6
       9
       3
       6
       3
       3
       4
       0
       2
       4
       2
       3
       2
       3
       2
       3
       3
       4
       2
       1
       4
       7
       1
       4
       2
       2
       8
       2
       4
       6
       4
       3
       5
       3
       2
       5
       2
       6
       8
       3
       0
       2
       1
       1
       6
       4
       3
       5
       2
       5
       4
       2
       5
       5
       3
       3
       3
       6
       5
       4
       8
       5
       6
       5
       5
       1
       2
       5
       2
       2
       5
       6
       9
       4
       3
       2
       3
       6
       2
       0
       5
       2
       0
       1
       3
       3
       4
       5
       2
       6
       5
       3
       7
       4
       8
       5
       6
       3
       0
       3
       3
       3
       4
       1
       4
       5
       3
       5
       4
       3
       8
       3
       9
       0
       3
       1
       0
       3
       3
       3
       3
       1
       1
       3
       1
       2
       7
       5
       7
       6
       6
       3
       5
       5
       1
       5
       3
       4
       9
       4
       3
       2
       3
       4
       3
       0
       4
       4
       2
       2
      11
      15
      26
      24
      21
      13
       8
       6
       3
       1
       0
       4
       3
       3
       3
       2
       3
       3
       3
       1
       0
       6
       3
       1
       2
       1
       1
       4
       4
       2
       2
       3
       2
       3
       2
       3
       3
       1
       3
       3
       6
       4
       1
       2
       4
       2
       1
       4
       0
       3
       1
       5
       4
       3
       2
       2
       1
       2
       2
       5
       2
       4
       3
      10
       5
       5
       2
       5
       3
       1
       0
       2
       3
       4
       2
       4
       3
       2
       6
       3
       6
       2
       0
       2
       0
       5
       2
       4
       1
       2
       0
       0
       3
       9
      18
      23
      30
      22
       5
       7
       2
       2
       1
       3
       6
       3
       2
       5
       5
       1
       2
       3
       2
       1
       2
       1
       3
      12
      23
      90
     168
     205
     212
     115
      36
      17
       2
       4
       0
       3
       2
       2
       3
       1
       0
       0
       3
       1
       1
       2
       3
       3
       0
       1
       2
       2
       3
       1
       1
       2
       2
       3
       2
       1
       1
       2
       3
       4
       5
       1
       3
       3
       1
       1
       0
       1
       3
       3
       2
       2
       2
       1
       2
       3
       1
       4
       1
       1
       1
       4
       0
       1
       0
       1
       3
       3
       5
       3
       1
       2
       2
      11
      14
      24
      22
       9
       4
       4
       2
       1
       1
       3
       1
       1
       4
       4
       6
       1
       4
       4
       4
       3
       4
       4
       3
       4
       2
       4
       2
       3
       3
       1
       4
       1
       1
       3
       2
       2
       2
       1
       3
       1
       2
       2
       2
       2
       1
       2
       1
       0
       2
       1
       2
       2
       0
       1
       7
       1
       1
       5
       7
       6
       6
       1
       3
       2
       2
       2
       1
       2
       0
       1
       2
       0
       0
       1
       1
       1
       2
       1
       2
       1
       3
       0
       2
       2
       2
       2
       1
       1
      14
      28
      48
      86
      93
      66
      40
      26
       3
       3
       1
       1
       0
       1
       0
       2
       1
       0
       2
       1
       0
       0
       3
       1
       0
       5
       0
       3
       2
       1
       0
       2
       0
       0
       2
       2
       3
       1
       0
       2
       2
       1
       2
       2
       3
       3
       3
       4
       4
       2
       2
       2
       1
       3
       4
       0
       0
       0
       2
       1
       1
       2
       0
       1
       1
       3
       0
       1
       0
       0
       4
       2
       1
       1
       2
       0
       1
       1
       1
       1
       2
       1
       0
       1
       0
       4
       0
       1
       1
       0
       3
       2
       0
       2
       3
       4
       6
       4
       3
       0
       1
       2
       0
       0
       1
       3
       1
       2
       1
       2
       1
       3
       1
       0
       0
       0
       0
       2
       0
       1
       0
       1
       0
       4
       3
       3
       4
       2
       1
       4
       0
       1
       1
       1
       2
       2
       4
       3
       2
       2
       1
       1
       2
       3
       2
       1
       3
       0
       0
       0
       0
       0
       0
       0
       0
       1
       0
       1
       1
       1
       0
       0
       1
       3
       1
       1
       1
       0
       0
       1
       4
       1
       0
       2
       0
       2
       2
       2
       1
       2
       0
       0
       0
       2
       1
       1
       2
       2
       0
       1
       2
       0
       4
       0
       0
       0
       1
       0
       0
       2
       1
       0
       0
       0
       1
       0
       1
       0
       0
       2
       1
       0
       0
       1
       2
       0
       1
       0
       0
       0
       1
       0
       1
       0
       2
       3
       2
       1
       1
       2
       1
       1
       0
       1
       2
       0
       2
       2
       2
       0
       1
       0
       0
       1
       2
       3
       1
       1
       0
       1
       2
       2
       0
       0
       0
       1
       1
       0
       0
       1
       2
       0
       1
       0
       0
       1
       0
       0
       1
       4
       1
       2
       1
       0
       0
       0
       1
       3
       2
       1
       1
       0
       0
       1
       1
       1
       3
       0
       1
       1
       0
       0
       2
       1
       1
       2
       0
       1
       0
       1
       0
       1
       1
       3
       2
       0
       0
       0
       0
       0
       2
       0
       1
       0
       2
       1
       2
       0
       1
       1
       0
       0
       1
       0
       1
       1
       3
       0
       2
       2
       5
       1
       1
       1
       2
       2
       2
       4
       1
       0
       1
       3
       2
       1
       1
       2
       0
       0
       1
       1
       0
       4
       1
       0
       1
       2
       1
       2
       3
       5
       1
       2
       2
       1
       1
       1
       1
       0
       1
       1
       0
       0
       0
       1
       3
       1
       2
       2
       2
       3
       0
       1
       0
       0
       1
       1
       0
       0
       0
       2
       0
       1
       1
       0
       3
       1
       1
       0
       1
       1
       2
       1
       2
       1
       1
       0
       0
       1
       0
       5
       0
       2
       1
       0
       2
       2
       1
       1
       0
       3
       1
       2
       1
       0
       3
       3
       0
       0
       0
       0
       1
       1
       0
       1
       0
       0
       2
       0
       3
       1
       1
       1
       2
       0
       1
       2
       0
       1
       0
       0
       1
       1
       2
       2
       0
       2
       0
       0
       0
       1
       3
       1
       1
       0
       1
       0
       1
       1
       0
       1
       0
       0
       1
       4
       0
       1
       1
       1
       0
       0
       1
       0
       1
       1
       3
       1
       3
       0
       2
       0
       1
       1
       0
       2
       0
       0
       0
       1
       0
       0
       2
       1
       1
       1
       0
       0
       0
       3
       1
       0
       0
       0
       1
       2
       1
       0
       0
       0
       1
       1
       2
       1
       1
       2
       0
       2
       2
       1
       0
       1
       0
       0
       1
       1
       0
       0
       1
       0
       1
       0
       1
       0
       1
       0
       0
       0
       1
       0
       1
       0
       0
       2
       0
       0
       0
       0
       0
       1
       1
       2
       0
       1
       1
       1
       1
       0
       0
       0
       1
       2
       2
       0
       1
       1
       0
       1
       2
       0
       1
       1
       0
       0
       2
       0
       0
       1
       2
       1
       1
       0
       0
       0
       1
       3
       1
       0
       1
       0
       0
       2
       0
       1
       0
       0
       2
       0
       0
       3
       1
       0
       1
       1
       1
       2
       1
       0
       0
       1
       1
       1
       1
       0
       0
       0
       0
       2
       1
       0
       1
       0
       0
       1
       2
       1
       2
       1
       2
       0
       0
       0
       1
       1
       0
       0
       0
       0
       1
       0
       0
       0
       1
       1
       0
       1
       1
       1
       1
       1
       2
       0
       0
       0
       0
       0
       1
       0
       0
       0
       0
       0
       0
       0
       0
       0
       1
       1
       1
       1
       1
       1
       1
       0
       0
       0
       2
       0
       1
       0
       1
       1
       1
       0
       1
       0
       2
       1
       1
       2
       0
       1
       0
       0
       1
       0
       2
       0
       1
       2
       0
       1
       1
       1
       2
       3
       0
       2
       1
       3
       0
       0
       0
       0
       0
       0
       0
       0
       1
       0
       1
       0
       0
       0
       0
       1
       1
       0
       0
       1
       1
       2
       1
       1
       0
       2
       0
       1
       1
       0
       0
       1
       1
       1
       0
       0
       1
       0
       2
       0
       1
       1
       0
       0
       0
       1
       2
       2
       0
       0
       0
       2
       0
       0
       1
       0
       1
       2
       1
       0
       0
       0
       0
       1
       0
       0
       0
       0
       2
       0
       1
       1
       3
       0
       0
       1
       1
       0
       1
       0
       0
       1
       0
       0
       1
       0
       0
       0
       0
       0
       0
       0
       0
       1
       0
       1
       2
       3
       1
       0
       0
       0
       1
       1
       0
       1
       0
       0
       2
       1
       0
       0
       0
       1
       0
       2
       0
       1
       1
       0
       0
       0
       0
       0
       0
       0
       0
       0
       0
       0
       0
       1
       0
       0
       0
       0
       0
       1
       0
       0
       0
       1
       0
       0
       3
       1
       2
       1
       0
       0
       0
       1
       0
       0
       2
       1
       1
       1
       1
       1
       0
       3
       0
       0
       1
       0
       0
       2
       0
       0
       1
       0
       4
       0
       1
       1
       2
       0
       1
       0
       0
       2
       1
       1
       0
       0
       1
       0
       2
       0
       0
       1
       1
       2
       0
       0
       2
       0
       0
       0
       1
       1
       1
       1
       0
       2
       0
       0
       0
       1
       0
       1
       0
       2
       0
       0
       1
       0
       2
       0
       0
       1
       1
       2
       0
       1
       1
       1
       0
       1
       1
       0
       1
       1
       0
       1
       1
       0
       0
       0
       1
       0
       0
       1
       0
       0
       0
       1
       0
       0
       1
       0
       0
       0
       0
       2
       0
       0
       0
       0
       0
       0
       0
       2
       0
       0
       1
       0
       1
       1
       0
       1
       1
       0
       0
       0
       0
       0
       0
       0
       0
       0
       1
       0
       0
       1
       0
       0
       1
       0
       0
       1
       1
       1
       1
       2
       0
       1
       1
       0
       2
       1
       1
       0
       0
       0
       0
       0
       0
       0
       1
       2
       3
       2
       1
       0
       0
       0
       1
       0
       0
       0
       0
       0
       1
       2
       0
       0
       0
       1
       0
       1
       0
       1
       0
       1
       2
       1
       0
       0
       0
       0
       2
       3
       0
       0
       1
       1
       1
       2
       1
       1
       1
       2
       0
       0
       0
       0
       0
       0
       0
       1
       1
       2
       1
       0
       1
       1
       0
       0
       1
       2
       2
       1
       1
       1
       0
       1
       1
       0
       0
       1
       1
       0
       0
       2
       0
       2
       1
       0
       2
       0
       1
       2
       1
       1
       3
       1
       0
       2
       1
       0
       2
       1
       0
       2
       0
       2
       3
       2
       1
       1
       1
       4
       3
       1
       0
       0
       0
       0
       1
       0
       0
       0
       0
       0
       0
       0
       1
       0
       0
       0
       0
       1
       1
       0
       1
       0
       0
       0
       0
       0
       0
       2
       1
       1
       0
       0
       1
       0
       0
       0
       1
       0
       0
       1
       0
       1
       1
       1
       1
       0
       2
       1
       0
       1
       0
       0
       0
       0
       0
       0
       1
       0
       1
       0
       1
       0
       1
       0
       1
       0
       1
       0
       0
       0
       0
       0
       0
       1
       2
       0
       0
       0
       0
       0
       0
       1
       1
       0
       1
       0
       0
       0
       0
       0
       0
       0
       0
       2
       1
       0
       2
       0
       0
       0
       0
       0
       0
       0
       0
       0
       0
       0
       1
       0
       1
       0
       0
       0
       1
       0
       0
       1
       1
       1
       1
       0
       0
       0
       1
       1
       0
       0
       2
       0
       0
       0
       1
       0
       0
       0
       0
       0
       1
       0
       0
       0
       0
       1
       1
       0
       0
       1
       0
       0
       1
       1
       0
       2
       0
       1
       1
       0
       1
       1
       1
       1
       1
       0
       0
       1
       0
       0
       0
       1
       0
       0
       1
       0
       0
       0
       0
       1
       1
       0
       0
       0
       0
       1
       2
       0
       0
       1
       1
       0
       0
       0
       0
       0
       0
       0
       0
       0
       0
       0
       0
       0
       1
       1
       1
       0
       2
       0
       0
       0
       1
       0
       0
       1
       0
       0
       0
       0
       0
       0
       0
       0
       0
       0
       0
       1
       1
       2
       2
       1
       0
       0
       1
       1
       2
       0
       1
       0
       1
       0
       0
       1
       0
       0
       0
       0
       0
       0
       0
       0
       0
       0
       0
       0
       2
       0
       0
       1
       1
       0
       1
       0
       0
       0
       0
       1
       0
       0
       0
       0
       0
       0
       0
       1
       0
       0
       0
       2
       1
       0
       1
       0
       0
       1
       0
       0
       0
       1
       1
       0
       1
       0
       1
       0
       0
       1
       0
       0
       0
       0
       0
       0
       2
       1
       0
       0
       3
       1
       0
       1
       0
       0
       0
       0
       0
       0
       0
       1
       2
       2
       0
       0
       1
       0
       0
       3
       1
       0
       1
       0
       1
       0
       0
       0
       1
       2
       1
       0
       0
       0
       1
       2
       0
       1
       1
       0
       0
       1
       2
       2
       0
       0
       0
       0
       0
       2
       1
       0
       0
       1
       0
       0
       0
       0
       1
       1
       0
       0
       1
       0
       0
       0
       0
       0
       0
       1
       0
       2
       1
       0
       0
       2
       0
       0
       1
       0
       0
       0
       0
       1
       1
       1
       0
       0
       1
       0
       1
       0
       2
       0
       1
       1
       0
       1
       0
       1
       1
       0
       2
       2
       0
       0
       2
       0
       1
       0
       1
       0
       1
       1
       2
       0
       1
       0
       1
       0
       1
       1
       2
       0
       0
       0
       0
       0
       1
       0
       2
       0
       0
       1
       0
       0
       1
       1
       0
       0
       0
       2
       0
       0
       0
       0
       0
       0
       0
       1
       0
       0
       0
       0
       1
       0
       0
       0
       1
       1
       0
       0
       1
       0
       0
       1
       0
       0
       1
       0
       0
       1
       3
       0
       1
       0
       1
       1
       0
       0
       0
       0
       0
       0
       1
       0
       0
       1
       0
       0
       1
       0
       0
       0
       0
       0
       0
       0
       0
       0
       0
       1
       0
       0
       0
       0
       0
       0
       1
       1
       0
       1
       0
       0
       0
       0
       1
       0
       0
       0
       0
       0
       0
       1
       1
       0
       0
       0
       0
       1
       1
       0
       1
       1
       3
       1
       0
       0
       1
       1
       0
       1
       0
       1
       1
       0
       0
       1
       0
       0
       4
       0
       1
       0
       0
       0
       1
       1
       1
       1
       0
       1
       2
       0
       1
       0
       0
       0
       0
       0
       0
       0
       0
       0
       0
       0
       2
       0
       0
       1
       1
       0
       1
       0
       0
       0
       0
       0
       0
       0
       1
       0
       1
       0
       0
       0
       0
       2
       0
       0
       1
       0
       0
       0
       0
       0
       0
       0
       0
       0
       1
       0
       0
       0
       0
       0
       0
       0
       0
       0
       0
       0
       1
       0
       1
       0
       1
       0
       0
       0
       0
       1
       1
       1
       1
       1
       1
       0
       0
       0
       0
       1
       1
       0
       0
       0
       1
       0
       0
       0
       0
       0
       2
       0
       0
       0
       1
       1
       1
       0
       0
       1
       0
       0
       0
       0
       0
       1
       0
       0
       0
       0
       0
       1
       0
       0
       0
       3
       0
       0
       0
       0
       1
       1
       2
       0
       2
       1
       0
       0
       0
       0
       0
       0
       1
       2
       2
       1
       0
       1
       0
       1
       1
       0
       0
       0
       0
       0
       1
       0
       0
       0
       0
       0
       1
       1
       1
       0
       1
       0
       1
       0
       2
       0
       1
       1
       0
       1
       0
       1
       0
       1
       0
       0
       0
       2
       0
       1
       1
       0
       0
       0
       1
       0
       1
       0
       1
       0
       1
       0
       0
       0
       0
       0
       0
       1
       1
       0
       1
       0
       2
       0
       0
       0
       0
       1
       0
       0
       0
       2
       1
       0
       0
       0
       2
       0
       0
       0
       0
       0
       0
       1
       0
       0
       0
       0
       0
       0
       0
       0
       0
       1
       1
       0
       2
       2
       0
       1
       1
       0
       0
       0
       0
       0
       0
       1
       0
       1
       0
       0
       2
       0
       0
       2
       0
       0
       0
       2
       1
       0
       0
       1
       1
       2
       1
       1
       1
       0
       1
       1
       0
       0
       0
       0
       1
       1
       0
       0
       0
       1
       1
       1
       0
       0
       1
       0
       0
       1
       0
       0
       2
       0
       1
       0
       1
       1
       0
       0
       0
       1
       1
       0
       0
       1
       1
       0
       0
       0
       2
       0
       0
       0
       1
       1
       0
       0
       1
       0
       1
       1
       2
       4
       1
       1
       2
       0
       0
       0
       0
       0
       1
       0
       0
       1
       0
       0
       0
       0
       0
       0
       1
       0
       0
       1
       1
       0
       1
       1
       0
       0
       0
       0
       0
       0
       0
       2
       0
       0
       1
       2
       1
       0
       1
       1
       0
       2
       0
       0
       0
       0
       0
       0
       0
       0
       0
       0
       0
       0
       0
       0
       0
       0
       0
       0
       0
       2
       0
       0
       1
       0
       0
       0
       0
       0
       0
       1
       1
       2
       1
       0
       2
       0
       1
       1
       0
       0
       0
       1
       0
       0
       0
       0
       1
       0
       0
       0
       2
       0
       0
       1
       1
       1
       0
       0
       1
       1
       0
       3
       0
       0
       3
       0
       0
       0
       0
       1
       1
       0
       0
       0
       1
       1
       0
       0
       0
       0
       0
       0
       2
       0
       0
       1
       0
       0
       1
       1
       1
       2
       1
       0
       0
       0
       1
       1
       0
       0
       0
       0
       2
       1
       0
       0
       0
       0
       0
       0
       0
       1
       0
       0
       1
       0
       1
       0
       0
       0
       1
       0
       0
       0
       0
       0
       0
       0
       0
       0
       1
       0
       2
       0
       1
       0
       0
       0
       1
       1
       0
       1
       1
       0
       1
       1
       0
       0
       0
       1
       0
       0
       1
       0
       0
       1
       0
       0
       0
       0
       0
       1
       0
       0
       2
       0
       1
       1
       0
       1
       0
       0
       0
       0
       1
       1
       0
       0
       1
       1
       0
       0
       0
       0
       2
       0
       0
       0
       0
       2
       0
       1
       0
       2
       0
       0
       0
       0
       1
       1
       1
       0
       0
       0
       2
       0
       0
       0
       0
       0
       1
       3
       1
       0
       1
       0
       0
       0
       0
       1
       0
       0
       0
       1
       0
       0
       0
       1
       1
       1
       0
       0
       0
       0
       1
       0
       0
       2
       0
       0
       0
       1
       0
       0
       0
       0
       1
       3
       2
       2
       0
       0
       0
       1
       0
       1
       1
       0
       0
       0
       1
       1
       0
       2
       1
       0
       0
       0
       0
       0
       0
       0
       0
       0
       0
       0
       0
       0
       0
       0
       0
       0
       0
       0
       1
       0
       0
       0
       1
       0
       0
       2
       1
       0
       0
       1
       0
       0
       0
       1
       0
       0
       1
       0
       0
       0
       0
       0
       0
       1
       0
       0
       1
       0
       0
       0
       0
       0
       2
       1
       1
       0
       0
       1
       0
       0
       1
       0
       0
       0
       0
       0
       0
       0
       0
       1
       0
       0
       0
       0
       0
       0
       1
       0
       0
       0
       0
       1
       0
       0
       0
       0
       1
       0
       0
       0
       0
       0
       0
       0
       1
       0
       0
       0
       0
       1
       0
       1
       1
       0
       0
       0
       1
       0
       1
       0
       0
       1
       0
       1
       0
       0
       1
       0
       0
       1
       0
       0
       0
       0
       0
       0
       0
       0
       0
       0
       0
       0
       0
       0
       0
       0
       0
       0
       0
       1
       1
       0
       0
       0
       0
       1
       0
       0
       0
       0
       0
       0
       0
       0
       0
       1
       0
       0
       0
       2
       1
       1
       0
       0
       0
       0
       0
       0
       0
       0
       0
       0
       1
       1
       0
       0
       0
       1
       0
       1
       0
       0
       0
       0
       2
       0
       0
       0
       0
       0
       0
       1
       0
       1
       0
       0
       0
       1
       1
       0
       0
       0
       1
       0
       0
       1
       0
       0
       1
       2
       0
       0
       0
       0
       0
       1
       0
       1
       0
       0
       0
       0
       0
       0
       0
       1
       1
       1
       1
       1
       1
       1
       1
       0
       2
       1
       1
       0
       0
       0
       0
       0
       0
       1
       0
       0
       0
       0
       0
       0
       1
       0
       0
       0
       0
       0
       0
       0
       1
       0
       0
       0
       0
       0
       1
       0
       0
       0
       0
       0
       0
       0
       0
       0
       0
       0
       0
       0
       0
       1
       0
       1
       0
       0
       0
       1
       0
       1
       1
       0
       0
       0
       0
       0
       0
       0
       1
       0
       0
       1
       1
       0
       0
       0
       0
       0
       0
       0
       0
       0
       0
       0
       0
       0
       1
       1
       0
       0
       0
       0
       0
       0
       0
       0
       0
       0
       0
       0
       0
       0
       0
       0
       0
       0
       0
       0
       1
       1
       0
       1
       0
       0
       1
       1
       1
       3
       0
       0
       1
       0
       0
       0
       1
       0
       2
       1
       0
       0
       0
       0
       0
       0
       1
       0
       0
       0
       1
       0
       0
       1
       0
       0
       1
       0
       0
       1
       0
       0
       1
       1
       0
       1
       0
       1
       1
       0
       0
       0
       0
       0
       0
       0
       0
       0
       0
       0
       0
       1
       1
       0
       0
       0
       1
       0
       0
       0
       0
       1
       0
       0
       0
       0
       1
       0
       0
       0
       0
       0
       1
       0
       0
       0
       1
       2
       2
       0
       0
       0
       1
       0
       0
       2
       0
       0
       0
       1
       0
       0
       0
       0
       0
       0
       0
       0
       0
       0
       0
       1
       1
       0
       0
       0
       0
       1
       0
       0
       0
       0
       1
       0
       0
       0
       0
       0
       0
       0
       0
       1
       0
       0
       0
       0
       0
       0
       0
       0
       0
       0
       0
       0
       0
       0
       0
       0
       1
       0
       0
       0
       0
       0
       1
       0
       1
       0
       0
       0
       0
       2
       0
       0
       0
       0
       0
       0
       0
       0
       0
       0
       1
       0
       0
       0
       0
       0
       1
       0
       0
       0
       0
       0
       0
       0
       0
       1
       0
       0
       0
       1
       0
       0
       1
       0
       0
       0
       0
       1
       1
       0
       0
       0
       0
       0
       0
       0
       0
       1
       0
       0
       0
       0
       1
       0
       0
       0
       0
       1
       0
       0
       0
       0
       1
       0
       1
       1
       1
       1
       0
       0
       0
       1
       0
       0
       0
       0
       0
       0
       0
       0
       0
       2
       0
       0
       0
       2
       0
       0
       0
       0
       0
       0
       0
       1
       0
       0
       0
       1
       0
       0
       0
       1
       0
       0
       0
       0
       0
       0
       0
       1
       0
       0
       0
       0
       0
       1
       0
       1
       0
       0
       1
       1
       0
       4
       1
       1
       0
       0
       0
       0
       2
       2
       4
       0
       0
       2
       1
       3
       4
       5
       5
       4
       3
       4
       1
       2
       2
       0
       1
       1
       1
       2
       0
       2
       1
       1
       0
       0
       0
       0
       0
       1
       0
       1
       0
       0
       2
       0
       1
       1
       0
       0
       0
       0
       0
       0
       0
       0
       0
       0
       1
       1
       1
       0
       0
       3
       0
       0
       0
       0
       0
       0
       0
       0
       1
       0
       0
       0
       0
       0
       0
       0
       0
       1
       1
       2
       0
       0
       0
       0
       0
       1
       0
       0
       1
       0
       0
       0
       0
       0
       0
       0
       0
       0
       0
       1
       0
       0
       0
       1
       0
       1
       1
       0
       0
       0
       1
       0
       1
       1
       0
       0
       0
       1
       0
       0
       1
       0
       1
       0
       0
       0
       0
       1
       0
       0
       0
       0
       0
       0
       0
       0
       2
       0
       0
       0
       0
       1
       0
       0
       1
       0
       1
       0
       0
       0
       0
       0
       0
       0
       0
       0
       0
       0
       0
       0
       0
       0
       1
       0
       0
       0
       0
       1
       0
       0
       0
       0
       0
       0
       0
       0
       0
       0
       0
       0
       0
       0
       0
       0
       1
       0
       1
       0
       0
       0
       0
       0
       0
       0
       0
       0
       0
       0
       0
       0
       0
       0
       0
       0
       0
       0
       1
       0
       0
       0
       0
       0
       2
       0
       0
       0
       1
       0
       0
       0
       1
       0
       0
       0
       0
       0
       0
       0
       0
       0
       0
       1
       0
       0
       0
       0
       0
       0
       0
       0
       1
       0
       0
       0
       0
       0
       0
       0
       0
       0
       0
       0
       0
       0
       0
       0
       0
       0
       0
       0
       0
       0
       0
       0
       0
       0
       0
       0
       0
       2
       0
       0
       0
       0
       0
       0
       1
       1
       0
       0
       0
       0
       0
       0
       0
       0
       0
       0
       0
       0
       0
       0
       0
       1
       0
       0
       0
       0
       0
       0
       0
       0
       1
       1
       0
       1
       0
       0
       0
       0
       0
       0
       0
       0
       0
       1
       0
       0
       0
       0
       0
       0
       0
       0
       0
       0
       0
       0
       1
       0
       0
       0
       1
       1
       0
       1
       1
       0
       0
       0
       1
       0
       0
       0
       1
       0
       0
       0
       1
       1
       0
       0
       0
       1
       1
       0
       0
       0
       2
       0
       0
       0
       0
       0
       0
       0
       0
       0
       0
       0
       0
       0
       0
       0
       0
       0
       0
       1
       2
       0
       0
       0
       0
       0
       0
       0
       0
       0
       0
       0
       0
       0
       0
       0
       0
       1
       0
       0
       1
       0
       0
       1
       0
       0
       0
       0
       0
       1
       0
       0
       0
       0
       0
       0
       0
       0
       1
       0
       1
       0
       0
       0
       0
       0
       0
       0
       0
       0
       0
       0
       0
       0
       0
       0
       0
       0
       0
       0
       0
       0
       0
       1
       0
       0
       0
       0
       0
       0
       0
       0
       0
       1
       0
       0
       0
       0
       0
       0
       1
       0
       0
       0
       1
       0
       0
       0
       1
       0
       0
       1
       0
       0
       0
       0
       0
       0
       0
       0
       0
       0
       0
       0
       1
       0
       0
       0
       0
       0
       0
       0
       0
       0
       1
       0
       1
       1
       0
       0
       1
       0
       0
       0
       0
       0
       0
       0
       0
       0
       0
       0
       0
       0
       0
       0
       0
       0
       0
       0
       0
       0
       0
       1
       0
       0
       0
       2
       0
       0
       1
       0
       0
       0
       1
       0
       0
       0
       1
       0
       0
       0
       0
       0
       0
       0
       1
       1
       0
       0
       1
       0
       1
       0
       0
       0
       0
       0
       0
       0
       0
       0
       0
       0
       0
       0
       1
       0
       0
       3
       0
       1
       0
       0
       0
       0
       0
       0
       1
       0
       0
       0
       0
       1
       0
       0
       0
       0
       0
       1
       1
       1
       0
       0
       0
       0
       0
       0
       0
       0
       0
       0
       0
       0
       0
       0
       0
       0
       0
       0
       0
       0
       0
       0
       0
       0
       0
       1
       1
       1
       0
       0
       0
       1
       0
       0
       0
       0
       0
       0
       0
       1
       0
       0
       0
       0
       0
       0
       1
       1
       0
       0
       0
       0
       0
       0
       0
       0
       0
       0
       1
       0
       0
       0
       0
       1
       0
       0
       1
       0
       0
       0
       0
       0
       0
       0
       0
       0
       1
       0
       0
       0
       0
       0
       1
       0
       0
       0
       0
       0
       0
       0
       0
       0
       0
       0
       0
       0
       0
       0
       0
       1
       0
       0
       0
       0
       0
       0
       0
       0
       1
       0
       0
       0
       1
       1
       0
       0
       1
       1
       0
       0
       0
       0
       0
       0
       1
       0
       0
       0
       0
       0
       0
       0
       0
       0
       0
       0
       0
       0
       0
       0
       1
       0
       0
       0
       0
       0
       0
       1
       0
       1
       0
       0
       0
       0
       0
       0
       0
       0
       2
       0
       0
       1
       0
       0
       0
       0
       0
       0
       0
       0
       0
       0
       0
       0
       0
       0
       0
       0
       0
       0
       0
       0
       0
       0
       0
       0
       0
       0
       0
       0
       0
       0
       0
       0
       0
       0
       0
       0
       0
       0
       0
       1
       0
       2
       0
       0
       0
       0
       0
       0
       0
       0
       1
       1
       1
       0
       0
       0
       0
       0
       0
       0
       0
       0
       0
       0
       0
       0
       0
       0
       0
       0
       0
       0
       0
       0
       0
       0
       0
       0
       0
       0
       0
       0
       0
       0
       0
       1
       0
       0
       0
       0
       0
       0
       0
       0
       0
       0
       0
       0
       0
       1
       1
       0
       0
       0
       0
       0
       2
       0
       0
       0
       0
       0
       0
       0
       0
       0
       0
       0
       2
       1
       0
       0
       0
       0
       0
       0
       0
       0
       0
       0
       0
       0
       1
       1
       0
       0
       1
       0
       0
       0
       0
       0
       1
       0
       1
       0
       1
       0
       0
       0
       0
       1
       0
       0
       0
       0
       0
       1
       0
       0
       0
       1
       0
       0
       0
       0
       0
       0
       0
       0
       0
       0
       1
       0
       0
       0
       0
       0
       0
       1
       0
       0
       0
       0
       1
       0
       0
       1
       0
       0
       0
       0
       0
       0
       0
       0
       0
       0
       0
       0
       0
       0
       0
       0
       0
       1
       0
       0
       0
       0
       1
       0
       0
       0
       0
       0
       0
       1
       0
       0
       0
       0
       1
       0
       0
       0
       0
       0
       0
       0
       0
       1
       1
       0
       1
       1
       0
       0
       1
       0
       0
       1
       0
       0
       0
       0
       0
       0
       0
       0
       0
       0
       1
       0
       0
       0
       0
       0
       0
       0
       0
       0
       1
       0
       0
       0
       1
       1
       0
       1
       0
       0
       0
       0
       0
       1
       0
       0
       0
       1
       0
       0
       0
       0
       0
       0
       0
       0
       0
       0
       0
       0
       0
       0
       0
       0
       0
       0
       0
       0
       1
       0
       0
       1
       0
       0
       0
       0
       0
       0
       0
       0
       0
       0
       1
       0
       0
       0
       0
       0
       0
       1
       0
       0
       0
       0
       0
       0
       0
       0
       0
       0
       0
       0
       0
       0
       0
       0
       0
       0
       0
       1
       0
       0
       0
       0
       0
       0
       0
       0
       0
       0
       0
       0
       0
       0
       0
       0
       0
       1
       0
       0
       0
       0
       0
       0
       0
       0
       0
       0
       0
       0
       1
       0
       0
       0
       1
       0
       0
       0
       1
       0
       0
       0
       0
       1
       0
       0
       0
       0
       1
       1
       0
       1
       1
       1
       0
       0
       0
       0
       1
       0
       0
       0
       0
       0
       0
       0
       0
       0
       1
       0
       0
       1
       0
       1
       0
       0
       0
       0
       0
       0
       0
       0
       0
       1
       0
       0
       0
       0
       0
       0
       0
       1
       0
       0
       0
       1
       0
       1
       0
       0
       0
       0
       0
       0
       0
       0
       0
       0
       0
       0
       1
       0
       0
       0
       0
       0
       0
       0
       0
       2
       1
       1
       0
       0
       0
       0
       1
       0
       1
       0
       0
       0
       0
       0
       0
       0
       0
       0
       0
       0
       0
       0
       0
       0
       0
       0
       0
       0
       2
       0
       0
       0
       0
       0
       0
       0
       0
       0
       0
       0
       0
       0
       0
       0
       0
       0
       0
       0
       0
       0
       0
       0
       0
       0
       0
       0
       0
       0
       0
       0
       0
       0
       0
       0
       0
       0
       0
       0
       1
       0
       0
       0
       0
       0
       0
       0
       0
       0
       0
       0
       0
       0
       0
       0
       2
       0
       0
       0
       0
       0
       0
       0
       0
       0
       0
       0
       0
       0
       0
       1
       0
       0
       0
       0
       0
       0
       0
       0
       1
       1
       0
       0
       0
       0
       0
       0
       0
       0
       0
       0
       0
       0
       0
       0
       0
       0
       0
       0
       0
       0
       0
       1
       0
       0
       0
       0
       0
       0
       0
       0
       0
       0
       0
       0
       0
       0
       0
       1
       0
       0
       0
       0
       1
       0
       0
       1
       0
       0
       0
       0
       0
       1
       0
       1
       0
       0
       1
       0
       1
       0
       0
       0
       1
       0
       0
       0
       0
       0
       0
       0
       0
       0
       0
       0
       0
       1
       0
       0
       0
       0
       0
       0
       0
       0
       0
       1
       0
       0
       0
       0
       0
       0
       0
       0
       0
       0
       1
       0
       0
       1
       0
       0
       0
       0
       1
       0
       0
       0
       0
       0
       0
       1
       0
       0
       0
       0
       1
       1
       0
       1
       0
       0
       0
       0
       0
       0
       0
       1
       1
       0
       0
       0
       0
       0
       0
       0
       0
       1
       0
       1
       0
       0
       0
       0
       0
       1
       1
       0
       0
       0
       0
       0
       0
       1
       0
       0
       0
       0
       0
       0
       0
       0
       1
       0
       0
       0
       0
       0
       0
       0
       0
       0
       0
       0
       0
       0
       0
       0
       0
       0
       1
       0
       0
       0
       0
       3
       0
       0
       0
       0
       1
       0
       0
       0
       0
       0
       0
       0
       0
       0
       0
       0
       0
       0
       0
       0
       0
       0
       0
       0
       0
       0
       0
       1
       0
       0
       0
       0
       0
       0
       0
       0
       0
       0
       1
       0
       0
       0
       0
       0
       0
       0
       0
       0
       0
       0
       0
       0
       0
       0
       0
       1
       0
       0
       0
       0
       1
       0
       1
       0
       0
       0
       0
       0
       0
       0
       0
       0
       0
       0
       1
       1
       0
       0
       1
       0
       0
       2
       0
       0
       1
       0
       0
       0
       0
       0
       0
       0
       0
       0
       0
       0
       0
       0
       0
       0
       0
       1
       0
       0
       0
       0
       0
       0
       0
       0
       0
       0
       0
       1
       0
       0
       0
       0
       1
       0
       1
       0
       1
       0
       0
       0
       0
       0
       0
       0
       0
       0
       0
       0
       0
       0
       0
       0
       0
       1
       0
       0
       0
       1
       1
       0
       0
       0
       0
       0
       1
       0
       0
       0
       0
       0
       1
       0
       0
       0
       0
       0
       0
       0
       0
       0
       0
       0
       0
       0
       0
       0
       0
       0
       0
       1
       1
       0
       0
       1
       0
       0
       0
       0
       0
       0
       0
       0
       0
       1
       0
       0
       0
       0
       0
       0
       0
       0
       0
       0
       0
       0
       0
       0
       0
       0
       0
       0
       0
       1
       0
       0
       0
       0
       0
       0
       0
       0
       0
       0
       0
       1
       1
       0
       0
       0
       0
       0
       0
       0
       0
       0
       0
       0
       0
       0
       0
       0
       2
       0
       0
       0
       1
       0
       0
       0
       0
       0
       0
       0
       0
       1
       0
       0
       0
       0
       0
       0
       0
       0
       0
       0
       0
       0
       0
       1
       0
       0
       0
       0
       0
       0
       1
       0
       0
       0
       0
       0
       0
       0
       0
       0
       0
       1
       0
       0
       0
       0
       0
       0
       0
       0
       0
       0
       0
       0
       0
       0
       0
       0
       0
       0
       0
       0
       0
       0
       0
       0
       0
       0
       0
       0
       0
       0
       0
       0
       0
       1
       0
       0
       0
       0
       0
       0
       0
       1
       0
       0
       0
       0
       0
       0
       0
       0
       0
       0
       0
       0
       0
       0
       0
       0
       0
       0
       0
       0
       0
       0
       0
       0
       0
       0
       0
       1
       0
       0
       1
       0
       0
       0
       0
       0
       0
       0
       0
       0
       0
       0
       0
       0
       0
       0
       0
       0
       0
       0
       0
       0
       0
       0
       0
       0
       0
       0
       0
       0
       0
       0
       0
       0
       0
       0
       0
       0
       0
       0
       0
       0
       0
       0
       0
       0
       0
       0
       0
       0
       0
       1
       0
       0
       0
       0
       0
       1
       0
       0
       1
       0
       0
       1
       0
       0
       0
       1
       0
       0
       0
       0
       0
       0
       0
       0
       1
       0
       0
       0
       0
       0
       0
       0
       0
       0
       0
       0
       0
       0
       1
       0
       0
       0
       0
       0
       0
       0
       0
       0
       0
       0
       1
       0
       0
       0
       1
       0
       0
       0
       0
       0
       0
       0
       0
       0
       0
       0
       1
       2
       0
       0
       0
       1
       0
       0
       0
       0
       0
       0
       0
       0
       0
       0
       0
       0
       0
       0
       0
       0
       1
       0
       0
       0
       0
       0
       0
       0
       0
       0
       0
       0
       0
       0
       0
       0
       0
       0
       0
       0
       0
       0
       0
       0
       0
       0
       0
       0
       0
       0
       0
       0
       0
       0
       0
       0
       0
       0
       0
       0
       0
       0
       0
       0
       1
       0
       0
       1
       0
       1
       0
       1
       1
       0
       0
       0
       0
       0
       0
       0
       0
       0
       0
       0
       0
       0
       0
       0
       0
       0
       1
       0
       0
       0
       0
       0
       0
       0
       0
       0
       0
       0
       0
       0
       1
       0
       0
       0
       0
       0
       0
       0
       1
       0
       0
       0
       0
       0
       0
       0
       0
       0
       0
       0
       0
       0
       0
       0
       0
       0
       0
       0
       0
       0
       1
       0
       2
       0
       0
       0
       0
       0
       0
       0
       0
       1
       0
       0
       0
       0
       0
       0
       0
       0
       0
       0
       0
       0
       0
       1
       0
       0
       0
       0
       0
       0
       0
       0
       0
       0
       0
       0
       0
       0
       0
       0
       0
       0
       0
       0
       0
       0
       0
       0
       0
       0
       0
       0
       0
       0
       0
       0
       0
       0
       0
       0
       0
       0
       0
       0
       0
       0
       0
       0
       0
       0
       0
       0
       0
       0
       0
       0
       0
       0
       0
       0
       1
       0
       0
       0
       0
       0
       0
       0
       0
       0
       1
       1
       1
       2
       0
       0
       0
       0
       0
       0
       0
       0
       0
       0
       0
       0
       0
       1
       0
       0
       0
       0
       0
       1
       0
       0
       0
       0
       0
       0
       0
       0
       0
       0
       0
       0
       0
       0
       0
       0
       0
       0
       0
       0
       0
       0
       0
       0
       0
       0
       0
       0
       0
       0
       0
       0
       0
       0
       0
       0
       0
       0
       0
       0
       0
       0
       0
       0
       0
       1
       0
       0
       1
       0
       0
       0
       0
       0
       0
       0
       0
       0
       0
       0
       0
       0
       0
       0
       0
       0
       1
       1
       0
       0
       0
       0
       0
       0
       0
       0
       1
       0
       0
       0
       0
       0
       0
       0
       0
       0
       0
       1
       0
       0
       0
       0
       0
       0
       1
       0
       0
       0
       0
       0
       0
       0
       0
       0
       0
       0
       0
       0
       0
       1
       0
       0
       0
       0
       0
       0
       0
       1
       0
       0
       0
       0
       0
       0
       0
       0
       0
       0
       0
       0
       0
       0
       0
       0
       0
       0
       0
       0
       0
       0
       1
       0
       0
       0
       0
       0
       0
       0
       0
       0
       0
       0
       0
       0
       0
       0
       0
       0
       0
       0
       1
       0
       1
       0
       0
       0
       0
       0
       1
       0
       0
       0
       0
       0
       0
       0
       0
       0
       0
       0
       1
       0
       0
       0
       0
       0
       0
       0
       0
       1
       0
       0
       0
       0
       0
       0
       0
       0
       0
       0
       0
       0
       0
       0
       0
       0
       1
       0
       0
       0
       0
       0
       0
       0
       0
       0
       0
       0
       0
       0
       0
       0
       0
       0
       0
       0
       0
       0
       0
       0
       0
       0
       0
       0
       0
       0
       0
       0
       0
       0
       0
       0
       0
       0
       0
       1
       0
       0
       0
       0
       0
       0
       0
       0
       1
       0
       0
       0
       0
       0
       0
       0
       0
       0
       0
       1
       0
       0
       0
       0
       0
       0
       0
       0
       0
       0
       0
       0
       0
       0
       0
       0
       0
       0
       0
       0
       0
       0
       0
       0
       0
       0
       0
       0
       0
       0
       1
       1
       0
       0
       0
       0
       0
       0
       1
       0
       0
       0
       0
       0
       0
       0
       0
       1
       0
       0
       0
       0
       0
       0
       0
       0
       0
       0
       0
       0
       0
       0
       0
       0
       0
       0
       0
       0
       0
       0
       0
       0
       1
       0
       0
       0
       0
       0
       1
       0
       0
       0
       0
       0
       0
       0
       0
       1
       0
       0
       0
       0
       0
       0
       0
       0
       0
       0
       0
       0
       0
       0
       0
       0
       0
       0
       0
       0
       0
       0
       0
       0
       0
       0
       0
       0
       0
       0
       0
       0
       0
       0
       0
       0
       0
       0
       0
       0
       0
       0
       0
       1
       0
       0
       0
       0
       0
       0
       0
       0
       0
       0
       0
       0
       0
       0
       0
       1
       0
       0
       0
       0
       0
       1
       0
       0
       0
       0
       0
       0
       0
       0
       0
       0
       0
       0
       0
       0
       0
       0
       0
       0
       0
       0
       0
       0
       0
       0
       0
       0
       0
       0
       0
       0
       0
       1
       1
       0
       0
       0
       0
       0
       0
       0
       0
       0
       0
       0
       0
       0
       0
       0
       0
       0
       0
       0
       0
       0
       0
       0
       0
       0
       0
       0
       0
       0
       0
       0
       0
       0
       0
       0
       0
       0
       0
       0
       0
       1
       0
       0
       0
       0
       0
       0
       0
       0
       0
       0
       0
       0
       0
       0
       0
       0
       0
       0
       0
       1
       1
       0
       0
       0
       0
       0
       1
       0
       0
       0
       0
       0
       0
       0
       0
       0
       0
       0
       0
       0
       0
       0
       0
       0
       0
       0
       0
       0
       0
       0
       0
       0
       0
       0
       0
       0
       0
       0
       0
       0
       0
       0
       0
       0
       0
       1
       1
       0
       0
       0
       0
       0
       0
       1
       0
       0
       0
       0
       0
       0
       0
       0
       0
       0
       0
       0
       0
       0
       0
       0
       0
       0
       0
       0
       0
       0
       0
       1
       0
       0
       0
       1
       0
       0
       0
       0
       0
       0
       0
       0
       0
       0
       0
       0
       0
       0
       0
       0
       0
       0
       0
       0
       0
       0
       0
       0
       0
       1
       0
       0
       0
       0
       0
       0
       0
       0
       0
       0
       0
       0
       0
       0
       0
       0
       0
       0
       0
       0
       0
       0
       0
       0
       0
       0
       0
       0
       0
       0
       0
       0
       0
       0
       0
       0
       0
       0
       0
       0
       0
       0
       0
       0
       0
       0
       0
       0
       0
       0
       0
       0
       1
       0
       0
       0
       0
       0
       0
       0
       0
       0
       0
       0
       0
       0
       0
       0
       0
       1
       0
       0
       0
       0
       0
       0
       0
       0
       1
       0
       0
       0
       0
       0
       0
       0
       0
       0
       0
       0
       0
       0
       0
       0
       0
       0
       0
       0
       0
       0
       0
       0
       0
       1
       0
       0
       0
       0
       0
       0
       0
       0
       0
       0
       0
       0
       0
       0
       0
       0
       0
       1
       0
       0
       0
       0
       1
       0
       0
       1
       0
       0
       0
       1
       0
       1
       0
       0
       0
       0
       0
       0
       0
       0
       1
       0
       0
       1
       0
       0
       0
       0
       0
       0
       0
       0
       0
       0
       0
       0
       0
       0
       0
       0
       0
       0
       0
       0
       0
       0
       0
       0
       1
       0
       1
       0
       0
       1
       0
       0
       0
       0
       0
       0
       0
       0
       0
       0
       0
       0
       0
       0
       0
       0
       0
       0
       0
       0
       0
       0
       0
       0
       0
       0
       0
       0
       0
       0
       0
       0
       0
       1
       0
       0
       0
       0
       0
       0
       2
       0
       1
       0
       0
       0
       0
       0
       0
       0
       0
       0
       0
       0
       0
       0
       0
       0
       0
       0
       0
       0
       0
       0
       0
       0
       1
       0
       0
       0
       0
       0
       0
       0
       0
       1
       0
       0
       0
       0
       0
       0
       0
       0
       0
       0
       0
       0
       0
       0
       0
       0
       0
       0
       1
       0
       0
       0
       0
       0
       0
       0
       0
       0
       0
       0
       0
       0
       0
       0
       0
       0
       1
       0
       0
       0
       0
       0
       0
       0
       0
       0
       0
       0
       0
       1
       0
       0
       0
       0
       0
       1
       2
       0
       0
       0
       0
       0
       1
       0
       0
       0
       0
       0
       0
       0
       0
       0
       0
       0
       0
       0
       0
       0
       0
       0
       0
       0
       1
       0
       0
       2
       0
       0
       1
       0
       0
       1
       0
       0
       0
       0
       0
       0
       0
       0
       1
       0
       0
       0
       0
       0
       0
       0
       0
       0
       0
       0
       0
       0
       0
       0
       0
       0
       0
       0
       0
       0
       0
       0
       0
       0
       1
       0
       0
       1
       0
       0
       0
       0
       1
       0
       0
       0
       0
       0
       0
       0
       0
       0
       0
       0
       0
       0
       0
       0
       0
       0
       0
       0
       0
       0
       0
       1
       1
$ROI:
0
$PRESETS:
Live Time
3600
0
$ENER_FIT:
0.137869 0.366631
$MCA_CAL:
3
1.378689E-001 3.666307E-001 -4.415950E-008 keV
$SHAPE_CAL:
3
2.301834E+000 9.195991E-004 -5.357180E-008
