$SPEC_ID:
Molnar Range
$SPEC_REM:
DET# 1
DETDESC# HPGe Detector 1
AP# GammaVision Version 6.07
$DATE_MEA:
10/19/2015 09:56:53
$MEAS_TIM:
3600 3733
$DATA:
0 8191
       0
       0
       0
       0
    2118
    2020
    1129
     822
     788
     759
     756
     845
     908
     879
     966
    1007
    1094
    1234
    1255
    1340
    1334
    1441
    1429
    1399
    1376
    1472
    1345
    1391
    1389
    1158
    1158
    1086
    1044
     892
     698
     684
     708
     740
     912
     930
     642
     528
     475
     512
     522
     554
     648
     757
     806
     611
     508
     518
     534
     534
     551
     499
     631
     627
     681
     597
     597
     603
     629
     902
    2503
    5988
    6438
    3042
     949
     685
     870
    1411
    1794
    1920
    2320
    1974
    1216
     862
     766
     769
     746
     801
     841
     892
     919
     950
     950
     982
    1081
    1215
    1438
    1513
    1330
    1344
    1411
    1497
    1483
    1614
    1676
    1921
    2045
    2203
    2476
    2741
    2993
    3251
    3449
    3676
    4003
    4104
    4431
    4720
    5292
    5594
    6382
    7117
    7473
    8359
    9363
    9844
   10229
   10628
   11667
   12424
   13452
   14627
   16058
   17933
   20168
   23314
   27289
   33117
   39150
   44730
   49532
   53606
   53365
   50311
   47348
   45132
   44274
   45509
   47141
   49631
   50677
   51536
   51472
   50926
   49949
   48722
   47398
   45600
   44311
   43175
   40015
   35276
   28009
   20950
   16025
   15711
   56938
  284755
  623329
  509747
  154346
   17389
     879
     194
     174
     188
     197
     185
     244
     204
     190
     208
     212
     209
     197
     256
     248
     208
     235
     246
     267
     310
     303
     268
     280
     310
     369
     369
     346
     344
     373
     369
     432
     481
     580
     576
     554
     557
     595
     699
     723
     712
     648
     620
     629
     643
     661
     593
     605
     583
     542
     582
     556
     550
     526
     522
     475
     465
     494
     452
     432
     457
     424
     456
     494
     471
     508
     569
     542
     480
     484
     462
     504
     548
     553
     497
     493
     503
     547
     486
     486
     504
     511
     547
     532
     508
     534
     605
     575
     548
     559
     566
     523
     533
     584
     551
     530
     577
     564
     672
     789
     731
     697
     806
    1645
    3648
    4019
    2077
     748
     522
     592
     800
     776
     629
     699
    1967
    4356
    4269
    1894
     445
     208
     181
     170
     179
     193
     218
     273
     219
     196
     168
     197
     174
     193
     197
     210
     189
     218
     225
     179
     200
     214
     219
     213
     236
     288
     288
     350
     373
     335
     240
     226
     221
     196
     213
     215
     258
     282
     263
     232
     251
     284
     289
     276
     238
     235
     203
     201
     174
     225
     245
     460
     722
     567
     320
     216
     355
     971
    2027
    1829
     783
     200
      78
      85
      84
      82
     110
     104
      98
      98
      97
      83
     102
      99
      96
      85
      96
     107
      91
      81
      96
      68
      98
     104
     101
      69
      99
      76
      97
      99
      91
     107
      91
     108
      85
      96
     101
      90
      95
     107
      86
      76
      94
      77
      97
      95
      94
      86
     104
      95
     100
      80
     105
     103
     136
     241
     397
     380
     208
      98
      97
      93
      83
      80
      87
     131
     136
     138
      82
      86
      95
      95
      82
      88
      80
      84
      66
      80
      94
      80
      96
      82
     103
      76
      81
      93
      86
      98
      91
     100
      95
      71
      91
      87
      91
      85
      81
      95
      93
     101
      83
     107
      95
      78
     105
     131
     147
      94
     119
     109
      97
     107
      89
      83
      79
      91
      92
     101
     169
     228
     174
     113
      77
      80
      80
      88
      69
      72
      77
      97
      80
      77
      85
      89
      77
      83
      68
      69
      77
      71
      77
      70
      80
      67
      90
      73
      82
      71
      68
      71
      90
      68
      75
      69
      77
      69
      71
      64
      70
      80
      96
      85
      78
      74
      75
      61
      67
      60
      72
      56
      57
      64
      56
      69
      66
      67
      69
      60
      89
      92
      79
      81
      77
      65
      62
      56
      57
      60
      67
      79
      63
      66
      51
      83
      64
      64
      67
      62
      56
      74
      57
      63
      66
      67
      64
      60
      60
      77
      60
      46
      59
      70
      54
      64
      79
      72
      48
      56
      62
      62
      61
      85
     292
     672
     869
     488
     180
      58
      44
      43
      46
      53
      41
      45
      37
      37
      41
      35
      52
      49
      40
      32
      43
      43
      35
      46
      36
      38
      34
      38
      47
      34
      30
      46
      37
      36
      38
      32
      48
      51
      85
      78
      59
      39
      43
      44
      36
      44
      34
      44
      46
      32
      29
      35
      33
      42
      47
      24
      40
      17
      33
      21
      34
      37
      29
      39
      39
      45
      41
      28
      37
      42
      39
      36
      31
      35
      48
      42
      29
      36
      36
      26
      36
      34
      41
      24
      37
      31
      35
      40
      25
      26
      31
      36
      34
      25
      48
      27
      32
      41
      26
      27
      26
      37
      32
      34
      25
      31
      30
      33
      37
      32
      28
      25
      21
      24
      34
      33
      29
      31
      34
      32
      33
      28
      31
      23
      27
      30
      32
      20
      18
      21
      21
      29
      24
      30
      33
      42
      34
      26
      34
      31
      27
      35
      30
      40
      23
      32
      30
      25
      25
      29
      22
      27
      27
      24
      25
      33
      41
      31
      42
      29
      29
      35
      38
      36
      55
      50
      32
      20
      29
      26
      26
      28
      28
      27
      37
      32
      30
      44
      20
      33
      39
      19
      25
      29
      24
      29
      33
      29
      29
      33
      24
      18
      23
      24
      28
      24
      31
      22
      31
      31
      33
      32
      30
      30
      39
      20
      19
      24
      26
      27
      27
      27
      29
      30
      36
      31
      25
      25
      32
      24
      25
      26
      32
      22
      26
      36
      37
      25
      28
      27
      33
      32
      35
      46
      24
      32
      24
      33
      26
      32
      34
      45
      38
      27
      31
      26
      20
      28
      24
      30
      33
      35
      45
      46
      36
      29
      24
      20
      26
      22
      31
      34
      30
      15
      30
      26
      27
      18
      22
      26
      23
      21
      23
      25
      19
      21
      29
      21
      27
      11
      22
      27
      35
      64
     112
     154
     118
      68
      35
      24
      28
      26
      23
      21
      17
      22
      21
      15
      22
      15
      24
      30
      24
      22
      29
      26
      24
      23
      19
      24
      25
      38
      63
     117
     167
     130
      54
      23
      17
      24
      26
      14
      28
      17
      32
      17
      30
      22
      27
      21
      16
      26
      17
      21
      22
      22
      27
      20
      31
      73
     124
     146
     123
      70
      35
      20
      36
     123
     276
     458
     396
     171
      53
      29
      16
      22
      20
      15
      18
      13
      13
      17
      23
      33
      22
      15
      15
      13
      13
      23
      18
      15
      10
      11
      16
      16
      13
      17
      13
      12
      14
       9
      15
      11
      13
      16
      15
       9
      12
      11
      15
      15
      19
      16
      25
      21
      10
      17
      12
       8
       9
      11
      12
      12
      12
      18
      14
      14
      11
      12
      17
       7
       8
       8
      18
      10
      15
       8
      13
      16
      12
      13
      22
      14
      16
       3
      12
      17
      11
       7
      20
      12
      14
      14
      16
      12
      14
      37
      90
     175
     184
     157
      61
      20
      23
      40
      54
      27
      23
      16
      10
      10
       7
       7
      17
      15
       8
      11
      13
      22
      69
     109
     125
      72
      39
      15
      10
      10
      12
      15
      12
       8
      14
      10
       8
       6
       6
      11
      12
      13
      23
      27
      30
      13
      12
       5
       5
      10
      10
       8
      10
      13
       8
       6
       6
      11
       8
       7
      11
      20
      11
      13
       9
      10
       3
       7
       9
      12
       9
      15
      15
       6
      14
       8
      12
      10
      16
      11
       7
      10
      10
      11
       6
      11
      14
      13
      10
      16
       7
      11
      14
       8
      10
      10
       6
       5
       6
       9
      13
       9
      12
      11
      10
      10
      12
      10
      10
      10
       5
      11
      13
      10
       7
      10
       5
       8
       7
      16
       5
       5
      10
       8
       8
      10
       7
       7
       7
      12
      15
      16
      21
      11
      16
      11
       9
      10
      16
      31
      31
      23
      18
      11
      11
       6
       9
      10
      15
       7
       9
       8
      12
      14
       2
       6
      15
      13
      17
      31
      20
      20
      19
       9
       8
       8
      13
       7
      13
      13
       8
      11
      14
       6
      11
       4
       7
      10
       9
      12
      11
       6
       7
      12
      10
      10
      10
       7
       8
       9
       4
       8
      11
       8
       7
       7
      13
      21
      13
       8
       7
      10
      11
      14
      15
      12
       7
       8
       8
      13
       6
      12
      16
      11
       3
       8
       9
      12
       6
      10
       9
       8
       4
      10
       5
       4
      12
       4
       8
       7
      17
      11
       7
       6
       5
      17
      18
      11
      10
       3
       8
       8
       9
       9
       7
      16
       5
       8
       6
      13
       8
      12
       6
      12
       5
       8
      14
      10
       7
      13
       8
      15
       6
       9
      14
       8
       6
      13
       9
      12
       9
       8
      10
       9
      16
       9
       7
       9
      14
      12
      10
       8
       8
       8
      15
      19
       9
       9
      14
      16
      13
      11
      18
      16
      17
      17
      18
      15
      22
      14
      14
      13
      13
      16
      21
      16
      13
      18
      12
      14
      14
      10
      13
      10
      10
      14
       9
       8
       6
       7
       7
      14
      14
       6
       5
      12
       7
       9
      10
       4
       8
      10
       8
      10
       6
       9
       7
       7
       6
       3
      11
       7
       7
       8
       5
       7
       5
       3
      12
       8
       4
       6
      10
      10
       7
       7
       4
       9
       6
       4
       9
      10
       5
       6
       6
       5
      11
       9
       8
       9
       8
       5
       5
       7
       3
       3
       6
       5
       3
       7
       4
       5
       1
       9
       1
       6
      12
      12
       9
      17
      23
      26
      16
      10
       8
       7
       9
       9
       6
       8
      10
      11
       6
       6
       8
       4
       3
       3
       5
       5
       7
       8
       5
       5
       7
       4
       1
       5
       2
       7
       9
       8
       6
       4
       6
       7
       2
       9
       6
       3
       5
       7
       4
       8
       3
       7
       6
       6
       3
       6
       3
       6
       9
       4
       8
       1
       5
       5
       3
       5
       2
       3
       1
       8
       4
       7
       3
       5
       5
       8
       4
       8
       4
       3
       3
       7
       0
       5
       8
       4
       5
       7
       3
       6
       2
       4
       1
       1
       5
       9
       5
       6
       6
       6
       4
       7
       3
       4
       6
       3
       7
       5
       1
       4
       3
       4
       4
       3
       3
       1
       3
       3
       2
       5
       5
       4
       2
       4
       3
       5
       3
       4
       6
       3
       6
       6
       0
       2
       4
       2
       6
       6
       2
       5
       2
       5
       4
       6
       6
       5
       7
       6
       0
       5
       7
       4
       9
       3
       4
       2
       5
       7
       7
       2
       3
       1
       4
       2
       1
       5
       6
       3
       5
       4
       6
       4
       4
       0
       4
       4
       1
       5
       5
       2
       4
       2
       2
       6
       8
       7
       7
       2
       2
       1
       4
       5
       7
       6
       2
       2
       4
       2
       4
       6
       2
       7
       3
       7
       6
       2
       4
       3
       7
       4
       4
       1
       7
       3
       4
       5
       5
       2
       8
       6
       4
       6
       5
       6
       3
       1
       4
       2
       4
       4
       4
       3
       4
       3
       0
       4
       5
       3
       4
       3
       5
       7
       9
      11
       8
       5
       5
       6
       6
       2
       4
       3
       8
       4
       2
      10
       3
       8
       4
       7
       0
       5
       3
       5
       4
       7
       2
       4
       4
       5
       2
       2
       6
       4
       9
      10
      13
       6
       5
       2
       1
       1
       3
       4
       8
       2
       4
       6
       2
       1
       5
       1
       1
       1
       3
       7
       2
       4
       9
      15
      35
      38
      23
      14
      10
       5
       5
       2
       2
       9
       5
       2
       2
       2
       2
       3
       3
       0
       1
       2
       3
       1
       3
       1
       4
       1
       1
       3
       1
       1
       3
       1
       1
       1
       2
       3
       2
       5
       5
       3
       0
       4
       2
       2
       2
       2
       7
       0
       5
       3
       1
       5
       2
       3
       1
       2
       3
       0
       3
       5
       5
       6
       6
       9
       5
       4
       2
       3
       5
       3
       2
       2
       4
       2
       1
       1
       5
       2
       0
       6
       2
       2
       2
       2
       2
       1
       1
       4
       1
       3
       4
       7
      14
      29
      27
      13
      14
       4
       1
       4
       3
       1
       2
       4
       4
       2
       2
       1
       5
       0
       4
       5
       3
       1
       1
       6
      28
      75
     122
     197
     183
     118
      48
      19
       8
       1
       3
       0
       2
       2
       1
       3
       1
       3
       2
       1
       2
       0
       1
       4
       3
       0
       1
       3
       0
       2
       0
       3
       4
       1
       0
       3
       2
       2
       0
       0
       3
       2
       3
       0
       2
       1
       1
       3
       2
       2
       3
       4
       2
       1
       5
       3
       7
       3
       0
       1
       2
       0
       2
       1
       0
       2
       2
       1
       1
       2
       1
       1
       5
       3
      18
      16
      17
      13
       5
       3
       4
       3
       1
       0
       3
       1
       2
       3
       4
       7
       6
       3
       2
       3
       4
      12
       5
       3
       3
       1
       1
       1
       0
       0
       2
       3
       3
       1
       0
       5
       0
       3
       2
       1
       0
       1
       2
       3
       0
       1
       1
       1
       2
       0
       0
       2
       1
       2
       3
       1
       4
       2
       4
       7
       2
       1
       1
       3
       3
       2
       2
       0
       0
       1
       1
       0
       3
       2
       2
       1
       2
       4
       1
       1
       1
       0
       2
       1
       1
       2
       1
       3
      11
      25
      59
      88
     114
      93
      46
      28
       9
       2
       1
       2
       1
       2
       1
       0
       2
       3
       1
       0
       1
       1
       1
       4
       1
       1
       2
       0
       2
       1
       0
       0
       1
       0
       0
       2
       1
       1
       2
       2
       2
       0
       3
       4
       6
       2
       2
       3
       3
       1
       2
       0
       0
       1
       0
       2
       2
       1
       3
       1
       2
       1
       2
       1
       2
       1
       0
       2
       0
       0
       1
       0
       2
       0
       3
       0
       2
       1
       2
       1
       1
       0
       1
       1
       2
       0
       0
       0
       1
       2
       0
       1
       1
       1
       3
       5
       5
       8
       3
       3
       1
       2
       0
       0
       0
       0
       1
       2
       1
       0
       1
       1
       3
       1
       3
       1
       1
       2
       2
       0
       1
       2
       1
       0
       3
       9
       2
       2
       2
       4
       1
       1
       1
       1
       0
       2
       3
       4
       2
       2
       0
       0
       3
       3
       1
       1
       2
       0
       0
       4
       0
       0
       1
       1
       0
       2
       2
       1
       2
       0
       0
       2
       3
       0
       0
       1
       1
       0
       2
       3
       1
       1
       3
       1
       0
       3
       2
       1
       2
       3
       0
       4
       1
       0
       0
       0
       3
       3
       3
       0
       2
       4
       1
       1
       2
       1
       0
       0
       0
       0
       3
       2
       1
       0
       1
       0
       1
       1
       0
       1
       2
       1
       2
       3
       1
       0
       1
       1
       3
       1
       1
       3
       0
       1
       2
       0
       1
       3
       1
       1
       1
       0
       3
       2
       0
       0
       2
       0
       0
       1
       1
       2
       2
       0
       0
       1
       0
       4
       0
       0
       0
       3
       1
       0
       0
       0
       1
       2
       1
       1
       1
       0
       0
       0
       2
       1
       0
       2
       2
       1
       2
       0
       2
       1
       3
       1
       1
       0
       1
       0
       1
       1
       1
       0
       2
       3
       0
       3
       1
       0
       1
       0
       1
       2
       1
       2
       0
       0
       2
       2
       3
       0
       0
       1
       2
       1
       2
       2
       1
       1
       0
       1
       2
       2
       1
       2
       1
       1
       0
       1
       2
       3
       0
       2
       2
       2
       1
       0
       0
       0
       0
       0
       0
       0
       1
       2
       0
       0
       1
       2
       1
       0
       3
       5
       0
       1
       3
       2
       2
       0
       3
       2
       0
       2
       2
       0
       0
       0
       0
       0
       0
       2
       3
       1
       3
       1
       0
       2
       0
       2
       0
       1
       2
       1
       1
       0
       3
       1
       1
       0
       0
       0
       1
       1
       1
       0
       1
       0
       2
       0
       0
       1
       2
       0
       2
       0
       0
       1
       1
       0
       0
       0
       0
       1
       0
       4
       1
       1
       1
       3
       0
       0
       0
       4
       1
       1
       1
       0
       0
       1
       2
       1
       1
       0
       1
       1
       1
       0
       0
       1
       0
       0
       1
       1
       1
       0
       3
       0
       0
       2
       0
       0
       0
       2
       0
       0
       0
       0
       0
       1
       0
       0
       0
       2
       0
       0
       2
       3
       0
       0
       0
       0
       0
       0
       0
       2
       0
       2
       1
       0
       1
       3
       0
       0
       1
       3
       1
       0
       0
       0
       0
       0
       1
       2
       1
       1
       1
       1
       2
       2
       0
       2
       1
       2
       1
       1
       0
       1
       0
       2
       0
       1
       1
       0
       0
       1
       0
       1
       0
       0
       0
       2
       0
       3
       1
       2
       0
       2
       0
       1
       1
       2
       0
       1
       1
       1
       1
       2
       1
       1
       2
       0
       2
       1
       1
       0
       0
       0
       0
       0
       0
       0
       0
       0
       1
       1
       1
       1
       3
       1
       1
       1
       0
       1
       0
       1
       0
       2
       2
       1
       1
       2
       0
       1
       1
       1
       0
       0
       0
       1
       1
       0
       1
       0
       1
       2
       0
       1
       2
       3
       3
       1
       1
       2
       2
       4
       1
       1
       3
       0
       1
       0
       0
       1
       1
       2
       4
       1
       2
       0
       1
       2
       0
       0
       1
       1
       1
       0
       1
       1
       0
       0
       2
       0
       0
       2
       1
       0
       0
       0
       1
       0
       0
       0
       1
       1
       4
       0
       0
       0
       2
       1
       0
       1
       2
       0
       1
       0
       3
       0
       1
       1
       1
       2
       0
       0
       0
       0
       0
       0
       0
       2
       1
       0
       0
       1
       1
       1
       1
       0
       0
       1
       0
       2
       2
       0
       0
       0
       2
       0
       1
       1
       1
       0
       0
       2
       0
       0
       0
       1
       1
       0
       0
       1
       1
       1
       0
       0
       2
       0
       1
       1
       1
       0
       0
       0
       0
       0
       0
       1
       1
       2
       1
       2
       0
       0
       1
       0
       1
       1
       1
       1
       1
       1
       2
       1
       0
       0
       1
       1
       0
       0
       0
       1
       1
       0
       1
       0
       2
       1
       2
       0
       1
       0
       1
       0
       0
       0
       1
       0
       0
       0
       0
       1
       2
       0
       2
       1
       0
       0
       0
       1
       0
       0
       1
       1
       1
       1
       1
       0
       0
       0
       1
       2
       0
       1
       1
       2
       4
       0
       1
       1
       2
       3
       2
       1
       0
       1
       0
       2
       0
       0
       0
       1
       0
       0
       0
       0
       0
       1
       0
       1
       1
       1
       0
       1
       1
       2
       1
       0
       0
       1
       2
       1
       1
       1
       2
       0
       0
       1
       0
       1
       2
       0
       0
       0
       1
       0
       0
       1
       1
       0
       1
       1
       0
       0
       0
       1
       1
       0
       0
       0
       0
       0
       1
       0
       2
       1
       0
       0
       1
       1
       0
       2
       1
       0
       0
       2
       1
       2
       2
       0
       1
       0
       0
       0
       0
       2
       0
       2
       1
       1
       0
       3
       2
       0
       0
       0
       1
       0
       1
       2
       0
       1
       0
       0
       1
       0
       0
       0
       1
       1
       0
       1
       1
       1
       1
       1
       0
       1
       1
       1
       1
       2
       0
       0
       1
       1
       0
       1
       0
       0
       2
       2
       0
       1
       0
       0
       1
       0
       1
       0
       0
       0
       1
       0
       1
       0
       2
       0
       0
       0
       0
       0
       1
       0
       0
       2
       1
       0
       0
       0
       0
       0
       0
       0
       0
       0
       1
       1
       2
       1
       0
       1
       0
       1
       0
       0
       0
       0
       0
       1
       0
       0
       2
       0
       0
       0
       0
       2
       0
       0
       1
       0
       1
       1
       2
       0
       2
       0
       1
       0
       0
       0
       0
       1
       1
       0
       0
       1
       0
       0
       0
       0
       1
       0
       0
       1
       0
       1
       2
       2
       0
       1
       1
       0
       0
       0
       1
       1
       0
       0
       0
       0
       1
       0
       0
       1
       0
       0
       1
       0
       0
       1
       2
       1
       0
       1
       1
       0
       0
       1
       0
       1
       0
       0
       0
       0
       0
       0
       1
       1
       2
       1
       1
       0
       0
       0
       0
       1
       0
       0
       0
       0
       0
       0
       2
       0
       0
       0
       1
       0
       1
       3
       0
       1
       0
       3
       0
       0
       2
       0
       2
       2
       1
       3
       3
       1
       1
       0
       0
       0
       0
       2
       1
       2
       0
       0
       1
       2
       0
       0
       0
       0
       2
       1
       1
       0
       0
       0
       3
       2
       1
       2
       0
       1
       3
       0
       0
       0
       2
       1
       0
       0
       3
       0
       1
       0
       1
       1
       1
       1
       1
       2
       2
       0
       0
       3
       2
       1
       1
       0
       2
       0
       1
       1
       0
       1
       1
       0
       0
       1
       3
       2
       1
       0
       1
       0
       1
       0
       1
       0
       0
       0
       1
       0
       3
       2
       0
       1
       0
       2
       0
       0
       1
       0
       1
       0
       1
       0
       0
       1
       1
       0
       0
       3
       0
       0
       0
       0
       0
       1
       0
       0
       1
       1
       1
       0
       1
       0
       1
       0
       0
       0
       0
       1
       0
       2
       0
       1
       0
       0
       2
       0
       0
       1
       0
       0
       0
       0
       0
       0
       0
       2
       0
       1
       0
       1
       1
       0
       1
       0
       2
       1
       0
       0
       1
       1
       0
       1
       0
       0
       0
       0
       0
       2
       0
       0
       0
       1
       0
       1
       1
       1
       1
       0
       0
       1
       0
       0
       0
       1
       0
       0
       0
       0
       0
       0
       1
       0
       1
       0
       0
       1
       0
       1
       0
       0
       3
       0
       0
       2
       1
       0
       2
       0
       0
       0
       0
       2
       0
       0
       0
       1
       2
       1
       0
       1
       0
       1
       0
       2
       0
       0
       0
       1
       2
       0
       0
       0
       0
       0
       0
       1
       0
       0
       0
       0
       0
       1
       0
       0
       1
       0
       1
       0
       0
       0
       0
       0
       0
       1
       0
       2
       0
       2
       1
       1
       0
       0
       0
       0
       2
       0
       0
       0
       0
       1
       1
       2
       1
       0
       0
       0
       2
       1
       0
       1
       2
       0
       0
       0
       0
       0
       1
       0
       0
       1
       0
       1
       0
       0
       0
       0
       0
       0
       3
       0
       0
       1
       0
       0
       1
       0
       0
       1
       0
       1
       0
       0
       0
       0
       1
       1
       0
       1
       1
       0
       0
       0
       1
       0
       1
       1
       0
       0
       1
       0
       1
       0
       1
       2
       0
       0
       2
       0
       1
       0
       0
       2
       0
       0
       1
       0
       0
       0
       1
       1
       1
       1
       0
       2
       2
       0
       0
       3
       1
       1
       1
       0
       0
       1
       0
       0
       0
       0
       1
       1
       0
       1
       1
       0
       0
       1
       0
       0
       0
       0
       0
       0
       0
       1
       0
       0
       0
       0
       0
       1
       0
       0
       1
       0
       0
       0
       0
       0
       1
       1
       0
       0
       4
       0
       1
       0
       1
       1
       2
       0
       0
       0
       1
       0
       1
       0
       0
       0
       2
       1
       0
       0
       0
       0
       0
       2
       0
       1
       0
       0
       0
       0
       0
       1
       0
       0
       0
       0
       0
       0
       2
       0
       0
       0
       1
       0
       0
       1
       0
       0
       0
       1
       0
       1
       0
       0
       0
       0
       0
       0
       0
       0
       0
       0
       0
       0
       0
       1
       0
       2
       0
       1
       1
       0
       1
       1
       0
       1
       0
       0
       3
       0
       1
       0
       0
       1
       1
       2
       0
       0
       0
       2
       1
       1
       0
       0
       0
       1
       0
       0
       0
       0
       0
       0
       1
       0
       0
       0
       1
       0
       0
       0
       0
       1
       0
       0
       0
       1
       2
       0
       0
       0
       0
       1
       2
       1
       3
       1
       1
       0
       0
       0
       0
       0
       0
       0
       0
       1
       1
       0
       0
       0
       1
       0
       0
       1
       0
       0
       0
       2
       2
       1
       2
       0
       1
       0
       0
       0
       1
       1
       0
       0
       1
       0
       1
       0
       0
       2
       2
       0
       1
       0
       0
       0
       1
       2
       0
       0
       0
       1
       1
       1
       0
       0
       0
       0
       0
       0
       1
       0
       1
       0
       0
       1
       1
       0
       0
       0
       2
       1
       1
       0
       0
       1
       0
       1
       0
       2
       1
       2
       1
       1
       1
       1
       0
       1
       1
       0
       0
       0
       0
       1
       0
       2
       1
       0
       0
       0
       0
       2
       0
       0
       2
       2
       1
       0
       0
       1
       0
       0
       1
       0
       1
       0
       0
       0
       0
       1
       1
       1
       0
       0
       2
       0
       0
       2
       1
       1
       1
       0
       0
       0
       0
       1
       0
       1
       1
       0
       0
       0
       0
       0
       0
       0
       0
       0
       0
       0
       0
       0
       0
       0
       1
       0
       0
       0
       0
       0
       1
       0
       1
       0
       0
       0
       0
       0
       0
       0
       0
       1
       2
       0
       0
       2
       0
       0
       0
       0
       0
       2
       1
       1
       1
       0
       0
       0
       0
       0
       0
       0
       0
       1
       0
       0
       0
       1
       0
       0
       0
       0
       0
       1
       0
       0
       3
       2
       0
       0
       0
       1
       1
       0
       0
       0
       2
       0
       0
       1
       0
       1
       1
       2
       0
       1
       0
       1
       1
       0
       1
       0
       0
       0
       0
       0
       2
       0
       1
       1
       1
       0
       1
       0
       0
       0
       0
       0
       0
       2
       2
       0
       0
       1
       0
       0
       0
       1
       0
       0
       1
       1
       0
       0
       0
       0
       1
       0
       0
       1
       2
       2
       2
       0
       0
       0
       1
       0
       1
       2
       1
       0
       0
       1
       1
       0
       0
       0
       0
       3
       0
       1
       0
       1
       0
       0
       1
       0
       0
       1
       1
       0
       2
       1
       0
       1
       0
       1
       1
       0
       0
       1
       0
       1
       1
       0
       0
       0
       0
       0
       0
       1
       0
       1
       0
       1
       1
       0
       0
       1
       1
       1
       2
       1
       1
       1
       0
       1
       0
       0
       1
       2
       0
       0
       0
       0
       0
       0
       0
       0
       1
       0
       1
       0
       0
       0
       0
       1
       0
       0
       0
       0
       0
       0
       0
       0
       0
       1
       1
       0
       0
       0
       0
       1
       1
       0
       0
       1
       1
       0
       1
       1
       0
       0
       0
       0
       1
       0
       0
       0
       0
       0
       0
       1
       0
       0
       0
       0
       1
       0
       1
       0
       0
       0
       0
       0
       0
       0
       0
       1
       2
       2
       0
       0
       0
       1
       0
       0
       0
       0
       0
       0
       0
       0
       0
       0
       0
       0
       0
       1
       1
       1
       0
       1
       2
       0
       0
       0
       0
       0
       0
       0
       2
       2
       1
       0
       0
       1
       0
       1
       0
       2
       0
       1
       0
       0
       0
       1
       2
       0
       0
       0
       0
       1
       1
       2
       0
       0
       0
       0
       0
       0
       1
       0
       1
       0
       2
       0
       0
       0
       0
       1
       1
       0
       0
       0
       0
       0
       0
       1
       1
       0
       0
       0
       0
       0
       1
       0
       0
       0
       0
       0
       1
       0
       1
       1
       1
       0
       0
       1
       0
       0
       1
       2
       1
       1
       0
       3
       1
       1
       0
       1
       0
       1
       0
       0
       0
       0
       1
       1
       0
       0
       0
       0
       0
       0
       0
       1
       1
       3
       2
       0
       0
       0
       1
       0
       0
       0
       0
       0
       0
       0
       1
       2
       0
       0
       0
       1
       0
       0
       0
       1
       1
       0
       0
       0
       1
       0
       1
       1
       0
       0
       1
       0
       0
       1
       0
       0
       2
       0
       0
       0
       0
       0
       0
       0
       0
       1
       0
       2
       0
       0
       0
       0
       0
       0
       0
       0
       0
       0
       0
       0
       0
       0
       0
       0
       0
       1
       0
       0
       0
       0
       1
       0
       0
       0
       0
       1
       2
       0
       1
       0
       0
       1
       1
       1
       0
       0
       0
       0
       0
       1
       0
       1
       2
       0
       1
       0
       0
       0
       1
       1
       0
       0
       0
       0
       0
       2
       0
       1
       0
       1
       0
       0
       0
       0
       0
       1
       0
       1
       0
       0
       0
       0
       1
       1
       0
       1
       0
       1
       0
       0
       0
       0
       0
       0
       1
       0
       1
       0
       0
       1
       1
       0
       1
       0
       0
       0
       0
       0
       0
       0
       0
       1
       1
       0
       0
       0
       1
       1
       0
       0
       1
       1
       0
       0
       1
       1
       1
       1
       3
       0
       0
       0
       0
       0
       2
       0
       0
       0
       0
       0
       0
       0
       0
       0
       0
       0
       0
       1
       0
       0
       0
       0
       1
       0
       1
       0
       0
       0
       0
       0
       0
       0
       0
       1
       0
       1
       0
       0
       1
       1
       0
       1
       1
       1
       0
       1
       0
       0
       0
       1
       0
       1
       1
       0
       1
       0
       2
       0
       0
       1
       0
       0
       0
       1
       1
       1
       0
       0
       0
       1
       0
       0
       0
       1
       1
       1
       0
       1
       0
       1
       0
       0
       0
       1
       0
       0
       0
       1
       0
       1
       0
       0
       0
       0
       0
       0
       0
       0
       1
       0
       1
       0
       1
       0
       0
       0
       1
       0
       0
       0
       0
       1
       0
       0
       1
       0
       0
       0
       0
       0
       0
       0
       0
       0
       2
       0
       0
       0
       0
       0
       0
       0
       1
       0
       0
       0
       1
       0
       0
       0
       0
       1
       0
       0
       0
       0
       1
       0
       1
       1
       0
       0
       1
       0
       0
       0
       0
       0
       1
       0
       0
       0
       0
       0
       0
       0
       0
       0
       0
       0
       1
       0
       0
       0
       1
       0
       0
       0
       1
       0
       0
       0
       2
       0
       0
       0
       1
       0
       0
       0
       0
       0
       0
       0
       1
       1
       2
       0
       0
       0
       0
       0
       1
       0
       0
       0
       0
       0
       1
       2
       0
       0
       0
       0
       1
       0
       0
       0
       0
       0
       0
       0
       0
       0
       0
       0
       0
       0
       0
       0
       0
       0
       0
       0
       0
       1
       0
       0
       0
       0
       0
       0
       1
       0
       0
       0
       0
       0
       0
       0
       0
       0
       0
       0
       0
       0
       0
       0
       0
       0
       0
       0
       0
       0
       0
       0
       0
       0
       1
       2
       0
       0
       0
       0
       0
       0
       0
       0
       0
       1
       2
       0
       1
       0
       0
       0
       0
       0
       0
       1
       0
       0
       0
       0
       0
       0
       0
       0
       0
       0
       0
       0
       0
       0
       1
       2
       1
       0
       0
       0
       0
       0
       0
       0
       1
       0
       0
       0
       0
       0
       0
       2
       0
       1
       0
       0
       0
       0
       0
       0
       0
       0
       0
       2
       0
       0
       0
       0
       0
       3
       0
       0
       1
       0
       0
       2
       0
       1
       0
       0
       1
       1
       0
       1
       0
       1
       0
       0
       0
       0
       0
       1
       1
       1
       0
       0
       0
       0
       0
       1
       0
       0
       0
       0
       1
       0
       0
       0
       0
       0
       1
       2
       0
       0
       1
       0
       0
       0
       0
       0
       0
       0
       0
       0
       1
       0
       1
       0
       1
       1
       0
       0
       0
       0
       1
       1
       1
       0
       0
       1
       0
       0
       0
       0
       0
       0
       1
       0
       1
       0
       1
       0
       0
       0
       0
       0
       0
       0
       0
       0
       0
       0
       0
       0
       0
       1
       0
       0
       1
       0
       0
       0
       0
       0
       0
       0
       0
       0
       0
       0
       1
       0
       0
       0
       0
       0
       1
       0
       0
       0
       0
       0
       1
       0
       0
       0
       0
       0
       0
       1
       0
       0
       0
       1
       0
       0
       2
       0
       0
       0
       1
       0
       1
       0
       0
       0
       0
       0
       0
       0
       1
       2
       0
       0
       0
       0
       0
       1
       0
       0
       0
       0
       0
       0
       0
       0
       0
       0
       1
       0
       0
       0
       0
       0
       0
       0
       0
       1
       0
       0
       0
       0
       0
       0
       1
       0
       0
       1
       0
       0
       0
       0
       0
       0
       0
       1
       0
       0
       0
       0
       0
       0
       0
       1
       1
       0
       0
       0
       2
       1
       1
       2
       1
       4
       1
       2
       0
       0
       0
       0
       0
       2
       0
       1
       1
       0
       0
       0
       0
       0
       0
       1
       2
       0
       1
       0
       0
       2
       0
       0
       0
       0
       0
       0
       0
       1
       0
       1
       0
       0
       0
       1
       2
       0
       0
       0
       1
       0
       1
       1
       1
       0
       0
       0
       1
       1
       0
       0
       0
       0
       0
       0
       1
       1
       0
       0
       0
       0
       0
       0
       0
       0
       0
       0
       1
       1
       0
       1
       0
       0
       0
       0
       1
       3
       0
       1
       0
       1
       0
       0
       1
       0
       0
       0
       0
       0
       0
       0
       2
       0
       1
       1
       0
       0
       0
       0
       0
       1
       2
       1
       0
       2
       0
       2
       1
       0
       0
       3
       2
       3
       4
       3
       7
       4
       4
       3
       0
       1
       0
       1
       1
       2
       1
       0
       0
       0
       0
       0
       0
       0
       0
       0
       0
       1
       1
       0
       0
       0
       0
       0
       0
       1
       0
       0
       0
       0
       0
       0
       0
       0
       0
       0
       0
       0
       0
       0
       0
       0
       0
       0
       1
       0
       0
       2
       1
       0
       0
       0
       1
       0
       0
       1
       1
       1
       0
       0
       0
       0
       0
       0
       0
       0
       0
       0
       0
       0
       0
       0
       0
       0
       0
       0
       0
       0
       0
       0
       1
       1
       0
       1
       0
       0
       0
       0
       0
       0
       0
       1
       0
       0
       1
       0
       0
       0
       0
       0
       0
       0
       1
       0
       0
       0
       2
       1
       0
       0
       0
       0
       0
       0
       1
       0
       0
       0
       1
       0
       0
       0
       0
       1
       0
       0
       0
       0
       0
       0
       0
       0
       0
       0
       0
       0
       0
       0
       0
       0
       1
       0
       1
       0
       0
       1
       0
       1
       0
       0
       0
       1
       0
       0
       0
       0
       0
       0
       0
       0
       0
       0
       0
       0
       0
       0
       1
       0
       0
       0
       0
       0
       2
       0
       1
       0
       0
       1
       1
       0
       1
       1
       0
       0
       0
       0
       0
       0
       0
       0
       0
       0
       0
       0
       0
       0
       0
       0
       0
       0
       1
       0
       0
       0
       0
       1
       0
       2
       1
       0
       0
       0
       0
       1
       0
       0
       1
       1
       0
       0
       0
       0
       1
       1
       0
       1
       0
       0
       0
       0
       0
       0
       0
       0
       0
       1
       1
       0
       0
       0
       0
       0
       0
       0
       1
       1
       0
       0
       0
       1
       0
       0
       0
       0
       0
       0
       0
       1
       0
       0
       0
       0
       0
       0
       0
       0
       0
       0
       0
       0
       0
       0
       0
       2
       0
       0
       0
       0
       0
       0
       0
       0
       0
       1
       0
       0
       0
       0
       0
       0
       0
       0
       0
       0
       0
       0
       0
       0
       0
       0
       0
       1
       0
       0
       0
       1
       0
       0
       0
       0
       1
       0
       0
       0
       0
       0
       0
       0
       1
       1
       0
       0
       0
       0
       1
       0
       0
       0
       0
       0
       0
       0
       0
       0
       0
       0
       0
       0
       0
       1
       1
       0
       1
       0
       0
       1
       0
       1
       0
       0
       0
       0
       0
       0
       0
       0
       0
       0
       0
       0
       0
       0
       0
       0
       0
       1
       0
       1
       1
       0
       0
       0
       0
       0
       0
       0
       0
       0
       0
       0
       0
       0
       0
       0
       0
       0
       1
       0
       0
       0
       0
       0
       0
       0
       0
       0
       1
       0
       0
       0
       0
       0
       0
       0
       0
       0
       1
       0
       0
       1
       0
       0
       1
       0
       0
       0
       0
       0
       0
       0
       0
       0
       1
       0
       0
       0
       0
       0
       2
       0
       0
       0
       0
       0
       0
       0
       0
       0
       0
       0
       0
       0
       0
       1
       0
       0
       0
       0
       0
       0
       0
       0
       0
       0
       0
       0
       0
       0
       0
       0
       0
       1
       0
       0
       0
       0
       0
       0
       1
       0
       0
       0
       0
       0
       0
       1
       0
       0
       1
       0
       1
       0
       0
       1
       0
       0
       0
       1
       1
       0
       0
       0
       0
       0
       0
       0
       0
       0
       0
       0
       0
       0
       0
       0
       0
       0
       0
       0
       0
       0
       0
       0
       1
       0
       0
       0
       0
       1
       0
       1
       0
       0
       0
       0
       0
       0
       0
       0
       1
       0
       1
       0
       0
       2
       0
       0
       0
       0
       0
       0
       0
       0
       0
       0
       0
       0
       0
       0
       0
       0
       0
       0
       0
       0
       1
       0
       0
       0
       1
       1
       0
       0
       0
       2
       0
       0
       0
       0
       0
       0
       0
       0
       1
       0
       0
       0
       0
       0
       0
       0
       0
       0
       0
       0
       0
       0
       0
       0
       0
       0
       1
       0
       0
       0
       0
       2
       0
       0
       0
       0
       0
       0
       0
       0
       0
       0
       0
       0
       0
       0
       0
       1
       0
       1
       0
       0
       0
       0
       0
       0
       0
       0
       1
       0
       0
       0
       0
       0
       0
       0
       1
       1
       0
       0
       0
       0
       0
       0
       0
       0
       0
       0
       1
       1
       0
       0
       0
       1
       0
       0
       0
       0
       0
       0
       0
       0
       0
       0
       0
       1
       0
       0
       0
       0
       0
       0
       0
       0
       0
       1
       1
       0
       0
       0
       0
       0
       1
       0
       1
       1
       0
       0
       0
       0
       1
       0
       0
       0
       0
       0
       0
       0
       0
       0
       0
       0
       1
       0
       1
       0
       0
       0
       0
       1
       0
       0
       0
       0
       0
       0
       0
       0
       0
       0
       0
       0
       0
       0
       0
       0
       0
       0
       0
       0
       0
       0
       0
       0
       1
       0
       0
       0
       0
       1
       0
       0
       0
       0
       0
       0
       0
       0
       0
       0
       0
       0
       1
       0
       0
       0
       0
       0
       0
       0
       0
       0
       0
       0
       0
       1
       0
       0
       1
       0
       0
       0
       1
       0
       0
       0
       0
       0
       0
       0
       1
       1
       0
       0
       1
       0
       0
       0
       0
       0
       0
       0
       0
       1
       0
       0
       1
       0
       0
       0
       0
       0
       0
       3
       0
       0
       0
       0
       0
       0
       1
       0
       0
       0
       0
       1
       0
       0
       0
       0
       0
       0
       0
       1
       0
       1
       0
       0
       0
       0
       1
       0
       0
       0
       0
       0
       0
       1
       0
       0
       1
       0
       0
       0
       1
       0
       0
       0
       0
       0
       0
       0
       1
       0
       0
       0
       0
       0
       0
       0
       1
       0
       0
       1
       0
       0
       1
       0
       0
       0
       0
       0
       1
       0
       0
       0
       0
       0
       0
       0
       0
       0
       0
       1
       0
       1
       1
       0
       0
       1
       0
       0
       0
       1
       1
       0
       0
       0
       0
       0
       1
       0
       0
       0
       0
       0
       0
       0
       0
       1
       0
       0
       0
       0
       0
       0
       1
       0
       0
       0
       0
       0
       0
       0
       0
       0
       0
       0
       0
       0
       0
       0
       1
       0
       0
       0
       0
       0
       0
       0
       0
       0
       0
       0
       0
       0
       0
       0
       0
       0
       0
       0
       0
       0
       0
       0
       0
       0
       0
       0
       0
       0
       0
       1
       0
       0
       0
       0
       0
       0
       0
       0
       1
       0
       0
       0
       1
       0
       1
       0
       0
       0
       0
       1
       0
       0
       0
       0
       0
       0
       1
       0
       0
       0
       0
       1
       0
       0
       2
       0
       0
       0
       0
       0
       0
       0
       0
       0
       0
       0
       0
       0
       1
       0
       0
       1
       1
       0
       0
       0
       0
       0
       0
       0
       0
       0
       0
       0
       1
       0
       0
       0
       0
       0
       0
       0
       0
       0
       0
       0
       0
       0
       0
       0
       0
       2
       1
       1
       1
       0
       0
       0
       0
       0
       0
       0
       0
       0
       1
       0
       0
       0
       0
       0
       0
       0
       0
       0
       0
       0
       0
       0
       0
       0
       0
       0
       0
       0
       0
       0
       1
       0
       0
       0
       1
       0
       0
       0
       0
       0
       0
       0
       0
       0
       0
       0
       0
       0
       0
       0
       0
       0
       0
       0
       1
       0
       0
       0
       0
       0
       0
       0
       0
       0
       0
       0
       0
       0
       1
       0
       0
       1
       0
       0
       0
       0
       0
       0
       0
       0
       0
       0
       0
       0
       1
       0
       1
       0
       0
       0
       0
       0
       0
       0
       0
       0
       0
       0
       0
       0
       0
       0
       2
       0
       0
       0
       0
       0
       1
       1
       0
       0
       0
       0
       0
       0
       0
       0
       0
       0
       0
       0
       0
       0
       0
       0
       0
       0
       0
       0
       0
       0
       0
       0
       0
       0
       0
       0
       0
       0
       0
       0
       0
       0
       0
       0
       0
       0
       0
       0
       0
       0
       0
       0
       0
       0
       0
       0
       0
       2
       0
       1
       0
       0
       0
       0
       1
       0
       1
       0
       0
       0
       1
       0
       0
       0
       0
       1
       0
       0
       0
       0
       0
       0
       0
       1
       0
       0
       0
       0
       0
       0
       0
       0
       0
       0
       0
       0
       0
       0
       0
       0
       0
       0
       0
       0
       0
       0
       0
       1
       1
       0
       0
       0
       0
       2
       0
       0
       0
       0
       0
       0
       0
       0
       2
       0
       0
       0
       0
       0
       0
       0
       1
       1
       0
       0
       0
       1
       0
       0
       1
       0
       1
       0
       0
       0
       1
       1
       0
       0
       0
       0
       0
       0
       0
       0
       0
       1
       0
       0
       0
       0
       0
       0
       0
       0
       0
       0
       0
       0
       0
       0
       0
       0
       0
       0
       1
       0
       1
       0
       0
       0
       0
       0
       0
       0
       0
       0
       0
       0
       0
       0
       0
       0
       0
       0
       0
       0
       0
       0
       0
       1
       0
       0
       0
       0
       0
       0
       0
       1
       1
       0
       0
       0
       1
       0
       0
       0
       0
       0
       0
       0
       0
       0
       0
       0
       0
       0
       0
       0
       0
       0
       0
       0
       0
       0
       0
       0
       0
       0
       0
       0
       0
       0
       1
       0
       0
       0
       0
       0
       0
       0
       0
       0
       0
       0
       0
       0
       0
       0
       0
       0
       1
       0
       0
       0
       0
       0
       0
       0
       0
       1
       0
       0
       0
       1
       0
       0
       0
       0
       0
       0
       0
       0
       0
       0
       1
       0
       0
       0
       0
       0
       0
       0
       0
       0
       0
       0
       1
       0
       0
       0
       0
       0
       0
       0
       0
       0
       0
       0
       0
       0
       0
       0
       0
       0
       0
       1
       0
       0
       0
       0
       0
       0
       0
       0
       0
       1
       0
       0
       0
       0
       0
       0
       0
       1
       0
       0
       0
       0
       0
       0
       0
       0
       0
       1
       0
       0
       0
       0
       0
       0
       0
       0
       0
       0
       0
       0
       0
       1
       0
       0
       0
       0
       0
       0
       0
       0
       0
       0
       0
       0
       0
       0
       0
       0
       0
       0
       0
       0
       0
       0
       0
       0
       0
       0
       0
       0
       0
       0
       0
       1
       0
       0
       0
       0
       0
       0
       0
       0
       0
       0
       0
       0
       0
       0
       0
       0
       0
       0
       0
       0
       0
       0
       0
       0
       0
       0
       0
       0
       0
       0
       0
       0
       0
       0
       0
       0
       0
       0
       0
       0
       0
       0
       0
       0
       0
       2
       0
       0
       0
       0
       0
       0
       0
       0
       0
       0
       0
       0
       0
       1
       0
       2
       0
       0
       0
       0
       1
       0
       0
       0
       0
       0
       0
       0
       0
       0
       0
       0
       1
       0
       1
       0
       0
       0
       0
       0
       0
       0
       0
       0
       0
       0
       0
       0
       0
       0
       0
       0
       0
       0
       0
       0
       0
       0
       0
       0
       0
       0
       0
       0
       1
       0
       0
       0
       0
       0
       0
       0
       1
       0
       1
       0
       0
       0
       0
       2
       0
       0
       0
       0
       1
       0
       1
       0
       0
       0
       0
       0
       0
       0
       0
       0
       0
       0
       0
       0
       0
       0
       0
       0
       0
       0
       0
       0
       0
       0
       0
       0
       0
       1
       0
       0
       0
       0
       0
       0
       0
       0
       0
       0
       0
       0
       0
       0
       0
       0
       0
       0
       0
       1
       0
       0
       0
       0
       0
       0
       0
       0
       0
       0
       0
       0
       1
       0
       0
       0
       0
       0
       0
       0
       0
       0
       0
       0
       0
       2
       0
       0
       0
       0
       0
       1
       0
       0
       0
       0
       0
       0
       0
       0
       0
       0
       0
       0
       0
       0
       0
       0
       0
       0
       0
       0
       0
       0
       0
       0
       0
       0
       0
       0
       0
       0
       0
       0
       0
       0
       0
       0
       0
       0
       0
       0
       0
       0
       0
       0
       0
       0
       0
       0
       0
       0
       0
       0
       0
       0
       0
       0
       0
       1
       1
       0
       0
       0
       0
       0
       0
       0
       0
       0
       0
       0
       0
       0
       0
       0
       0
       0
       0
       0
       0
       0
       0
       0
       0
       1
       0
       0
       0
       0
       0
       0
       0
       0
       0
       0
       0
       0
       0
       0
       0
       0
       0
       1
       0
       0
       0
       0
       0
       0
       0
       0
       0
       0
       0
       0
       1
       0
       0
       0
       1
       0
       0
       0
       0
       0
       0
       0
       0
       0
       0
       0
       0
       0
       0
       0
       0
       0
       0
       0
       0
       0
       0
       0
       0
       0
       0
       0
       0
       0
       0
       0
       0
       1
       0
       0
       0
       0
       0
       1
       0
       0
       0
       1
       0
       0
       0
       0
       0
       0
       1
       0
       0
       0
       0
       0
       0
       0
       1
       0
       0
       1
       0
       1
       0
       0
       0
       0
       0
       1
       0
       1
       0
       0
       0
       0
       0
       0
       0
       0
       0
       0
       1
       0
       0
       0
       0
       1
       0
       0
       0
       0
       0
       0
       0
       0
       0
       0
       0
       1
       0
       0
       0
       1
       0
       0
       0
       0
       0
       0
       0
       0
       0
       0
       0
       0
       0
       0
       0
       0
       0
       0
       0
       0
       0
       0
       0
       2
       1
       0
       0
       0
       0
       0
       0
       1
       1
       0
       0
       0
       0
       1
       0
       1
       0
       0
       1
       0
       0
       0
       1
       0
       0
       0
       0
       0
       0
       0
       0
       0
       0
       0
       0
       0
       0
       0
       0
       1
       0
       0
       0
       0
       1
       0
       0
       0
       0
       0
       0
       1
       0
       0
       0
       0
       0
       0
       0
       1
       0
       0
       0
       0
       0
       0
       0
       0
       0
       0
       0
       1
       0
       0
       0
       0
       0
       0
       0
       0
       0
       1
       0
       0
       1
       0
       0
       0
       0
       0
       1
       0
       0
       0
       0
       0
       1
       0
       0
       0
       0
       0
       0
       1
       0
       0
       0
       0
       0
       0
       1
       0
       0
       0
       0
       0
       0
       0
       0
       0
       0
       0
       0
       1
       0
       0
       0
       0
       0
       0
       0
       0
       0
       0
       0
       1
       0
       0
       0
       0
       0
       2
       0
       0
       1
       1
       0
       0
       0
       0
       0
       1
       0
       0
       0
       0
       0
       0
       0
       0
       0
       0
       0
       0
       0
       0
       0
       0
       0
       0
       0
       0
       0
       0
       0
       0
       0
       0
       0
       0
       0
       0
       0
       0
       0
       0
       0
       0
       0
       0
       0
       0
       0
       0
       0
       0
       0
       1
       0
       0
       0
       0
       0
       1
       0
       0
       0
       0
       0
       0
       0
       0
       0
       0
       0
       0
       0
       0
       0
       0
       0
       0
       0
       0
       0
       0
       0
       0
       0
       0
       0
       1
       0
       0
       0
       0
       0
       0
       0
       0
       0
       0
       0
       0
       0
       0
       0
       1
       0
       0
       0
       0
       0
       0
       0
       0
       0
       0
       0
       0
       0
       0
       0
       0
       0
       1
       0
       0
       0
       0
       0
       0
       0
       0
       0
       0
       0
       1
       0
       0
       0
       0
       0
       0
       0
       0
       0
       0
       0
       0
       0
       0
       0
       0
       0
       0
       0
       0
       0
       0
       0
       0
       0
       0
       0
       0
       0
       0
       0
       1
       0
       1
       0
       0
       0
       0
       0
       0
       2
       0
       0
       0
       0
       0
       0
       1
       0
       0
       0
       0
       0
       0
       0
       0
       0
       0
       0
       0
       0
       0
       1
       0
       1
       0
       0
       0
       0
       0
       1
       0
       0
       0
       0
       0
       0
       0
       0
       0
       0
       1
       0
       0
       0
       0
       0
       0
       0
       0
       0
       0
       0
       0
       0
       0
       1
       0
       1
       0
       0
       0
       0
       1
       0
       0
       0
       0
       0
       0
       1
       0
       0
       0
       0
       0
       0
       0
       1
       0
       0
       0
       0
       0
       0
       1
       0
       0
       0
       0
       0
       0
       0
       0
       0
       0
       0
       0
       0
       0
       0
       0
       0
       0
       0
       0
       0
       0
       0
       0
       0
       0
       0
       0
       0
       1
       0
       0
       0
       0
       0
       0
       0
       0
       0
       0
       0
       1
       0
       0
       0
       0
       0
       0
       0
       0
       0
       0
       2
       0
       0
       0
       0
       0
       0
       1
       0
       0
       0
       0
       0
       0
       0
       0
       0
       0
       0
       0
       0
       0
       0
       0
       0
       0
       0
       0
       0
       0
       0
       0
       0
       1
       0
       0
       0
       0
       1
       0
       0
       0
       0
       0
       1
       0
       0
       0
       0
       0
       0
       0
       0
       0
       0
       0
       1
       0
       0
       0
       0
       0
       0
       0
       0
       0
       0
       1
       0
       0
       0
       0
       0
       0
       0
       0
       0
       0
       0
       0
       0
       0
       0
       0
       0
       0
       0
       0
       0
       0
       0
       0
       0
       0
       0
       0
       0
       0
       0
       0
       1
       0
       0
       0
       0
       0
       0
       0
       0
       0
       0
       0
       0
       0
       0
       0
       0
       0
       0
       0
       0
       0
       0
       0
       0
       0
       0
       1
       0
       0
       0
       0
       1
       0
       0
       1
       0
       0
       0
       0
       1
       0
       1
       0
       0
       0
       0
       0
       0
       0
       0
       0
       0
       1
       0
       0
       0
       0
       0
       0
       0
       0
       0
       0
       0
       0
       0
       0
       0
       0
       0
       0
       0
       0
       0
       0
       0
       0
       0
       0
       0
       0
       0
       0
       1
       0
       0
       0
       0
       0
       0
       0
       0
       0
       0
       0
       0
       1
       0
       0
       0
       0
       0
       0
       0
       1
       0
       0
       0
       0
       0
       0
       0
       0
       0
       0
       0
       0
       0
       0
       0
       0
       0
       0
       0
       0
       1
       0
       0
       0
       0
       0
       0
       0
       0
       1
       0
       0
       0
       0
       0
       0
       0
       0
       0
       0
       0
       0
       0
       0
       0
       0
       0
       0
       0
       0
       0
       0
       0
       0
       0
       0
       0
       0
       0
       0
       0
       0
       0
       0
       0
       0
       0
       0
       0
       0
       0
       0
       0
       0
       0
       0
       0
       0
       1
       0
       1
       0
       1
       0
       0
       0
       0
       0
       0
       0
       0
       0
       0
       0
       0
       0
       0
       0
       0
       0
       0
       0
       0
       0
       0
       1
       0
       0
       0
       0
       0
       0
       0
       0
       0
       0
       0
       0
       0
       0
       0
       0
       0
       0
       0
       0
       0
       0
       0
       0
       0
       0
       0
       0
       0
       1
       0
       0
       0
       0
       0
       0
       0
       0
       0
       0
       0
       0
       0
       1
       0
       0
       1
       0
       0
       0
       0
       0
       0
       0
       0
       0
       0
       0
       0
       0
       0
       0
       0
       0
       0
       0
       0
       0
       0
       0
       0
       0
       0
       0
       0
       0
       0
       0
       0
       0
       0
       0
       0
       0
       0
       0
       0
       0
       0
       0
       0
       0
       0
       0
       0
       0
       0
       0
       0
       0
       0
       0
       0
       0
       0
       0
       0
       0
       0
       0
       0
       0
       0
       0
       0
       0
       0
       0
       0
       0
       0
       0
       0
       0
       0
       0
       0
       0
       0
       0
       0
       0
       0
       0
       0
       0
       0
       0
       0
       0
       0
       0
       0
       0
       0
       0
       0
       0
       0
       0
       0
       0
       0
       0
       0
       0
       1
       1
       0
       0
       0
       1
       0
       0
       0
       0
       1
       0
       0
       0
       0
       0
       0
       0
       0
       0
       0
       0
       0
       0
       0
       0
       0
       0
       0
       0
       0
       0
       0
       0
       0
       0
       0
       0
       0
       0
       0
       0
       0
       0
       0
       0
       0
       0
       0
       0
       0
       1
       0
       0
       0
       0
       0
       0
       0
       0
       0
       0
       0
       0
       0
       1
       0
       0
       0
       0
       0
       0
       0
       0
       0
       0
       0
       0
       0
       0
       0
       0
       0
       0
       0
       0
       0
       0
       0
       0
       0
       0
       0
       0
       1
       0
       0
       0
       0
       0
       0
       0
       0
       0
       0
       0
       0
       1
       0
       0
       0
       0
       0
       1
       0
       0
       0
       1
       0
       0
       0
       0
       0
       1
       0
       0
       0
       0
       0
       0
       0
       0
       0
       0
       1
       0
       0
       0
       0
       0
       0
       0
       0
       0
       0
       0
       0
       0
       0
       0
       0
       0
       0
       0
       0
       1
       0
       0
       0
       0
       0
       0
       0
       0
       0
       1
       0
       0
       0
       0
       0
       1
       0
       0
       0
       0
       0
       0
       0
       0
       0
       0
       0
       0
       0
       0
       0
       0
       0
       0
       0
       0
       1
       0
       0
       0
       0
       0
       0
       0
       0
       0
       1
       0
       1
       0
       0
       0
       0
       0
       0
       0
       0
       0
       0
       0
       0
       1
       0
       0
       0
       0
       0
       0
       0
       0
       0
       0
       0
       0
       1
       0
       0
       0
       0
       0
       0
       0
       0
       0
       0
       0
       0
       0
       0
       0
       0
       0
       0
       0
       0
       0
       0
       0
       1
       0
       0
       0
       0
       0
       0
       0
       0
       0
       0
       0
       0
       0
       0
       0
       0
       0
       0
       1
       0
       0
       0
       0
       0
       0
       0
       0
       0
       0
       0
       0
       0
       0
       0
       0
       0
       0
       0
       0
       0
       0
       0
       0
       0
       0
       0
       0
       0
       0
       0
       0
       1
       0
       0
       0
       0
       0
       0
       0
       0
       0
       0
       0
       0
       0
       0
       0
       0
       0
       0
       0
       0
       0
       0
       0
       0
       0
       0
       0
       0
$ROI:
0
$PRESETS:
Live Time
3600
0
$ENER_FIT:
0.137869 0.366631
$MCA_CAL:
3
1.378689E-001 3.666307E-001 -4.415950E-008 keV
$SHAPE_CAL:
3
2.301834E+000 9.195991E-004 -5.357180E-008
