$SPEC_ID:
No sample description was entered.
$SPEC_REM:
DET# 1
DETDESC# HPGe Detector 1
AP# GammaVision Version 6.07
$DATE_MEA:
10/28/2015 10:35:26
$MEAS_TIM:
3600 3736
$DATA:
0 8191
       0
       0
       0
       0
    1929
    2312
    1282
     901
     770
     778
     764
     842
     926
     942
     983
     977
    1091
    1102
    1316
    1253
    1337
    1410
    1474
    1523
    1478
    1490
    1435
    1428
    1387
    1229
    1183
    1112
    1037
     863
     714
     728
     723
     753
     922
     901
     652
     471
     496
     471
     495
     547
     536
     585
     557
     499
     478
     444
     509
     460
     477
     479
     564
     588
     505
     534
     569
     562
     589
     911
    2691
    6155
    6229
    2677
     920
     667
     768
    1209
    1465
    1706
    2440
    1887
    1219
     787
     743
     694
     775
     754
     745
     855
     823
     909
     987
     926
    1032
    1165
    1304
    1424
    1274
    1276
    1337
    1465
    1503
    1603
    1753
    1875
    2052
    2228
    2338
    2611
    2810
    3117
    3290
    3710
    3858
    4006
    4323
    4815
    5122
    5572
    6163
    6813
    7471
    8299
    9172
    9604
    9847
   10572
   11447
   12277
   13382
   14520
   16028
   17745
   19965
   23226
   27069
   32812
   38535
   44078
   48723
   52584
   52190
   48722
   46173
   43949
   42736
   43873
   46071
   48328
   49705
   50063
   50471
   49743
   48779
   47389
   46152
   44970
   43671
   41993
   39417
   34341
   27373
   20856
   15773
   16629
   65630
  327084
  679753
  533120
  155955
   16775
     849
     188
     214
     164
     182
     203
     223
     199
     208
     228
     219
     231
     209
     225
     209
     238
     229
     262
     270
     280
     275
     258
     273
     308
     341
     363
     365
     343
     341
     410
     404
     475
     535
     514
     518
     570
     579
     674
     749
     740
     668
     679
     662
     654
     672
     633
     605
     630
     552
     520
     548
     516
     536
     499
     495
     449
     505
     449
     455
     472
     445
     439
     447
     497
     561
     557
     538
     474
     472
     463
     491
     516
     497
     540
     478
     477
     508
     502
     475
     500
     578
     568
     601
     549
     515
     528
     562
     555
     546
     562
     553
     587
     552
     569
     568
     589
     618
     638
     796
     769
     677
     827
    1859
    3807
    3976
    1943
     718
     472
     612
     823
     734
     604
     789
    2135
    4412
    4288
    1862
     419
     203
     176
     171
     174
     166
     207
     225
     223
     216
     185
     214
     203
     181
     197
     184
     205
     212
     198
     192
     216
     217
     217
     189
     259
     282
     280
     324
     387
     339
     287
     227
     245
     211
     179
     227
     229
     293
     274
     256
     257
     298
     309
     282
     215
     245
     212
     217
     207
     182
     258
     508
     722
     516
     307
     205
     357
    1083
    1991
    1761
     691
     192
     109
      92
      95
      81
      99
      90
      96
      96
     106
     114
     107
      91
      82
     102
     110
     101
      93
     112
      90
     106
      98
      95
      94
     113
      99
      87
      68
     105
      81
      83
      97
      86
      86
      90
     103
      92
     108
      96
      87
      78
      83
      98
      77
     110
     103
      99
      99
     105
      89
      85
      96
      97
     114
     272
     435
     368
     223
      99
      83
     105
     101
      99
      89
     129
     136
     143
     103
      99
      67
      91
      85
      88
      90
      88
      88
      93
      95
     103
      76
      77
      88
      84
      80
      69
     104
      84
      88
      96
      88
      76
      75
      75
      93
      99
      88
      99
      87
      86
      73
      91
      85
      86
      96
     135
     117
     108
     111
     113
      87
      81
      87
      86
      82
      84
      81
     106
     171
     208
     169
      89
      89
      84
      62
      70
      77
      57
      73
      83
      69
      71
      88
      90
      84
      93
      71
      88
      76
      71
      76
      77
      74
      58
      75
      63
      72
      78
      58
      86
      65
      55
      77
      71
      71
      88
      60
      74
      72
      79
      68
      56
      81
      79
      83
      80
      68
      70
      70
      69
      92
      66
      68
      71
      66
      56
      70
      54
      71
      88
      95
      82
      88
      59
      64
      66
      65
      62
      72
      62
      72
      50
      70
      77
      87
      71
      69
      48
      66
      63
      76
      57
      62
      59
      67
      65
      51
      62
      61
      59
      67
      57
      84
      56
      65
      58
      50
      56
      53
      60
      53
      96
     297
     647
     816
     507
     168
      74
      44
      44
      40
      39
      47
      42
      43
      45
      40
      46
      45
      51
      45
      37
      40
      38
      37
      48
      33
      48
      49
      39
      34
      44
      25
      37
      36
      57
      37
      35
      44
      77
      86
      69
      50
      47
      53
      37
      47
      32
      44
      33
      31
      36
      38
      34
      42
      43
      45
      45
      32
      29
      35
      37
      26
      44
      30
      36
      38
      38
      43
      34
      32
      43
      44
      35
      42
      39
      26
      32
      34
      32
      30
      33
      35
      42
      44
      38
      36
      44
      43
      41
      34
      36
      36
      38
      32
      29
      30
      33
      35
      37
      31
      40
      31
      27
      35
      35
      39
      39
      29
      33
      38
      33
      27
      29
      29
      38
      38
      36
      30
      29
      33
      33
      34
      19
      27
      30
      32
      36
      34
      30
      36
      24
      31
      29
      40
      33
      27
      28
      30
      35
      31
      25
      32
      28
      33
      24
      33
      33
      37
      27
      43
      20
      15
      30
      31
      24
      31
      35
      34
      32
      34
      22
      32
      25
      36
      47
      59
      56
      27
      39
      27
      26
      26
      29
      20
      29
      39
      23
      30
      32
      27
      23
      28
      20
      20
      29
      34
      35
      42
      32
      30
      34
      31
      18
      30
      26
      36
      27
      26
      23
      34
      25
      41
      27
      21
      35
      38
      26
      23
      23
      32
      31
      22
      25
      18
      22
      23
      26
      34
      29
      22
      23
      32
      16
      20
      33
      22
      26
      36
      40
      27
      27
      30
      36
      30
      34
      42
      29
      24
      18
      26
      20
      21
      29
      19
      23
      25
      20
      20
      28
      33
      23
      22
      24
      46
      35
      40
      26
      21
      29
      42
      15
      26
      32
      20
      21
      19
      27
      31
      23
      13
      23
      24
      32
      28
      20
      22
      20
      29
      17
      19
      18
      21
      29
      27
      60
     116
     155
     114
      59
      30
      26
      21
      29
      20
      22
      36
      28
      18
      19
      18
      26
      22
      25
      26
      21
      20
      32
      27
      19
      20
      18
      16
      36
      71
     123
     161
      98
      63
      26
      23
      23
      31
      18
      19
      30
      14
      17
      32
      23
      13
      24
      14
      12
      24
      22
      19
      18
      24
      19
      36
      68
     132
     161
      93
      49
      38
      29
      41
     118
     304
     461
     358
     175
      50
      23
      18
      18
      21
      23
      15
      20
      18
      22
      24
      32
      23
      15
      13
      16
      16
      12
      19
      12
      10
      14
      12
      14
      13
       7
       9
      11
      12
      13
      14
      14
       9
       9
      16
      14
      12
      10
      17
      16
      17
      17
      10
      17
       6
      15
      11
      19
      19
      18
      14
      15
      16
      17
      17
       7
      10
      16
      18
      20
      11
      17
       6
      15
      15
      16
      21
      11
      12
      12
      15
      10
       9
      17
       5
      12
      12
      15
      10
       9
      16
      10
      13
      11
      13
      31
      85
     165
     199
     122
      66
      23
      27
      38
      46
      44
      33
      17
       9
      16
      13
      12
      11
      12
      10
      14
      16
      32
      85
     128
     133
      76
      28
      17
      13
       5
       7
      14
       9
      10
       9
       5
       9
      10
       7
       5
      11
      14
      21
      30
      25
      15
       9
       5
       6
       6
      13
      14
      10
      18
       5
       8
      12
       9
      10
      13
       7
      16
      12
       6
      11
      16
       6
       8
       6
      11
      11
       9
       6
      11
      11
       9
       9
      11
       6
      11
      10
      17
      10
      10
      12
      12
       8
      14
      11
      12
       5
      11
       7
      13
       9
      10
       6
       9
       8
      11
       8
       8
       8
      14
       6
       8
       7
       5
       6
       7
       8
       8
       8
       5
       3
      11
      12
      12
      14
       6
       4
       7
       5
       9
      10
      11
      19
      10
      10
       8
       9
      21
      10
      11
      16
      10
       4
       9
      20
      25
      37
      20
       8
      19
      10
       8
       6
       8
       5
       9
       5
       5
      15
       9
      13
       9
       9
       9
      20
      25
      26
      19
      10
       9
       6
      14
       9
      11
       6
      12
       8
       8
      10
       9
       8
      14
       5
      10
       8
       9
       9
       5
      11
      11
       5
      10
       8
       9
      10
      12
       2
       4
      12
      16
       9
      14
      14
      14
      13
      11
      14
      11
      12
      10
      11
      10
       7
       7
       9
      10
       8
       8
      10
       9
       4
       7
       7
       5
       6
       7
       7
      11
       5
       6
       5
       6
      10
       7
       8
      14
       6
      12
       7
       8
      19
      13
      17
      16
      12
       5
      10
       8
      11
       3
      12
       4
       5
       9
      11
       9
      11
       6
      10
      10
      10
       7
       3
       7
      11
       8
       8
      10
       5
       9
      11
      14
      11
       9
       5
       4
      14
      10
      14
       8
      16
       3
      11
      12
      10
      14
      12
       9
       8
      12
      10
      15
       5
      12
      19
      15
      18
      19
      22
      23
      13
      18
      16
      23
       9
      16
      26
      14
      20
       6
      13
      15
      13
      14
      11
      10
      14
      21
      14
      14
       6
      13
       9
       9
      13
      11
      10
      13
      11
       9
      11
      13
       7
       8
       9
      10
       9
       4
       6
       6
      10
       5
       5
       7
       4
       6
       6
       6
       4
       4
       5
       9
       6
       4
      11
       7
       4
       8
       6
       6
       6
       3
       7
       7
       3
       5
       8
       8
      11
       6
       4
       5
       7
       5
       4
       8
       6
       6
      10
       7
       4
       9
       5
       8
       4
       5
       6
       6
       7
       7
      11
       6
       9
      10
      19
      19
      16
      22
       9
      12
      12
       7
      12
       8
       8
       6
       4
       2
       6
       7
       8
       9
       3
       4
       5
       2
       5
       4
       6
       3
       3
       7
       8
       4
       7
       8
       5
       6
       4
       4
       3
       5
       5
       3
       1
       7
       4
       5
       7
       4
       8
       4
       7
       6
       9
       3
       3
       6
       4
       6
       6
      10
       2
       7
       2
       5
       3
       1
       6
       1
       6
       2
       5
       3
       3
       8
       5
       3
       2
      12
       2
       7
       1
       5
       2
       3
       5
       3
       2
       2
       7
       3
       6
       6
       1
       4
       5
       4
       5
       6
       3
       2
       9
       4
       3
       3
       4
       5
       3
       4
       3
       5
       7
       2
       5
       3
       6
       5
       1
       1
       3
       4
       8
       4
       5
       2
       7
       4
       1
       3
       4
       3
       1
      13
       4
       7
       8
       4
       5
       6
       2
       4
       5
       3
       8
       3
       3
       4
       5
       5
       6
       4
       8
       4
       3
       4
       5
       2
       3
       7
       2
       6
       4
       3
       3
       3
       5
       4
       4
       3
       1
       4
       8
       3
       1
       7
       6
       6
       6
       4
       3
       6
       4
       6
       2
       3
      10
       6
       3
       8
       0
       5
       2
       5
       2
       4
       1
       1
       1
       6
       8
       5
       6
       5
       6
       3
       3
       5
       3
       1
       2
       1
       7
       4
       3
       4
       5
       3
       2
       5
       1
       6
       8
       7
       4
       8
       2
       6
       2
       3
       3
       3
       3
       6
       3
       3
       5
       4
       3
       4
       5
      13
       6
       8
       6
       6
       5
       0
       2
       2
       4
       0
       3
       0
       1
       5
       6
       5
       1
       7
       1
       2
       1
       3
       5
       3
       6
       4
       3
       1
       1
       2
       3
       5
       6
       2
       2
       4
       4
       3
       3
       5
       1
       7
       5
       3
       2
       4
       8
       0
       2
       3
       4
       2
       3
       3
       6
       8
      13
      20
      38
      42
      40
      21
       3
       6
       4
       7
       3
       4
       3
       1
       1
       3
       1
       2
       1
       1
       3
       2
       4
       0
       5
       2
       6
       3
       1
       0
       3
       1
       5
       3
       3
       1
       2
       3
       2
       0
       1
       3
       3
       5
       4
       5
       4
       4
       2
       1
       3
       6
       3
       2
       2
       4
       4
       3
       1
       3
       3
       5
       4
       3
       5
       8
       5
       0
       4
       2
       5
       2
       3
       2
       6
       5
       2
       1
       5
       3
       1
       1
       3
       1
       1
       0
       3
       2
       1
       1
       1
       4
       1
      16
      17
      26
      25
      21
      10
       2
       5
       1
       3
       4
       0
       2
       6
       2
       0
       2
       3
       2
       2
       4
       4
       2
       5
       6
      22
      81
     152
     186
     171
     130
      45
      10
       4
       1
       1
       2
       2
       2
       1
       3
       1
       1
       1
       3
       3
       2
       1
       3
       1
       5
       0
       5
       1
       3
       2
       2
       1
       2
       1
       4
       1
       1
       2
       4
       2
       2
       4
       0
       0
       1
       5
       0
       0
       2
       1
       2
       0
       4
       0
       4
       1
       4
       2
       1
       3
       2
       3
       2
       2
       2
       1
       3
       4
       3
       0
       3
       2
       6
      11
      18
      14
       9
       9
       2
       1
       2
       2
       0
       2
       2
       4
       4
       2
       5
       2
       2
       3
       5
       5
       4
       3
       5
       4
       2
       4
       1
       1
       1
       3
       5
       2
       2
       5
       2
       3
       3
       1
       2
       1
       1
       2
       0
       1
       3
       1
       2
       0
       2
       0
       2
       1
       1
       3
       3
       6
       6
       8
       2
       3
       1
       1
       1
       1
       0
       5
       2
       2
       1
       2
       1
       2
       2
       0
       1
       1
       1
       1
       3
       2
       1
       4
       2
       0
       4
       3
       1
      10
      23
      59
      87
      92
      80
      39
      24
       3
       2
       0
       2
       3
       2
       1
       2
       1
       0
       1
       2
       1
       1
       1
       2
       3
       2
       2
       2
       2
       2
       2
       1
       2
       0
       0
       2
       2
       1
       1
       0
       2
       0
       1
       3
       2
       3
       4
      10
       4
       3
       1
       1
       0
       0
       1
       1
       1
       0
       1
       1
       0
       0
       0
       2
       2
       0
       0
       1
       0
       0
       1
       2
       0
       0
       1
       1
       0
       0
       0
       1
       1
       0
       0
       0
       1
       0
       1
       0
       0
       2
       1
       2
       1
       3
       3
       2
       4
       4
       4
       1
       0
       1
       0
       0
       2
       3
       2
       1
       2
       1
       2
       1
       0
       2
       1
       1
       1
       0
       3
       0
       3
       0
       0
       1
       1
       4
       3
       2
       4
       3
       0
       0
       1
       2
       2
       2
       3
       2
       3
       7
       4
       2
       3
       2
       1
       1
       0
       1
       0
       1
       1
       0
       1
       0
       0
       0
       0
       0
       2
       1
       1
       0
       1
       3
       1
       0
       3
       1
       0
       1
       1
       0
       0
       2
       0
       2
       0
       2
       2
       1
       1
       1
       0
       0
       1
       1
       1
       0
       0
       1
       2
       0
       0
       1
       0
       0
       2
       1
       1
       0
       0
       1
       1
       0
       1
       0
       0
       1
       1
       0
       0
       2
       0
       0
       1
       2
       0
       1
       0
       1
       0
       3
       1
       1
       3
       4
       2
       2
       1
       0
       1
       1
       1
       1
       0
       0
       0
       1
       1
       1
       0
       0
       0
       1
       0
       1
       0
       0
       1
       0
       0
       1
       0
       0
       1
       0
       0
       2
       0
       2
       3
       0
       1
       0
       2
       0
       2
       0
       1
       0
       0
       0
       1
       1
       0
       0
       0
       0
       2
       0
       2
       0
       0
       0
       0
       1
       1
       1
       0
       1
       2
       1
       0
       1
       1
       0
       0
       0
       1
       1
       0
       0
       1
       2
       0
       1
       0
       2
       0
       2
       2
       0
       2
       0
       1
       2
       0
       1
       0
       2
       2
       1
       0
       0
       0
       1
       1
       0
       1
       1
       1
       1
       2
       1
       1
       1
       1
       1
       2
       0
       2
       0
       2
       0
       1
       1
       1
       1
       1
       1
       0
       0
       0
       1
       1
       0
       0
       0
       1
       2
       2
       1
       0
       0
       2
       2
       2
       1
       0
       0
       0
       1
       2
       1
       1
       0
       1
       0
       3
       2
       0
       2
       3
       2
       0
       3
       0
       2
       1
       3
       0
       1
       0
       0
       0
       0
       2
       1
       0
       0
       0
       1
       0
       1
       2
       1
       0
       0
       0
       2
       0
       1
       1
       3
       0
       1
       0
       0
       0
       1
       1
       0
       0
       1
       0
       0
       0
       2
       0
       0
       1
       1
       1
       2
       0
       1
       0
       0
       0
       0
       2
       0
       0
       0
       0
       0
       0
       2
       1
       0
       2
       0
       0
       2
       0
       2
       3
       1
       0
       1
       1
       2
       2
       1
       0
       1
       0
       0
       0
       2
       0
       1
       0
       2
       0
       1
       0
       1
       0
       1
       1
       0
       1
       0
       2
       1
       2
       1
       1
       0
       2
       2
       0
       3
       0
       0
       1
       1
       0
       2
       2
       0
       3
       1
       0
       0
       0
       0
       1
       1
       2
       0
       3
       0
       0
       0
       0
       1
       2
       4
       0
       3
       0
       1
       1
       0
       0
       2
       1
       3
       0
       0
       0
       0
       0
       1
       0
       0
       1
       0
       0
       0
       1
       1
       1
       0
       0
       1
       0
       1
       1
       0
       2
       1
       0
       0
       1
       1
       2
       1
       2
       2
       1
       0
       1
       0
       0
       1
       0
       1
       0
       1
       0
       1
       0
       1
       0
       1
       0
       0
       2
       1
       1
       1
       3
       0
       0
       0
       0
       0
       0
       0
       0
       2
       1
       1
       0
       1
       5
       1
       0
       1
       1
       1
       2
       0
       1
       0
       0
       1
       0
       1
       1
       2
       1
       1
       1
       0
       0
       1
       2
       1
       2
       1
       0
       1
       2
       1
       0
       1
       0
       0
       1
       1
       0
       2
       1
       0
       1
       0
       1
       1
       1
       1
       1
       1
       0
       1
       0
       2
       0
       0
       0
       1
       1
       0
       0
       1
       1
       1
       0
       0
       0
       0
       2
       4
       2
       1
       1
       2
       0
       0
       2
       0
       2
       1
       2
       0
       1
       1
       1
       1
       1
       0
       0
       0
       1
       0
       0
       1
       0
       0
       2
       0
       0
       1
       0
       0
       0
       1
       0
       0
       1
       0
       1
       1
       3
       0
       0
       2
       1
       1
       0
       0
       2
       1
       1
       1
       0
       0
       1
       1
       0
       0
       0
       0
       1
       2
       1
       0
       2
       1
       1
       0
       0
       1
       0
       1
       0
       2
       0
       1
       1
       0
       2
       0
       1
       1
       0
       1
       1
       0
       0
       0
       0
       1
       0
       3
       1
       0
       3
       1
       2
       1
       0
       1
       1
       3
       1
       0
       1
       1
       3
       1
       1
       1
       0
       1
       0
       0
       1
       0
       1
       0
       1
       1
       1
       1
       1
       0
       1
       0
       1
       0
       1
       1
       0
       1
       0
       0
       0
       0
       1
       0
       1
       0
       1
       0
       0
       0
       1
       0
       0
       0
       0
       0
       0
       0
       0
       0
       1
       1
       1
       0
       0
       1
       2
       0
       1
       2
       1
       0
       0
       0
       0
       1
       0
       0
       1
       0
       1
       0
       0
       1
       0
       1
       0
       0
       1
       0
       1
       2
       0
       1
       0
       0
       1
       1
       1
       1
       0
       0
       1
       0
       2
       0
       2
       0
       0
       0
       0
       2
       0
       2
       1
       0
       2
       1
       1
       1
       0
       0
       3
       0
       0
       0
       0
       0
       1
       1
       0
       0
       0
       0
       0
       0
       0
       0
       2
       0
       1
       1
       1
       1
       0
       1
       1
       4
       0
       1
       1
       1
       2
       0
       0
       1
       1
       1
       0
       0
       0
       0
       1
       0
       0
       0
       1
       0
       1
       1
       0
       2
       1
       1
       1
       0
       1
       1
       0
       0
       0
       1
       0
       0
       2
       1
       0
       1
       0
       1
       0
       1
       1
       0
       1
       0
       0
       0
       1
       0
       0
       0
       1
       0
       1
       1
       0
       0
       0
       1
       0
       2
       0
       0
       2
       0
       0
       1
       0
       1
       0
       0
       1
       1
       1
       0
       3
       1
       0
       0
       0
       2
       0
       0
       0
       0
       1
       0
       0
       1
       0
       0
       0
       0
       0
       1
       2
       0
       1
       1
       1
       0
       1
       0
       0
       1
       0
       1
       2
       0
       0
       0
       0
       1
       0
       1
       0
       0
       0
       1
       1
       0
       0
       0
       1
       0
       0
       0
       0
       0
       1
       0
       0
       0
       1
       0
       1
       1
       0
       1
       1
       1
       2
       1
       0
       0
       1
       0
       0
       0
       1
       1
       1
       0
       1
       0
       0
       4
       0
       1
       0
       0
       1
       0
       0
       0
       1
       1
       0
       0
       1
       1
       0
       0
       2
       2
       1
       2
       1
       0
       1
       0
       1
       2
       0
       1
       0
       1
       0
       2
       0
       0
       0
       2
       0
       1
       1
       1
       1
       1
       0
       0
       1
       1
       1
       2
       0
       1
       2
       1
       3
       2
       1
       3
       1
       1
       1
       2
       0
       0
       1
       0
       0
       0
       1
       2
       0
       0
       1
       0
       1
       1
       0
       0
       1
       1
       0
       1
       0
       0
       0
       0
       1
       0
       0
       1
       1
       1
       1
       0
       0
       2
       0
       0
       0
       0
       1
       2
       1
       1
       0
       1
       0
       1
       0
       0
       0
       0
       0
       0
       1
       2
       1
       0
       0
       2
       0
       0
       2
       0
       0
       2
       0
       0
       1
       0
       0
       1
       2
       0
       1
       0
       0
       1
       0
       0
       1
       0
       0
       0
       0
       0
       1
       1
       0
       1
       0
       2
       0
       0
       0
       0
       3
       1
       1
       0
       1
       0
       0
       1
       1
       1
       3
       1
       2
       0
       1
       1
       0
       0
       1
       0
       1
       1
       0
       1
       1
       0
       1
       1
       0
       1
       0
       2
       0
       0
       0
       0
       0
       0
       0
       1
       1
       1
       0
       0
       2
       1
       1
       0
       0
       0
       0
       0
       0
       0
       0
       0
       1
       0
       1
       0
       3
       0
       0
       1
       0
       0
       2
       1
       0
       1
       0
       0
       0
       1
       0
       4
       1
       0
       1
       0
       2
       0
       0
       0
       0
       0
       1
       0
       1
       1
       0
       0
       2
       1
       0
       0
       0
       0
       0
       1
       1
       0
       0
       1
       1
       2
       0
       1
       0
       1
       0
       0
       1
       1
       1
       0
       1
       1
       1
       0
       1
       1
       0
       0
       0
       1
       0
       0
       0
       0
       0
       2
       0
       0
       0
       0
       0
       0
       0
       0
       0
       0
       0
       1
       0
       0
       1
       1
       0
       0
       1
       0
       1
       1
       0
       1
       0
       0
       0
       0
       1
       0
       1
       0
       1
       1
       1
       1
       3
       2
       0
       0
       1
       0
       0
       1
       0
       1
       0
       0
       0
       0
       0
       2
       0
       0
       0
       0
       0
       0
       0
       1
       0
       0
       1
       0
       0
       0
       2
       0
       1
       0
       1
       2
       0
       0
       0
       0
       0
       0
       1
       1
       0
       2
       0
       1
       0
       0
       0
       0
       1
       0
       0
       0
       0
       1
       0
       0
       2
       1
       0
       0
       0
       0
       0
       0
       0
       0
       0
       0
       0
       0
       1
       1
       0
       0
       1
       0
       0
       0
       0
       0
       0
       1
       3
       1
       0
       1
       1
       0
       0
       1
       0
       1
       1
       0
       1
       1
       0
       0
       0
       0
       0
       0
       0
       0
       0
       0
       0
       3
       0
       0
       0
       1
       1
       0
       1
       0
       0
       0
       0
       2
       0
       1
       1
       1
       0
       1
       0
       0
       0
       0
       0
       0
       0
       0
       1
       0
       1
       1
       1
       0
       0
       0
       1
       2
       2
       0
       0
       0
       1
       0
       0
       1
       0
       1
       0
       1
       1
       0
       0
       0
       0
       0
       2
       1
       0
       0
       1
       1
       1
       0
       0
       0
       0
       0
       0
       1
       0
       0
       0
       0
       1
       1
       2
       0
       0
       2
       1
       0
       0
       0
       0
       0
       0
       0
       0
       0
       1
       1
       0
       0
       0
       1
       0
       1
       0
       1
       1
       1
       0
       1
       1
       1
       1
       1
       0
       0
       1
       0
       0
       1
       0
       1
       0
       2
       2
       0
       1
       0
       0
       0
       0
       0
       0
       0
       0
       0
       0
       0
       0
       1
       2
       1
       0
       0
       1
       2
       0
       0
       0
       0
       0
       0
       0
       2
       1
       2
       0
       0
       1
       0
       0
       0
       0
       1
       0
       1
       1
       0
       0
       1
       1
       1
       0
       1
       0
       1
       1
       2
       1
       2
       0
       3
       0
       0
       2
       0
       1
       0
       0
       0
       0
       0
       0
       0
       1
       0
       1
       0
       0
       0
       0
       0
       1
       1
       3
       1
       0
       0
       0
       0
       0
       2
       1
       2
       1
       0
       1
       1
       0
       0
       0
       1
       0
       0
       0
       0
       0
       1
       2
       0
       0
       0
       0
       1
       2
       1
       0
       0
       0
       0
       0
       2
       0
       0
       1
       1
       0
       1
       1
       0
       0
       0
       0
       0
       0
       0
       1
       0
       0
       0
       0
       0
       0
       0
       0
       0
       0
       1
       1
       1
       0
       1
       0
       0
       0
       1
       1
       2
       1
       1
       0
       0
       0
       0
       0
       0
       0
       0
       0
       0
       0
       0
       0
       0
       0
       0
       0
       0
       0
       0
       0
       1
       1
       1
       0
       3
       0
       0
       0
       0
       0
       0
       0
       1
       1
       0
       0
       1
       0
       1
       0
       0
       0
       1
       1
       0
       0
       0
       0
       0
       0
       1
       0
       0
       1
       1
       0
       0
       0
       0
       0
       0
       0
       0
       0
       0
       0
       0
       0
       1
       0
       0
       0
       0
       0
       1
       0
       0
       0
       0
       0
       0
       1
       0
       1
       1
       0
       2
       1
       0
       0
       0
       0
       1
       0
       0
       1
       0
       0
       0
       0
       0
       1
       0
       0
       1
       1
       0
       0
       0
       1
       1
       0
       0
       1
       0
       0
       0
       0
       0
       0
       3
       1
       0
       1
       0
       0
       0
       1
       0
       2
       1
       1
       2
       2
       0
       0
       0
       1
       1
       1
       0
       0
       1
       0
       0
       0
       0
       0
       0
       0
       0
       1
       0
       0
       1
       1
       1
       0
       1
       0
       0
       0
       1
       1
       0
       0
       1
       1
       1
       0
       0
       0
       0
       0
       0
       1
       1
       1
       2
       2
       0
       1
       0
       0
       1
       2
       1
       0
       0
       1
       0
       0
       0
       0
       0
       3
       0
       0
       0
       0
       0
       0
       0
       1
       0
       0
       0
       0
       0
       0
       1
       0
       0
       0
       0
       0
       0
       1
       0
       0
       0
       0
       1
       0
       1
       0
       0
       1
       0
       1
       0
       1
       2
       0
       0
       0
       1
       0
       0
       4
       0
       1
       1
       1
       2
       1
       0
       1
       1
       1
       0
       0
       0
       1
       0
       0
       0
       0
       2
       2
       0
       0
       0
       0
       0
       1
       1
       0
       0
       0
       1
       0
       0
       0
       1
       0
       1
       0
       1
       0
       1
       0
       0
       2
       0
       1
       1
       0
       2
       0
       0
       1
       0
       2
       0
       0
       0
       0
       0
       0
       0
       0
       0
       0
       0
       1
       1
       1
       0
       0
       0
       0
       1
       1
       1
       0
       1
       0
       0
       0
       1
       0
       1
       1
       0
       0
       0
       1
       0
       1
       0
       0
       0
       1
       0
       0
       0
       0
       1
       0
       0
       0
       3
       0
       0
       0
       0
       1
       2
       0
       0
       0
       0
       0
       0
       0
       0
       2
       0
       1
       0
       0
       0
       0
       0
       0
       1
       0
       0
       1
       0
       1
       0
       0
       0
       1
       0
       1
       0
       0
       0
       0
       0
       0
       0
       0
       1
       0
       1
       0
       1
       0
       1
       1
       0
       0
       0
       0
       0
       0
       0
       0
       0
       0
       1
       1
       0
       0
       0
       1
       0
       0
       1
       0
       1
       1
       1
       1
       0
       2
       1
       1
       0
       0
       1
       0
       0
       0
       1
       0
       0
       1
       0
       0
       1
       1
       0
       1
       0
       0
       2
       1
       2
       0
       0
       2
       0
       2
       2
       0
       0
       1
       0
       0
       1
       1
       2
       0
       0
       0
       2
       0
       1
       0
       0
       0
       1
       0
       1
       0
       0
       0
       0
       0
       0
       0
       0
       0
       1
       0
       0
       0
       0
       0
       0
       0
       0
       0
       0
       0
       1
       0
       1
       0
       0
       0
       0
       0
       0
       1
       0
       0
       0
       0
       0
       0
       0
       0
       0
       0
       0
       0
       0
       0
       0
       1
       0
       1
       0
       0
       0
       1
       0
       1
       0
       0
       0
       0
       0
       0
       0
       2
       2
       0
       1
       2
       1
       1
       0
       1
       0
       1
       0
       1
       1
       0
       2
       0
       0
       0
       0
       0
       0
       0
       1
       0
       1
       0
       0
       0
       1
       0
       0
       0
       0
       0
       1
       0
       1
       0
       1
       1
       0
       0
       0
       0
       1
       0
       0
       0
       0
       1
       0
       0
       0
       1
       0
       1
       1
       0
       0
       1
       0
       0
       1
       0
       1
       0
       1
       0
       0
       0
       1
       0
       0
       0
       0
       0
       1
       0
       2
       0
       0
       0
       0
       1
       0
       0
       0
       0
       0
       0
       0
       0
       0
       1
       0
       0
       2
       0
       0
       1
       0
       2
       1
       0
       0
       1
       0
       0
       0
       0
       0
       0
       0
       0
       2
       0
       0
       0
       0
       0
       2
       1
       1
       0
       1
       0
       1
       0
       2
       0
       0
       1
       0
       0
       1
       2
       0
       1
       0
       0
       1
       0
       0
       0
       0
       1
       0
       1
       0
       1
       0
       0
       0
       0
       1
       0
       0
       0
       1
       1
       0
       0
       0
       1
       0
       0
       0
       0
       1
       0
       1
       1
       1
       0
       0
       1
       1
       0
       0
       1
       1
       0
       1
       1
       0
       1
       0
       0
       1
       0
       0
       0
       0
       0
       0
       0
       0
       0
       0
       1
       0
       0
       0
       0
       0
       0
       0
       0
       0
       0
       0
       0
       0
       1
       1
       0
       1
       0
       0
       0
       0
       0
       1
       0
       0
       0
       0
       0
       1
       0
       0
       2
       0
       0
       0
       0
       0
       0
       0
       0
       0
       0
       0
       0
       0
       0
       0
       0
       0
       0
       1
       0
       0
       0
       0
       0
       0
       0
       0
       0
       1
       1
       0
       0
       0
       0
       0
       0
       0
       1
       0
       0
       1
       0
       0
       2
       0
       0
       1
       1
       0
       0
       0
       0
       0
       0
       0
       0
       0
       0
       0
       0
       0
       0
       0
       0
       1
       1
       0
       1
       0
       0
       0
       0
       0
       0
       0
       0
       0
       0
       0
       1
       0
       0
       0
       0
       0
       0
       0
       0
       0
       2
       1
       0
       0
       0
       0
       0
       0
       0
       0
       0
       1
       0
       0
       0
       0
       0
       0
       0
       1
       0
       0
       0
       1
       1
       0
       0
       0
       1
       2
       1
       0
       1
       1
       0
       1
       0
       0
       0
       1
       0
       0
       1
       1
       0
       1
       0
       0
       1
       0
       0
       1
       1
       0
       0
       0
       0
       0
       0
       0
       0
       0
       0
       0
       1
       1
       1
       0
       0
       0
       1
       0
       1
       0
       0
       0
       0
       0
       0
       0
       0
       0
       0
       1
       0
       0
       0
       0
       0
       0
       0
       0
       0
       0
       0
       0
       1
       0
       0
       1
       0
       0
       0
       0
       0
       0
       1
       2
       0
       0
       0
       0
       0
       1
       0
       1
       0
       0
       0
       0
       0
       0
       0
       0
       0
       0
       0
       1
       0
       0
       0
       0
       0
       0
       0
       0
       1
       1
       0
       0
       0
       0
       1
       0
       0
       0
       0
       0
       0
       0
       0
       0
       1
       0
       0
       1
       0
       0
       0
       0
       0
       0
       1
       1
       0
       0
       0
       1
       0
       1
       0
       0
       1
       1
       0
       0
       0
       0
       1
       0
       0
       0
       0
       0
       0
       0
       0
       0
       0
       0
       0
       0
       0
       1
       3
       1
       1
       0
       0
       0
       0
       0
       0
       0
       0
       0
       0
       0
       0
       0
       0
       0
       0
       0
       0
       0
       0
       0
       1
       1
       0
       1
       0
       0
       0
       1
       0
       0
       0
       1
       1
       0
       0
       1
       0
       0
       0
       1
       0
       0
       0
       0
       0
       0
       0
       0
       0
       0
       0
       0
       1
       0
       1
       1
       1
       0
       0
       0
       0
       0
       0
       1
       0
       0
       1
       0
       0
       1
       0
       0
       0
       0
       1
       1
       0
       0
       0
       0
       0
       0
       1
       1
       0
       0
       0
       2
       0
       0
       0
       0
       0
       0
       0
       0
       0
       0
       0
       0
       0
       0
       0
       0
       0
       0
       0
       0
       0
       1
       0
       1
       0
       0
       1
       0
       0
       0
       0
       1
       1
       0
       0
       0
       0
       0
       1
       1
       2
       0
       0
       1
       1
       0
       0
       0
       1
       0
       3
       2
       2
       2
       1
       2
       1
       4
       3
       2
       1
       1
       0
       3
       0
       0
       0
       0
       0
       0
       0
       0
       1
       0
       0
       0
       1
       1
       0
       1
       0
       1
       0
       2
       1
       0
       0
       1
       0
       0
       0
       0
       0
       0
       0
       1
       1
       0
       0
       0
       0
       0
       0
       0
       0
       0
       0
       0
       0
       0
       0
       0
       0
       0
       0
       0
       0
       0
       0
       0
       0
       0
       0
       0
       0
       0
       1
       0
       0
       0
       0
       0
       0
       1
       1
       0
       0
       0
       0
       0
       0
       0
       0
       0
       1
       0
       0
       0
       0
       1
       0
       0
       0
       0
       0
       0
       0
       0
       0
       0
       0
       0
       0
       0
       0
       0
       0
       0
       0
       0
       1
       1
       0
       0
       0
       1
       0
       0
       0
       0
       0
       1
       0
       1
       1
       0
       0
       0
       0
       0
       0
       0
       0
       1
       0
       0
       0
       0
       0
       0
       0
       0
       0
       0
       0
       0
       0
       0
       0
       0
       1
       0
       0
       0
       0
       0
       0
       0
       0
       0
       0
       1
       0
       1
       0
       0
       0
       0
       0
       0
       0
       0
       1
       0
       1
       0
       0
       0
       0
       0
       0
       0
       0
       0
       0
       0
       0
       0
       0
       0
       0
       1
       0
       0
       0
       0
       0
       0
       0
       0
       0
       0
       0
       0
       0
       0
       0
       0
       0
       0
       0
       0
       0
       0
       0
       0
       1
       0
       0
       0
       0
       0
       0
       0
       0
       0
       0
       1
       0
       1
       1
       0
       0
       0
       0
       0
       0
       0
       1
       1
       1
       1
       0
       0
       0
       0
       0
       0
       0
       1
       0
       0
       0
       0
       1
       0
       0
       0
       0
       0
       0
       1
       0
       0
       0
       0
       0
       0
       0
       1
       0
       0
       0
       0
       0
       0
       0
       0
       0
       0
       0
       0
       0
       0
       0
       0
       0
       0
       0
       0
       0
       0
       0
       0
       0
       0
       0
       0
       0
       0
       0
       0
       0
       0
       0
       0
       0
       0
       0
       0
       0
       0
       0
       1
       0
       0
       0
       0
       0
       0
       1
       0
       0
       0
       0
       1
       1
       0
       0
       0
       0
       0
       0
       0
       1
       0
       0
       0
       1
       0
       0
       0
       0
       0
       0
       0
       2
       0
       0
       0
       0
       0
       0
       0
       0
       0
       1
       0
       0
       0
       0
       0
       0
       0
       0
       0
       0
       1
       0
       0
       0
       0
       0
       2
       0
       0
       0
       0
       0
       0
       1
       0
       0
       0
       0
       0
       0
       0
       0
       0
       0
       0
       1
       0
       0
       0
       0
       1
       0
       0
       0
       0
       0
       0
       0
       0
       0
       0
       0
       0
       0
       1
       0
       0
       1
       0
       0
       0
       1
       0
       0
       0
       0
       0
       0
       0
       2
       0
       0
       0
       0
       0
       0
       0
       0
       0
       0
       0
       0
       0
       0
       0
       0
       0
       0
       0
       0
       0
       0
       1
       0
       0
       0
       0
       0
       0
       0
       1
       1
       0
       0
       1
       0
       0
       0
       0
       1
       0
       0
       0
       0
       0
       0
       0
       0
       0
       0
       0
       1
       0
       0
       0
       0
       0
       0
       0
       0
       0
       1
       0
       0
       0
       0
       0
       0
       0
       0
       0
       0
       0
       0
       0
       0
       0
       0
       0
       0
       0
       0
       0
       1
       0
       0
       1
       0
       1
       0
       0
       1
       0
       0
       0
       0
       0
       1
       1
       0
       0
       0
       0
       0
       0
       1
       0
       0
       0
       0
       0
       0
       0
       1
       0
       1
       0
       0
       0
       0
       0
       0
       0
       0
       0
       0
       1
       0
       0
       0
       0
       0
       0
       1
       0
       0
       0
       0
       0
       0
       0
       1
       0
       0
       1
       0
       2
       0
       0
       1
       0
       0
       0
       0
       0
       0
       0
       0
       0
       0
       0
       0
       0
       0
       0
       1
       0
       0
       0
       0
       0
       0
       0
       0
       0
       0
       0
       0
       0
       0
       0
       0
       0
       0
       0
       0
       0
       2
       0
       0
       0
       0
       0
       1
       0
       0
       0
       0
       1
       0
       0
       0
       0
       0
       0
       0
       0
       0
       1
       0
       0
       0
       0
       0
       0
       0
       0
       0
       0
       0
       0
       0
       0
       0
       0
       0
       0
       0
       0
       0
       0
       0
       0
       0
       0
       0
       0
       0
       0
       1
       0
       0
       0
       0
       0
       0
       0
       0
       0
       0
       0
       0
       0
       0
       0
       0
       0
       0
       0
       0
       0
       0
       0
       0
       0
       0
       0
       0
       0
       0
       0
       0
       0
       0
       0
       0
       0
       0
       0
       0
       0
       0
       1
       0
       0
       0
       1
       0
       0
       1
       0
       0
       0
       0
       0
       1
       0
       0
       0
       2
       0
       0
       0
       0
       0
       0
       0
       0
       0
       0
       0
       0
       0
       0
       1
       0
       0
       0
       0
       0
       0
       0
       0
       0
       0
       0
       0
       2
       1
       0
       0
       0
       0
       0
       0
       0
       0
       1
       0
       0
       0
       0
       0
       0
       0
       0
       0
       1
       0
       0
       0
       0
       0
       1
       0
       0
       0
       1
       0
       0
       0
       0
       0
       0
       1
       0
       0
       0
       0
       0
       1
       0
       0
       0
       0
       0
       0
       1
       0
       1
       0
       0
       0
       0
       1
       0
       0
       0
       0
       0
       1
       0
       0
       0
       0
       0
       0
       1
       1
       0
       0
       0
       0
       0
       0
       0
       0
       0
       0
       0
       0
       0
       1
       0
       0
       0
       0
       0
       0
       0
       0
       0
       0
       0
       0
       0
       0
       0
       0
       0
       0
       0
       0
       0
       0
       0
       0
       0
       0
       2
       0
       0
       0
       0
       0
       1
       0
       0
       0
       0
       0
       0
       0
       1
       0
       0
       0
       0
       1
       0
       0
       1
       0
       0
       1
       0
       0
       0
       0
       0
       0
       0
       1
       1
       0
       0
       2
       0
       1
       0
       0
       0
       0
       0
       1
       0
       0
       0
       0
       0
       0
       0
       1
       0
       0
       0
       0
       0
       0
       0
       1
       0
       0
       0
       0
       0
       0
       0
       0
       0
       1
       0
       0
       0
       1
       0
       0
       1
       0
       0
       1
       0
       0
       0
       0
       0
       0
       0
       0
       0
       0
       0
       0
       0
       1
       0
       0
       0
       0
       1
       0
       0
       0
       0
       0
       0
       0
       0
       0
       0
       0
       0
       0
       0
       1
       0
       0
       0
       0
       0
       0
       0
       0
       0
       1
       0
       0
       0
       0
       0
       0
       0
       0
       0
       1
       0
       0
       0
       0
       0
       0
       0
       0
       0
       1
       1
       0
       0
       0
       0
       0
       0
       1
       0
       0
       0
       0
       0
       0
       0
       0
       0
       0
       1
       0
       0
       0
       0
       0
       0
       0
       0
       0
       0
       1
       0
       0
       0
       0
       1
       0
       1
       0
       0
       1
       0
       0
       0
       0
       0
       0
       1
       0
       0
       0
       1
       0
       0
       0
       0
       0
       0
       0
       0
       0
       0
       0
       0
       0
       0
       0
       0
       0
       0
       1
       0
       0
       0
       0
       0
       1
       0
       0
       0
       0
       0
       0
       0
       1
       2
       0
       0
       0
       0
       0
       0
       0
       1
       1
       0
       0
       0
       1
       0
       0
       0
       1
       0
       0
       0
       0
       0
       0
       0
       0
       0
       1
       0
       0
       0
       0
       0
       0
       0
       0
       0
       0
       0
       1
       0
       0
       1
       0
       0
       0
       0
       0
       0
       0
       1
       0
       0
       0
       0
       0
       0
       0
       0
       0
       0
       0
       1
       0
       0
       0
       0
       0
       0
       0
       1
       0
       0
       0
       0
       0
       0
       1
       0
       0
       0
       0
       0
       1
       0
       1
       0
       0
       0
       1
       1
       0
       0
       2
       0
       0
       0
       0
       0
       0
       1
       0
       0
       0
       1
       1
       0
       0
       0
       0
       1
       0
       0
       0
       0
       1
       0
       0
       0
       0
       0
       0
       0
       1
       0
       0
       0
       1
       0
       0
       0
       0
       0
       0
       0
       1
       0
       1
       0
       0
       0
       0
       0
       0
       0
       0
       0
       1
       0
       0
       0
       1
       0
       0
       0
       0
       1
       0
       0
       0
       0
       0
       0
       0
       0
       0
       0
       0
       0
       0
       0
       0
       1
       0
       1
       1
       0
       0
       0
       0
       0
       0
       0
       1
       0
       0
       0
       0
       0
       0
       1
       0
       0
       1
       0
       0
       0
       1
       0
       0
       0
       0
       1
       0
       0
       0
       0
       0
       0
       0
       0
       0
       0
       0
       0
       0
       1
       0
       1
       0
       0
       0
       0
       0
       0
       0
       1
       0
       0
       0
       0
       1
       1
       0
       0
       0
       0
       1
       0
       0
       0
       0
       1
       0
       0
       1
       0
       0
       0
       0
       0
       0
       0
       1
       0
       0
       0
       0
       0
       0
       0
       0
       0
       1
       0
       0
       0
       1
       0
       0
       0
       0
       0
       0
       0
       0
       0
       0
       1
       0
       0
       0
       0
       0
       0
       0
       0
       1
       0
       0
       0
       0
       0
       1
       0
       0
       1
       0
       0
       0
       1
       0
       0
       0
       0
       0
       0
       0
       0
       0
       0
       0
       1
       0
       0
       0
       0
       0
       0
       0
       0
       0
       0
       0
       0
       0
       0
       0
       0
       0
       0
       0
       0
       0
       0
       0
       0
       0
       1
       0
       0
       0
       0
       0
       0
       0
       0
       0
       0
       1
       0
       0
       0
       0
       0
       0
       0
       0
       0
       0
       0
       0
       0
       0
       0
       0
       0
       0
       0
       0
       0
       0
       0
       0
       0
       0
       1
       0
       0
       0
       0
       0
       0
       0
       0
       0
       0
       0
       0
       0
       0
       0
       0
       0
       0
       0
       0
       0
       0
       0
       0
       0
       0
       1
       1
       0
       0
       1
       0
       0
       0
       0
       0
       0
       0
       0
       0
       0
       0
       0
       0
       0
       0
       0
       0
       0
       0
       0
       0
       0
       1
       1
       0
       0
       0
       1
       0
       0
       0
       0
       0
       0
       1
       0
       0
       0
       0
       0
       0
       0
       0
       0
       0
       1
       0
       0
       0
       0
       1
       0
       0
       0
       0
       0
       0
       0
       1
       0
       0
       0
       0
       0
       0
       0
       0
       1
       0
       1
       0
       0
       2
       0
       0
       0
       0
       0
       0
       0
       1
       0
       0
       0
       0
       0
       0
       0
       0
       0
       0
       1
       1
       0
       0
       0
       0
       0
       0
       0
       0
       0
       0
       0
       0
       0
       1
       0
       0
       0
       0
       0
       0
       0
       0
       0
       2
       0
       0
       0
       0
       0
       0
       0
       0
       0
       0
       0
       0
       0
       0
       0
       0
       0
       1
       1
       0
       0
       0
       0
       0
       1
       0
       0
       0
       1
       0
       0
       0
       0
       0
       0
       0
       0
       0
       2
       0
       0
       1
       0
       1
       0
       0
       0
       1
       1
       0
       0
       0
       0
       0
       0
       0
       0
       0
       0
       1
       0
       1
       0
       0
       0
       0
       0
       0
       0
       0
       0
       0
       1
       0
       0
       0
       0
       0
       0
       0
       0
       0
       0
       1
       0
       0
       0
       0
       0
       0
       1
       0
       0
       1
       0
       0
       0
       0
       0
       1
       0
       0
       0
       0
       0
       0
       0
       0
       0
       0
       0
       0
       0
       0
       0
       0
       0
       0
       0
       0
       0
       0
       1
       0
       0
       0
       0
       0
       0
       1
       0
       0
       0
       1
       0
       1
       0
       0
       0
       0
       0
       0
       0
       0
       1
       0
       0
       0
       0
       0
       0
       0
       0
       0
       0
       0
       0
       0
       0
       0
       0
       1
       0
       0
       0
       1
       0
       0
       0
       0
       0
       0
       0
       0
       0
       0
       0
       0
       1
       0
       0
       0
       0
       0
       0
       1
       0
       0
       0
       0
       0
       0
       0
       0
       0
       0
       0
       0
       0
       0
       0
       0
       0
       0
       0
       0
       0
       0
       0
       0
       0
       1
       0
       0
       0
       0
       0
       0
       0
       0
       0
       0
       0
       0
       0
       0
       0
       0
       0
       0
       0
       0
       0
       0
       0
       0
       0
       1
       0
       0
       0
       0
       0
       0
       0
       0
       0
       0
       1
       0
       0
       0
       0
       0
       0
       0
       0
       0
       0
       0
       0
       0
       0
       0
       0
       0
       0
       1
       0
       0
       0
       0
       1
       0
       0
       1
       0
       0
       0
       0
       0
       0
       0
       0
       0
       0
       0
       0
       0
       0
       0
       0
       0
       1
       0
       1
       0
       0
       1
       1
       0
       0
       0
       1
       0
       0
       0
       0
       1
       0
       0
       0
       0
       1
       0
       0
       0
       1
       0
       1
       0
       1
       0
       0
       0
       1
       0
       1
       0
       0
       0
       0
       0
       0
       0
       0
       0
       0
       0
       0
       0
       1
       0
       0
       0
       0
       0
       0
       0
       0
       0
       0
       0
       1
       0
       0
       0
       0
       0
       0
       0
       0
       0
       0
       0
       0
       0
       0
       0
       0
       0
       1
       0
       0
       0
       0
       0
       0
       0
       0
       0
       0
       0
       0
       0
       0
       0
       0
       0
       0
       1
       0
       0
       0
       0
       0
       0
       0
       0
       0
       0
       0
       0
       1
       0
       0
       0
       0
       0
       0
       0
       0
       1
       0
       0
       0
       0
       0
       1
       0
       0
       0
       0
       0
       0
       0
       0
       0
       0
       0
       0
       1
       0
       0
       1
       0
       0
       0
       0
       0
       0
       0
       1
       0
       0
       0
       0
       0
       0
       1
       0
       0
       0
       0
       0
       0
       0
       0
       0
       0
       0
       0
       0
       0
       0
       0
       0
       0
       0
       0
       0
       0
       0
       0
       0
       0
       0
       0
       0
       0
       0
       0
       0
       0
       0
       0
       0
       0
       1
       0
       0
       0
       0
       0
       0
       0
       0
       0
       0
       0
       1
       0
       0
       0
       1
       0
       0
       0
       0
       0
       0
       0
       0
       0
       0
       0
       1
       0
       0
       0
       0
       0
       0
       0
       0
       0
       0
       0
       0
       0
       0
       0
       0
       1
       0
       0
       0
       0
       0
       0
       0
       1
       0
       0
       0
       0
       0
       0
       0
       0
       0
       0
       0
       0
       0
       1
       0
       0
       0
       1
       0
       0
       0
       0
       0
       1
       0
       0
       1
       0
       0
       0
       0
       0
       2
       0
       0
       1
       1
       0
       0
       0
       0
       0
       0
       0
       0
       0
       0
       0
       0
       0
       0
       0
       0
       0
       0
       0
       0
       0
       0
       0
       0
       0
       0
       0
       0
       0
       0
       0
       0
       0
       0
       0
       0
       0
       0
       0
       0
       0
       0
       0
       0
       0
       0
       0
       0
       0
       0
       0
       0
       0
       0
       0
       0
       0
       0
       0
       0
       0
       0
       0
       0
       0
       0
       0
       0
       1
       0
       0
       0
       0
       0
       0
       0
       0
       1
       0
       0
       0
       0
       0
       0
       0
       0
       0
       0
       0
       0
       0
       0
       0
       0
       0
       0
       0
       0
       0
       0
       0
       0
       0
       0
       0
       0
       0
       0
       0
       0
       0
       0
       0
       0
       0
       0
       0
       0
       0
       0
       0
       1
       0
       0
       0
       0
       0
       0
       0
       0
       1
       0
       0
       0
       0
       0
       0
       0
       0
       0
       0
       0
       0
       0
       0
       0
       0
       0
       0
       1
       0
       0
       1
       0
       0
       0
       0
       0
       0
       0
       1
       0
       0
       0
       0
       0
       0
       0
       0
       0
       0
       0
       0
       0
       0
       0
       1
       0
       1
       0
       0
       0
       0
       0
       0
       0
       0
       0
       0
       0
       1
       0
       0
       1
       0
       0
       0
       0
       0
       0
       0
       0
       0
       0
       0
       0
       0
       0
       0
       0
       0
       0
       0
       0
       0
       0
       0
       0
       0
       0
       0
       0
       0
       0
       0
       1
       1
       0
       0
       0
       0
       0
       0
       0
       0
       0
       0
       0
       0
       0
       0
       0
       0
       0
       0
       0
       0
       0
       0
       0
       0
       0
       0
       0
       0
       0
       0
       0
       0
       0
       0
       0
       0
       0
       0
       0
       0
       0
       0
       0
       0
       0
       0
       0
       0
       0
       0
       0
       0
       0
       0
       0
       1
       0
       0
       0
       0
       0
       0
       0
       0
       0
       0
       0
       0
       0
       1
       0
       0
       0
       0
       0
       0
       0
       0
       0
       0
       0
       0
       0
       0
       0
       0
       0
       1
       0
       0
       0
       0
       0
       0
       0
       1
       0
       0
       0
       0
       0
       0
       0
       0
       0
       0
       0
       1
       0
       0
       0
       0
       0
       0
       0
       0
       0
       0
       0
       0
       0
       1
       0
       0
       0
       0
       0
       0
       0
       0
       0
       0
       1
       0
       0
       0
       0
       0
       0
       0
       0
       0
       0
       0
       0
       0
       0
       0
       0
       0
       0
       0
       0
       0
       1
       0
       0
       0
       0
       0
       0
       0
       0
       0
       0
       1
       0
       0
       0
       0
       0
       0
       0
       0
       0
       0
       0
       0
       0
       0
       0
       0
       0
       0
       0
       0
       0
       0
       0
       1
       0
       0
       0
       0
       1
       0
       0
       0
       0
       1
       0
       0
       0
       0
       0
       0
       0
       1
       0
       0
       0
       0
       0
       0
       0
       0
       0
       0
       0
       0
       0
       0
       0
       0
       1
       0
       0
       0
       0
       1
       0
       0
       0
       0
       0
       0
       0
       0
       0
       0
       0
       0
       0
       0
       0
       0
       0
       0
       0
       0
       0
       0
       0
       0
       0
       0
       0
       0
       0
       0
       0
       0
       0
       0
       0
       0
       0
       0
       0
       0
       0
       0
       0
       1
       1
       0
       1
       0
       0
       0
       0
       0
       0
       0
       0
       0
       0
       0
       0
       0
       0
       2
       0
       0
       1
       0
       0
       0
       0
       1
       0
       0
       0
       0
       0
       1
       0
       0
       0
       0
       1
       0
       0
       0
       0
       0
       0
       1
       0
       0
       0
       0
       0
       0
       0
       0
       0
       0
       0
       1
       0
       0
       0
       0
       0
       0
       0
       0
       0
       0
       0
       0
       0
       0
       0
       0
       0
       1
       0
       0
       0
       0
       0
       0
       1
       0
       0
       0
       0
       0
       0
       0
       0
       0
       0
       0
       0
       0
       0
       0
       0
       0
       1
       0
       0
       1
       0
       0
       0
       0
       0
       0
       0
       0
       0
       0
       0
       0
       0
       0
       0
       0
       0
       0
       0
       0
       0
       0
       0
       0
       0
       0
       0
       0
       0
       0
       0
       0
       0
       0
       0
       0
       0
       1
       0
       0
       0
       0
       0
       0
       0
       0
       0
       0
       0
       0
       0
       0
       0
       0
       0
       0
       0
       0
       0
       0
       0
       0
       0
       0
       0
       0
       0
       0
       0
       0
       1
       0
       0
       0
       1
       0
       0
       1
       1
       0
       0
       0
       0
       0
       0
       0
       0
       0
       1
       0
       0
       0
       0
       0
       0
       0
       0
       0
       0
       0
       0
       0
       0
       0
       0
       0
       0
       0
       0
       0
       0
       0
       0
       0
       0
       0
       0
       0
       0
       0
       0
       0
       0
       0
       1
       0
       0
       0
       0
       1
       0
       0
       0
       0
       0
       0
       0
       0
       0
       0
       0
       0
       0
       0
       0
       0
       0
       0
       0
       0
       0
       0
       0
       0
       0
       0
       0
       0
       0
       0
       0
       0
       0
       1
       0
       0
       0
       0
       0
       0
       0
       0
       0
       0
       0
       0
       0
       0
       0
       1
       0
       0
       1
       0
       0
       0
       0
       0
       0
       0
       0
       0
       0
       0
       0
       0
       0
       0
       0
       0
       0
       0
       0
       0
       0
       0
       0
       0
       0
       0
       0
       0
       0
       0
       0
       0
       0
       0
       0
       0
       0
       0
       0
       0
       0
       1
       0
       0
       1
       0
       1
       0
       0
       0
       0
       0
       0
       0
       0
       0
       0
       0
       0
       0
       0
       0
       0
       0
       0
       0
       0
       0
       1
       1
       0
       0
       0
       0
       0
       0
       1
       0
       0
       0
       0
       0
       0
       0
       0
       0
       0
       0
       0
       0
       0
       0
       1
       0
       0
       0
       0
       0
       0
       0
       0
       0
       0
       0
       0
       0
       0
       0
       0
       0
       0
       0
       0
       0
       0
       0
       0
       0
       0
       0
       0
       0
       0
       0
       0
       0
       0
       0
       0
       0
       0
       0
       0
       0
       0
       0
       0
       0
       0
       0
       0
       0
       0
       0
       0
       0
       0
       0
       0
       1
       0
       0
       0
       0
       0
       0
       0
       0
       0
       0
       0
       0
       0
       0
       0
       0
       0
       0
       0
       0
       0
       0
       0
       0
       0
       0
       0
       0
       1
       1
       0
       1
       0
       0
       0
       0
       0
       0
       0
       0
       0
       0
       0
       0
       0
       0
       0
       0
       0
       0
       0
       0
       1
       0
       0
       0
       0
       0
       0
       0
       0
       0
       0
       0
       0
       0
       0
       2
       0
       0
       0
       0
       0
       0
       0
       0
       0
       0
       0
       0
       1
       0
       0
       0
       0
       0
       0
       0
       0
       0
       0
       0
       0
       0
       0
       0
       0
       0
       0
       0
       0
       0
       0
       0
       0
       0
       0
       0
       0
       0
       0
       0
       0
       0
       1
       1
$ROI:
0
$PRESETS:
Live Time
3600
0
$ENER_FIT:
0.137869 0.366631
$MCA_CAL:
3
1.378689E-001 3.666307E-001 -4.415950E-008 keV
$SHAPE_CAL:
3
2.301834E+000 9.195991E-004 -5.357180E-008
