$SPEC_ID:
No sample description was entered.
$SPEC_REM:
DET# 1
DETDESC# HPGe Detector 1
AP# GammaVision Version 6.07
$DATE_MEA:
10/28/2015 08:28:34
$MEAS_TIM:
3600 3742
$DATA:
0 8191
       0
       0
       0
       0
    2012
    2123
    1153
     858
     793
     749
     797
     815
     909
     959
    1031
     996
    1106
    1173
    1266
    1371
    1406
    1512
    1529
    1479
    1575
    1517
    1499
    1463
    1464
    1338
    1272
    1205
    1126
     920
     793
     683
     728
     779
     892
     910
     663
     480
     466
     501
     530
     561
     620
     752
     715
     588
     497
     509
     504
     527
     504
     558
     662
     664
     643
     625
     626
     606
     635
     876
    2597
    6080
    6274
    2875
     934
     661
     926
    1683
    1980
    2042
    2373
    1913
    1151
     828
     719
     729
     737
     776
     783
     842
     872
     907
     880
     927
    1022
    1196
    1473
    1434
    1313
    1385
    1396
    1388
    1519
    1701
    1748
    1948
    2116
    2223
    2420
    2634
    2813
    3101
    3228
    3606
    3882
    4144
    4311
    4708
    5093
    5594
    6233
    6769
    7478
    8390
    9114
    9752
    9924
   10655
   11439
   12171
   13384
   14439
   15786
   17738
   19725
   23046
   27210
   32264
   38091
   44178
   48631
   52769
   52516
   49335
   46058
   44177
   42814
   44153
   46551
   48318
   50152
   50432
   50101
   50034
   49176
   47908
   46781
   45141
   44107
   42280
   39734
   35054
   28138
   21275
   16377
   17493
   67981
  342342
  729938
  587533
  174832
   19392
     931
     215
     218
     196
     177
     207
     243
     242
     193
     224
     221
     228
     186
     209
     206
     201
     244
     238
     264
     240
     282
     263
     295
     318
     340
     332
     362
     351
     357
     400
     412
     495
     546
     540
     577
     533
     578
     678
     746
     760
     654
     706
     659
     603
     625
     620
     629
     628
     640
     528
     573
     514
     515
     541
     479
     501
     469
     432
     437
     460
     425
     445
     465
     496
     475
     580
     518
     472
     429
     452
     507
     522
     548
     521
     505
     516
     473
     519
     510
     510
     518
     557
     519
     524
     552
     531
     575
     559
     559
     550
     571
     604
     596
     578
     603
     578
     640
     688
     771
     827
     661
     889
    1801
    3907
    4123
    2045
     720
     500
     626
     837
     778
     642
     755
    2069
    4619
    4492
    1996
     450
     200
     189
     175
     204
     189
     212
     230
     226
     208
     203
     188
     205
     202
     198
     219
     196
     222
     208
     219
     209
     226
     214
     209
     255
     327
     307
     337
     375
     350
     284
     224
     204
     223
     215
     231
     265
     277
     266
     250
     263
     334
     326
     264
     243
     229
     208
     208
     201
     200
     271
     496
     709
     554
     298
     219
     389
    1133
    1967
    1765
     789
     200
      91
      98
      81
      93
     127
      85
      95
     102
      96
      86
     101
      99
      97
      88
      77
      93
      88
      88
      92
     108
      92
      91
      92
      81
      85
      83
      92
      87
      96
      82
      90
      98
      91
      98
     103
     109
      92
     112
     112
      91
      91
      84
      90
      77
     104
     108
      93
      86
     105
      99
     100
     116
     132
     242
     405
     346
     190
     118
      96
      76
      81
      87
      94
     105
     163
     123
     118
      85
     102
      85
      98
      87
      80
      74
      79
      88
      88
      76
      86
      82
      97
      85
      86
     109
      75
      85
      98
      95
      89
      84
      94
      97
      87
      84
      76
      87
      82
      95
      90
      95
      99
      90
      83
     161
     141
     114
      97
     111
      89
      82
      89
      69
      72
      90
      84
     104
     181
     259
     197
     117
      88
      58
      76
      82
      72
      76
      70
      68
      71
      71
      77
      73
     109
     100
      80
      60
      80
      66
      70
      88
      83
      78
      73
      70
      67
      73
      58
      87
      89
      68
      63
      75
      71
      80
      62
      70
      55
      72
      73
      86
      67
      70
      80
      69
      70
      66
      65
      71
      62
      60
      89
      61
      63
      71
      70
      77
      68
      78
      75
      70
      68
      72
      59
      56
      68
      70
      65
      58
      57
      63
      67
      63
      55
      66
      68
      74
      66
      53
      58
      63
      65
      69
      64
      54
      65
      41
      66
      67
      71
      53
      73
      55
      70
      62
      68
      52
      52
      61
      59
      98
     299
     728
     838
     519
     183
      59
      51
      35
      31
      44
      39
      39
      38
      35
      50
      37
      61
      47
      41
      47
      39
      46
      44
      37
      31
      37
      45
      49
      40
      34
      42
      38
      28
      24
      41
      48
      36
      47
      79
      91
      58
      46
      38
      39
      38
      46
      34
      40
      44
      35
      38
      38
      49
      44
      41
      42
      44
      34
      31
      37
      41
      32
      34
      35
      32
      47
      36
      37
      42
      33
      40
      43
      34
      39
      34
      50
      41
      41
      36
      47
      31
      40
      36
      34
      40
      44
      29
      43
      41
      28
      31
      36
      27
      51
      29
      28
      36
      31
      26
      32
      35
      34
      35
      33
      27
      26
      40
      37
      22
      29
      35
      47
      31
      34
      26
      40
      30
      33
      33
      36
      37
      35
      32
      30
      36
      28
      42
      31
      33
      28
      26
      33
      20
      34
      24
      37
      31
      29
      35
      18
      30
      42
      29
      28
      26
      44
      23
      30
      27
      35
      23
      38
      27
      40
      28
      30
      39
      41
      38
      32
      27
      21
      27
      50
      59
      45
      34
      35
      32
      31
      29
      26
      29
      25
      36
      28
      26
      26
      30
      20
      21
      32
      25
      36
      25
      32
      28
      37
      37
      37
      28
      32
      30
      35
      25
      27
      30
      37
      23
      20
      18
      28
      29
      34
      19
      21
      32
      33
      28
      24
      25
      22
      23
      23
      31
      19
      27
      30
      20
      31
      21
      34
      31
      29
      18
      31
      20
      31
      27
      25
      26
      26
      40
      31
      35
      27
      21
      27
      26
      29
      21
      19
      25
      19
      18
      31
      23
      29
      30
      22
      28
      28
      47
      48
      44
      30
      30
      34
      28
      26
      32
      23
      28
      20
      26
      28
      20
      25
      24
      25
      24
      16
      24
      30
      24
      22
      25
      20
      36
      25
      25
      25
      25
      67
     113
     160
     109
      56
      36
      23
      22
      22
      27
      21
      23
      24
      27
      17
      29
      22
      17
      22
      19
      22
      18
      23
      22
      35
      27
      24
      22
      26
      77
     125
     179
     120
      57
      33
      34
      21
      19
      20
      14
      24
      23
      24
      19
      24
      24
      15
      15
      17
      17
      25
      25
      19
      21
      24
      32
      73
     146
     164
     127
      46
      18
      23
      33
     140
     314
     481
     348
     174
      59
      17
       8
      24
      12
      11
      20
      17
      16
      19
      27
      24
      22
      14
       8
       6
      17
      13
      16
      16
      13
      12
      11
      12
      19
      20
      13
      12
      14
      16
      10
      15
      18
      15
      13
       4
      15
      14
      15
       9
      17
      19
      14
       9
      13
       9
      14
       9
      16
      16
      12
      16
      13
      15
      11
      12
      11
       5
      13
      16
       8
      16
      11
      20
      13
      15
      13
      11
      14
      10
      10
      12
       8
      13
      17
      14
      12
      12
       9
      10
       5
      13
      12
      17
      19
      43
      89
     154
     194
     140
      61
      26
      29
      49
      46
      38
      32
      20
       7
      10
       7
       6
      14
       5
       9
      13
      14
      37
      72
     121
     127
      77
      32
      15
      13
      10
      12
       4
       7
       6
       9
      10
       5
       7
       6
       6
      10
      16
      34
      36
      27
      22
      11
      13
       6
      12
       9
       3
       6
       4
      13
      13
       7
       7
       9
       7
      15
      18
      20
       8
       8
      13
      11
      12
       6
       8
       5
       4
       7
      12
      12
      14
       6
       6
      11
       8
       9
       5
      12
      15
      10
      15
       8
       7
       9
       4
      11
      13
      15
       9
      15
       9
      12
      14
       8
       3
      14
      10
      14
      11
      16
       7
      11
       8
       4
       8
       5
       9
       9
       9
       8
      13
       7
      14
      10
      10
      10
      12
      12
       7
       9
      12
       5
       8
       9
       9
      13
      12
      18
      13
      11
      13
      12
      13
      14
      30
      19
      28
      16
      11
      12
       3
      10
       5
      16
       6
      10
       9
       5
       9
      10
      10
      13
      12
      20
      21
      29
      20
       9
       7
       8
      17
       7
      11
      10
       9
       8
      15
       8
       6
       7
      12
      14
       8
       5
       8
       6
      14
      13
       7
       5
       4
      10
      11
       4
       8
       0
       3
       9
       7
       8
      11
      14
      13
       9
       6
       9
      13
       8
      11
      12
      11
      15
       3
       8
       8
       8
       8
      13
       9
       9
      12
       7
      10
       8
       5
      12
       6
       9
       6
      11
       7
      12
       5
       6
      10
       8
       7
       7
      10
      12
      12
      13
      11
       8
      14
       7
       8
       6
       9
      10
      12
       9
       9
      10
       7
      12
       8
      11
       8
       4
       9
       9
       7
       7
      10
      18
       8
      10
      13
      16
       6
       7
       8
      10
      11
       5
      16
      11
       6
      17
       7
       6
      12
      11
       9
      16
      17
      15
       9
       9
      14
       6
      17
      12
      14
      16
      10
      22
      26
      17
      19
      16
      12
      21
      12
      20
      20
      18
      14
      18
      15
      13
      22
      18
      15
       8
      19
      10
      12
      16
       9
      11
       9
      12
       9
       9
       9
       6
      11
      13
      10
      17
      19
       5
      10
       8
       5
       9
       7
       8
       6
       5
       9
       8
       4
      10
       5
       5
       7
       7
       3
       3
       4
       6
       5
       5
      11
       9
       3
       8
      10
       3
       8
       5
       7
      10
      10
       6
       5
       6
       9
       4
       6
       8
       6
       2
       3
       5
       8
       8
      11
       2
      10
       4
      11
       6
       3
       5
       8
       6
      11
      10
      12
      13
      25
      17
      25
      12
      15
      12
      14
       4
      11
       4
       4
       8
       4
       4
       7
       8
       9
       6
       4
       5
       4
       3
       6
       8
       9
       7
       4
       7
       3
       9
       5
       5
       4
       4
       5
       4
       3
       6
       5
      10
       4
       9
       6
       3
       8
       4
       4
       5
       8
       6
       8
      10
       6
       3
       7
       3
       2
       7
       4
       7
       3
       4
       5
       3
       7
       4
       4
       7
       7
       7
       3
       2
       6
       5
       7
       2
       6
       5
       3
       5
       7
       4
       6
       2
       5
       6
       7
       3
       7
       8
       2
       7
       3
       2
       5
       5
       5
       5
       5
       4
       4
       7
       3
       1
       6
       2
       4
       3
       1
       6
       6
       6
       3
       2
       4
       7
       8
       4
       2
       4
       2
       6
       4
       4
       2
       4
       6
       5
       2
       1
       3
       8
       2
       3
       3
       3
       6
       4
       2
       3
       4
       6
       6
       1
       7
       3
       4
       5
       3
       3
       5
       3
       3
       5
       5
       3
       5
       2
       1
       7
       1
       5
       4
       4
       8
       5
       4
       2
       6
       2
       2
       5
       5
       4
       4
       0
       3
       3
       3
       2
       2
       4
       2
       3
       1
       1
       1
       4
       3
       4
       1
       1
       4
       1
       6
       4
       2
       5
       5
       3
       7
       3
       6
       0
       2
       2
       1
       5
       5
       4
       4
       2
       5
       4
       2
       4
       1
       4
       8
       6
       1
       5
       3
       6
       1
       2
       4
       5
       2
       2
       4
       5
       1
       3
       4
       5
       6
       6
       4
       8
       5
       4
       5
       1
       4
       6
       4
       3
       3
       6
       6
       4
       5
       4
       3
       3
       2
       2
       3
       3
       4
       3
       6
       3
       7
       3
       3
       6
       3
       4
       6
       2
       6
       3
       5
       3
       3
       4
       3
       6
       2
       3
       3
       2
       2
       2
       2
       5
       5
       3
       1
       3
       6
       3
      18
      35
      35
      33
      16
       7
       9
       5
       1
       1
       3
       1
       2
       2
       3
       0
       3
       3
       2
       4
       2
       1
       2
       5
       3
       2
       6
       3
       2
       4
       4
       1
       1
       2
       3
       1
       5
       2
       3
       2
       0
       4
       4
       1
       4
       3
       5
       4
       1
       2
       3
       6
       3
       4
       3
       2
       1
       2
       1
       7
       7
       8
       4
      11
       4
       6
       3
       5
       4
       3
       4
       2
       0
       2
       2
       1
       1
       5
       3
       1
       2
       2
       5
       3
       3
       3
       1
       1
       3
       2
       8
       5
       5
      15
      23
      21
      12
       8
       3
       5
       2
       0
       1
       2
       5
       3
       0
       3
       3
       2
       2
       4
       3
       1
       2
       4
       8
      18
      56
     130
     204
     180
     123
      50
      13
       5
       0
       0
       2
       4
       1
       0
       1
       2
       1
       0
       1
       1
       4
       2
       1
       2
       4
       2
       1
       1
       3
       0
       0
       1
       2
       2
       1
       1
       6
       2
       1
       1
       2
       1
       2
       2
       1
       0
       1
       3
       1
       2
       5
       3
       5
       2
       3
       1
       0
       1
       3
       2
       0
       1
       1
       1
       2
       1
       3
       1
       1
       2
       3
       5
       3
      10
      19
      21
       7
       4
       3
       1
       4
       3
       1
       4
       2
       3
       1
       6
       5
       1
       1
       2
       2
       4
       1
       2
       4
       0
       0
       2
       2
       0
       1
       3
       3
       0
       0
       3
       2
       3
       1
       3
       1
       2
       1
       1
       3
       3
       1
       4
       1
       2
       1
       1
       0
       4
       2
       0
       3
       5
       4
       7
       5
       3
       3
       3
       0
       1
       2
       4
       0
       1
       4
       0
       1
       0
       0
       2
       2
       1
       1
       2
       4
       1
       2
       2
       0
       3
       3
       4
       4
       4
      29
      57
      90
     116
      66
      53
      20
      11
       6
       4
       2
       2
       0
       0
       2
       2
       2
       1
       1
       1
       1
       0
       4
       2
       1
       1
       1
       1
       1
       1
       2
       1
       0
       0
       1
       0
       1
       1
       0
       1
       0
       3
       1
       2
       1
       6
       7
       4
       2
       1
       2
       0
       1
       1
       2
       0
       1
       0
       2
       1
       0
       1
       2
       0
       1
       0
       1
       0
       0
       0
       0
       1
       0
       0
       1
       2
       0
       2
       0
       1
       1
       3
       0
       0
       2
       0
       0
       1
       1
       4
       1
       1
       3
       1
       3
       6
       4
       7
       3
       2
       0
       0
       1
       1
       1
       3
       3
       2
       1
       0
       1
       0
       1
       0
       2
       1
       3
       1
       1
       0
       2
       0
       0
       1
       4
       3
       3
       3
       1
       2
       1
       1
       2
       5
       4
       4
       0
       4
       2
       2
       3
       0
       2
       0
       0
       2
       1
       1
       1
       0
       1
       1
       2
       0
       5
       0
       1
       1
       0
       1
       1
       1
       2
       3
       2
       0
       2
       2
       0
       0
       0
       0
       0
       2
       1
       0
       1
       0
       1
       0
       0
       1
       0
       3
       0
       3
       1
       0
       1
       3
       1
       0
       0
       1
       0
       0
       0
       2
       1
       2
       0
       0
       1
       2
       1
       1
       0
       1
       0
       2
       1
       2
       2
       0
       1
       1
       0
       2
       0
       0
       1
       2
       2
       2
       2
       0
       1
       1
       0
       1
       1
       1
       1
       0
       0
       1
       1
       0
       1
       1
       0
       0
       1
       2
       0
       1
       0
       0
       1
       0
       1
       0
       2
       0
       1
       0
       0
       1
       2
       1
       1
       0
       0
       0
       1
       0
       1
       0
       0
       4
       2
       0
       0
       0
       0
       0
       3
       1
       2
       0
       1
       2
       0
       2
       1
       0
       2
       1
       1
       1
       0
       0
       2
       3
       1
       1
       1
       1
       1
       2
       1
       0
       1
       1
       0
       2
       1
       1
       4
       0
       1
       0
       0
       0
       2
       1
       0
       0
       2
       1
       2
       0
       1
       1
       0
       1
       0
       3
       0
       0
       2
       0
       1
       0
       1
       2
       0
       1
       1
       1
       0
       0
       5
       3
       2
       1
       1
       4
       0
       2
       2
       1
       2
       2
       3
       2
       1
       3
       0
       0
       1
       0
       2
       0
       1
       1
       2
       1
       0
       1
       1
       1
       1
       0
       2
       1
       0
       0
       1
       0
       1
       1
       2
       0
       1
       0
       0
       2
       0
       0
       2
       1
       0
       0
       1
       0
       3
       0
       1
       0
       1
       0
       1
       1
       0
       0
       0
       2
       0
       0
       1
       1
       0
       2
       0
       3
       1
       2
       2
       1
       0
       0
       0
       1
       2
       0
       1
       1
       1
       1
       0
       1
       0
       0
       1
       0
       1
       0
       0
       2
       1
       0
       1
       1
       1
       0
       0
       0
       2
       0
       0
       0
       1
       0
       0
       4
       1
       0
       1
       1
       0
       0
       0
       2
       0
       0
       0
       0
       0
       0
       0
       0
       1
       0
       0
       1
       1
       0
       0
       1
       0
       0
       1
       2
       2
       0
       0
       1
       2
       1
       0
       0
       1
       1
       2
       0
       1
       0
       0
       0
       0
       1
       1
       0
       1
       1
       0
       2
       0
       1
       1
       0
       2
       0
       1
       0
       1
       2
       2
       1
       1
       0
       0
       0
       0
       0
       0
       0
       1
       0
       0
       2
       1
       2
       1
       1
       1
       0
       1
       1
       0
       2
       0
       0
       0
       1
       1
       0
       2
       1
       2
       1
       0
       1
       0
       1
       2
       0
       1
       1
       1
       0
       1
       2
       0
       0
       0
       2
       1
       2
       1
       1
       2
       1
       1
       0
       0
       0
       2
       0
       0
       1
       2
       0
       2
       0
       0
       2
       0
       1
       0
       0
       0
       0
       1
       0
       0
       0
       1
       0
       2
       2
       1
       0
       0
       0
       0
       2
       0
       1
       0
       0
       1
       0
       1
       0
       2
       0
       0
       0
       1
       1
       0
       1
       0
       1
       0
       2
       1
       0
       1
       0
       0
       0
       0
       2
       0
       2
       1
       2
       1
       1
       0
       0
       0
       1
       0
       0
       0
       0
       0
       1
       2
       0
       0
       0
       0
       1
       3
       1
       0
       0
       0
       1
       1
       1
       0
       0
       2
       1
       1
       1
       1
       1
       0
       0
       2
       0
       2
       0
       0
       0
       0
       0
       0
       2
       1
       3
       1
       0
       0
       0
       1
       1
       0
       2
       0
       0
       0
       1
       2
       2
       0
       0
       0
       1
       0
       0
       1
       0
       0
       1
       0
       1
       0
       0
       0
       0
       1
       2
       1
       1
       0
       0
       1
       1
       0
       2
       0
       0
       1
       0
       0
       1
       1
       1
       1
       0
       1
       2
       0
       0
       1
       1
       0
       0
       1
       1
       1
       0
       0
       0
       0
       1
       1
       0
       0
       1
       0
       1
       1
       1
       1
       0
       2
       2
       1
       2
       1
       1
       1
       0
       1
       2
       0
       0
       1
       0
       0
       1
       0
       0
       0
       1
       0
       0
       0
       0
       1
       2
       1
       0
       1
       0
       0
       2
       1
       0
       0
       2
       0
       1
       1
       0
       0
       0
       0
       0
       0
       1
       0
       0
       0
       0
       0
       2
       1
       0
       1
       0
       0
       0
       0
       0
       0
       1
       2
       0
       0
       1
       1
       0
       0
       1
       1
       0
       3
       0
       0
       0
       2
       0
       1
       0
       1
       1
       2
       0
       1
       1
       0
       0
       0
       0
       1
       1
       0
       1
       0
       0
       2
       0
       1
       0
       0
       0
       1
       0
       1
       0
       0
       0
       1
       1
       2
       0
       0
       0
       1
       2
       2
       0
       0
       1
       3
       1
       0
       0
       0
       1
       1
       0
       0
       0
       1
       0
       0
       1
       2
       0
       0
       3
       0
       2
       0
       0
       0
       2
       0
       0
       0
       0
       0
       0
       0
       0
       1
       0
       0
       1
       1
       0
       0
       2
       0
       0
       1
       0
       2
       3
       1
       0
       0
       1
       0
       0
       0
       0
       0
       0
       1
       1
       1
       0
       1
       0
       0
       0
       1
       1
       0
       0
       0
       0
       0
       0
       1
       0
       3
       0
       1
       1
       0
       0
       0
       1
       0
       0
       1
       0
       0
       1
       0
       0
       0
       1
       1
       0
       1
       1
       0
       0
       1
       0
       0
       0
       1
       1
       1
       0
       0
       1
       1
       0
       0
       0
       1
       0
       0
       0
       0
       0
       1
       1
       1
       2
       0
       1
       1
       1
       1
       0
       2
       1
       0
       1
       1
       0
       2
       1
       0
       2
       0
       0
       0
       1
       0
       0
       0
       0
       0
       1
       2
       0
       1
       0
       0
       0
       0
       2
       0
       0
       0
       0
       2
       0
       0
       0
       0
       1
       0
       0
       0
       0
       0
       2
       0
       1
       1
       1
       3
       2
       2
       0
       3
       0
       0
       1
       0
       1
       0
       0
       1
       0
       0
       0
       2
       1
       1
       3
       2
       1
       0
       0
       0
       0
       0
       0
       0
       2
       1
       1
       1
       0
       0
       0
       0
       1
       0
       0
       1
       0
       0
       1
       0
       1
       0
       0
       1
       0
       1
       0
       3
       1
       1
       1
       3
       2
       0
       0
       1
       0
       1
       3
       0
       1
       3
       2
       0
       0
       1
       3
       1
       0
       0
       2
       1
       0
       1
       0
       1
       0
       0
       0
       0
       0
       0
       0
       0
       1
       1
       0
       0
       1
       3
       1
       2
       0
       1
       0
       2
       0
       0
       0
       0
       1
       0
       0
       0
       0
       0
       0
       1
       1
       0
       0
       2
       0
       3
       0
       0
       0
       1
       0
       0
       0
       2
       2
       4
       0
       0
       0
       1
       0
       0
       0
       2
       0
       0
       1
       1
       0
       0
       1
       0
       1
       3
       0
       1
       0
       0
       0
       1
       0
       1
       1
       0
       0
       0
       0
       0
       1
       0
       0
       0
       0
       2
       0
       0
       1
       0
       0
       0
       2
       0
       0
       1
       1
       0
       1
       0
       1
       1
       1
       0
       1
       0
       0
       1
       1
       2
       0
       0
       0
       0
       0
       0
       1
       0
       1
       0
       0
       0
       0
       0
       1
       1
       0
       0
       2
       2
       0
       1
       2
       1
       0
       0
       0
       0
       0
       0
       1
       0
       2
       0
       0
       0
       0
       0
       0
       0
       0
       0
       0
       0
       1
       0
       1
       1
       0
       0
       1
       0
       1
       0
       2
       0
       0
       0
       1
       0
       1
       1
       0
       0
       0
       0
       1
       0
       1
       0
       0
       0
       1
       0
       1
       0
       1
       0
       1
       1
       1
       0
       0
       1
       2
       0
       0
       1
       1
       0
       0
       0
       0
       1
       1
       0
       1
       1
       0
       0
       1
       1
       0
       1
       1
       0
       2
       1
       0
       0
       0
       1
       0
       2
       0
       0
       0
       1
       1
       0
       0
       0
       2
       0
       1
       1
       1
       2
       0
       1
       1
       1
       1
       1
       0
       2
       2
       2
       0
       1
       0
       0
       0
       1
       1
       2
       1
       0
       0
       0
       0
       0
       0
       0
       0
       0
       1
       0
       0
       0
       0
       1
       0
       0
       0
       3
       1
       0
       1
       0
       0
       0
       1
       0
       1
       0
       1
       0
       0
       0
       1
       0
       0
       0
       0
       3
       0
       0
       0
       1
       0
       2
       1
       0
       0
       1
       0
       0
       1
       0
       0
       1
       0
       0
       1
       1
       1
       1
       0
       1
       0
       0
       0
       0
       1
       0
       0
       0
       0
       0
       2
       1
       0
       0
       1
       1
       0
       0
       0
       1
       1
       0
       2
       2
       1
       2
       2
       0
       1
       0
       1
       1
       2
       0
       0
       0
       1
       1
       1
       0
       1
       0
       1
       1
       0
       1
       1
       1
       1
       0
       1
       1
       0
       1
       0
       1
       0
       0
       3
       0
       0
       1
       0
       0
       0
       1
       1
       0
       0
       0
       0
       0
       1
       0
       0
       1
       0
       1
       1
       0
       1
       1
       0
       1
       0
       0
       0
       1
       0
       0
       0
       0
       0
       0
       0
       1
       0
       0
       0
       1
       1
       2
       1
       1
       1
       0
       1
       0
       0
       0
       0
       0
       0
       0
       0
       0
       1
       1
       0
       0
       0
       2
       1
       1
       1
       0
       0
       0
       0
       0
       0
       0
       0
       1
       0
       0
       1
       1
       0
       0
       1
       1
       1
       2
       2
       0
       0
       3
       2
       0
       1
       1
       0
       0
       0
       0
       0
       0
       0
       1
       0
       1
       0
       0
       0
       0
       0
       2
       1
       0
       1
       0
       0
       0
       1
       1
       0
       1
       0
       0
       1
       1
       1
       2
       1
       0
       1
       1
       0
       1
       0
       0
       0
       1
       0
       1
       0
       0
       0
       2
       0
       0
       2
       0
       0
       0
       1
       1
       2
       0
       0
       1
       1
       0
       0
       0
       0
       0
       0
       0
       2
       3
       0
       1
       0
       1
       1
       0
       0
       1
       0
       0
       0
       3
       0
       0
       1
       0
       0
       1
       0
       0
       1
       0
       0
       1
       1
       0
       0
       0
       1
       0
       1
       0
       0
       1
       0
       0
       1
       2
       0
       0
       1
       0
       0
       0
       0
       1
       1
       1
       3
       1
       1
       0
       0
       0
       1
       2
       2
       0
       1
       1
       0
       0
       0
       1
       1
       1
       0
       0
       0
       2
       0
       0
       0
       1
       0
       0
       1
       2
       3
       0
       0
       0
       0
       0
       0
       0
       1
       0
       1
       0
       1
       1
       0
       0
       0
       0
       0
       1
       0
       1
       1
       2
       0
       0
       0
       0
       1
       0
       0
       1
       0
       1
       0
       0
       0
       1
       0
       1
       0
       0
       0
       0
       1
       0
       1
       1
       0
       2
       0
       0
       1
       0
       0
       2
       1
       0
       0
       0
       0
       0
       1
       0
       1
       0
       1
       0
       0
       1
       2
       0
       0
       0
       1
       1
       1
       2
       1
       1
       1
       0
       1
       0
       1
       0
       0
       2
       1
       1
       1
       1
       1
       0
       1
       0
       1
       0
       0
       0
       0
       0
       0
       1
       0
       0
       0
       0
       0
       0
       1
       0
       0
       0
       1
       0
       1
       1
       1
       1
       0
       1
       0
       0
       1
       0
       0
       0
       1
       2
       0
       0
       0
       1
       0
       1
       0
       2
       1
       2
       0
       0
       0
       1
       0
       1
       1
       1
       0
       0
       0
       0
       0
       0
       1
       0
       0
       1
       0
       0
       1
       0
       0
       1
       1
       0
       0
       0
       0
       0
       0
       0
       0
       2
       1
       0
       0
       2
       0
       1
       0
       1
       0
       0
       0
       0
       0
       0
       0
       0
       0
       0
       0
       0
       0
       1
       0
       0
       1
       1
       0
       1
       0
       0
       0
       0
       1
       0
       1
       2
       1
       0
       0
       0
       0
       0
       0
       1
       0
       0
       2
       1
       1
       1
       0
       0
       0
       0
       1
       0
       0
       1
       1
       0
       0
       0
       0
       0
       1
       1
       0
       0
       0
       0
       0
       0
       1
       0
       1
       0
       1
       0
       1
       2
       1
       3
       1
       0
       0
       0
       3
       0
       2
       2
       0
       0
       0
       0
       1
       1
       0
       0
       0
       0
       0
       0
       1
       0
       2
       0
       0
       0
       0
       0
       0
       0
       0
       0
       3
       0
       1
       0
       0
       1
       0
       0
       1
       0
       0
       0
       1
       0
       1
       0
       0
       1
       0
       0
       0
       1
       1
       0
       0
       0
       1
       0
       0
       1
       0
       0
       0
       1
       0
       1
       0
       0
       0
       0
       1
       1
       1
       0
       0
       0
       3
       1
       1
       0
       1
       0
       0
       0
       0
       0
       1
       0
       0
       0
       1
       1
       1
       1
       2
       0
       2
       0
       0
       0
       0
       0
       0
       0
       1
       1
       0
       0
       0
       0
       1
       0
       0
       0
       1
       0
       0
       2
       0
       1
       0
       0
       0
       0
       0
       1
       2
       1
       1
       0
       0
       1
       0
       1
       1
       0
       1
       0
       1
       0
       2
       0
       0
       1
       0
       1
       0
       0
       0
       0
       0
       0
       1
       1
       0
       0
       2
       1
       0
       0
       3
       1
       0
       0
       0
       0
       0
       1
       1
       0
       2
       0
       0
       0
       0
       0
       0
       1
       0
       0
       3
       1
       1
       0
       1
       1
       0
       2
       2
       0
       0
       0
       0
       2
       1
       1
       2
       1
       0
       0
       0
       2
       0
       0
       0
       0
       0
       1
       0
       0
       0
       1
       1
       0
       0
       0
       0
       0
       0
       1
       0
       1
       0
       0
       2
       0
       0
       1
       1
       0
       0
       0
       0
       0
       1
       0
       0
       0
       2
       0
       0
       0
       0
       0
       0
       0
       2
       1
       0
       1
       0
       0
       0
       0
       0
       2
       0
       0
       1
       0
       0
       1
       0
       1
       1
       0
       1
       1
       0
       0
       0
       0
       1
       0
       1
       0
       0
       0
       1
       0
       1
       1
       0
       2
       0
       2
       0
       2
       0
       0
       0
       1
       1
       0
       3
       0
       0
       0
       0
       0
       0
       1
       1
       1
       0
       0
       0
       0
       0
       0
       0
       0
       0
       0
       0
       0
       0
       1
       1
       0
       1
       1
       2
       1
       0
       0
       1
       1
       2
       1
       1
       0
       0
       0
       0
       0
       0
       0
       0
       0
       2
       0
       2
       2
       0
       0
       1
       0
       1
       0
       0
       0
       0
       1
       1
       0
       1
       1
       0
       3
       0
       1
       2
       0
       0
       0
       1
       0
       1
       1
       0
       0
       0
       1
       0
       0
       1
       0
       0
       0
       2
       0
       1
       0
       1
       0
       0
       0
       0
       0
       0
       0
       0
       0
       2
       1
       0
       1
       0
       0
       1
       0
       1
       0
       0
       0
       1
       0
       0
       0
       1
       0
       1
       0
       0
       0
       0
       0
       2
       0
       1
       0
       1
       1
       0
       0
       0
       1
       1
       0
       0
       0
       1
       0
       0
       1
       0
       0
       0
       0
       0
       0
       0
       1
       0
       1
       1
       1
       1
       0
       0
       0
       2
       0
       0
       1
       1
       0
       0
       0
       0
       0
       1
       0
       0
       0
       0
       0
       0
       0
       1
       0
       0
       2
       0
       0
       0
       0
       0
       1
       0
       0
       0
       0
       1
       0
       0
       0
       0
       0
       0
       0
       1
       0
       0
       0
       0
       0
       1
       0
       0
       0
       0
       0
       0
       1
       0
       0
       1
       0
       0
       0
       0
       0
       1
       0
       0
       0
       0
       1
       0
       0
       0
       1
       0
       1
       0
       0
       0
       0
       0
       0
       0
       0
       0
       0
       1
       0
       1
       0
       0
       0
       0
       0
       0
       1
       0
       0
       0
       2
       0
       0
       1
       1
       0
       0
       0
       0
       0
       0
       0
       0
       0
       0
       0
       1
       0
       0
       0
       0
       1
       0
       0
       1
       0
       0
       0
       0
       0
       1
       0
       0
       0
       1
       0
       0
       0
       0
       1
       0
       0
       0
       1
       0
       1
       0
       0
       0
       0
       0
       0
       0
       0
       0
       2
       0
       0
       0
       1
       0
       0
       0
       0
       0
       0
       0
       0
       0
       0
       0
       0
       1
       0
       0
       0
       0
       0
       1
       1
       0
       0
       0
       0
       0
       0
       0
       0
       0
       0
       0
       0
       0
       0
       1
       1
       0
       0
       1
       0
       1
       0
       0
       0
       0
       0
       1
       0
       1
       1
       0
       1
       0
       0
       0
       2
       0
       0
       0
       0
       0
       1
       0
       0
       1
       0
       0
       0
       1
       0
       0
       0
       0
       0
       0
       1
       0
       0
       0
       0
       0
       0
       1
       0
       0
       0
       1
       1
       1
       1
       0
       0
       0
       0
       0
       0
       0
       0
       0
       1
       1
       1
       0
       1
       0
       0
       0
       0
       0
       0
       0
       0
       0
       1
       0
       1
       1
       0
       0
       0
       0
       1
       0
       0
       1
       1
       0
       0
       0
       0
       0
       0
       1
       0
       1
       0
       1
       0
       2
       1
       0
       2
       1
       0
       0
       0
       0
       0
       0
       0
       0
       0
       0
       0
       0
       0
       1
       0
       0
       0
       0
       0
       0
       0
       0
       0
       1
       0
       0
       0
       1
       0
       0
       0
       0
       1
       0
       0
       0
       0
       0
       0
       1
       1
       1
       0
       0
       0
       1
       0
       0
       0
       0
       1
       0
       0
       0
       0
       0
       0
       0
       0
       0
       0
       1
       0
       0
       0
       0
       1
       0
       0
       0
       0
       0
       1
       0
       0
       0
       0
       1
       2
       1
       0
       0
       0
       0
       0
       0
       0
       0
       0
       0
       0
       0
       0
       1
       0
       0
       0
       0
       0
       0
       0
       1
       1
       0
       0
       0
       0
       0
       1
       2
       0
       0
       1
       0
       0
       2
       0
       1
       1
       0
       0
       0
       1
       0
       0
       0
       1
       0
       0
       0
       0
       1
       0
       0
       0
       1
       0
       0
       0
       0
       0
       0
       0
       0
       0
       0
       0
       0
       1
       0
       0
       0
       0
       0
       0
       1
       1
       0
       1
       2
       0
       0
       0
       0
       1
       0
       0
       0
       0
       2
       1
       0
       0
       0
       0
       0
       0
       0
       0
       0
       2
       1
       0
       0
       0
       0
       0
       0
       2
       0
       2
       0
       0
       3
       2
       1
       1
       7
       3
       5
       5
       2
       1
       1
       0
       1
       1
       1
       2
       0
       0
       0
       0
       0
       0
       0
       0
       0
       0
       1
       0
       0
       1
       0
       0
       0
       0
       0
       0
       1
       0
       0
       0
       0
       0
       2
       0
       1
       0
       0
       1
       1
       0
       0
       0
       1
       0
       0
       0
       0
       0
       0
       0
       0
       1
       0
       0
       0
       0
       0
       0
       0
       1
       0
       1
       0
       0
       0
       0
       1
       0
       0
       0
       0
       0
       0
       0
       0
       0
       0
       0
       0
       0
       0
       0
       0
       0
       0
       0
       2
       0
       0
       0
       0
       0
       0
       0
       0
       0
       0
       0
       0
       0
       1
       1
       0
       0
       0
       0
       0
       0
       0
       0
       1
       1
       0
       0
       0
       0
       0
       0
       0
       0
       0
       0
       0
       0
       0
       0
       0
       1
       1
       0
       0
       0
       0
       0
       0
       0
       1
       1
       0
       0
       0
       0
       0
       0
       0
       0
       0
       0
       0
       0
       0
       0
       0
       0
       0
       0
       0
       0
       0
       0
       1
       1
       0
       0
       1
       1
       0
       0
       0
       0
       0
       0
       0
       0
       1
       0
       0
       0
       0
       0
       0
       0
       0
       0
       2
       1
       0
       0
       0
       1
       0
       0
       0
       1
       0
       0
       0
       0
       0
       0
       0
       0
       0
       0
       0
       0
       1
       0
       0
       0
       1
       0
       0
       1
       0
       0
       0
       0
       0
       0
       0
       0
       0
       0
       0
       0
       1
       0
       1
       0
       0
       0
       0
       0
       0
       0
       0
       0
       0
       0
       0
       0
       0
       0
       1
       0
       0
       0
       0
       0
       0
       1
       0
       0
       0
       0
       0
       1
       0
       0
       0
       0
       0
       0
       0
       0
       1
       0
       0
       0
       1
       0
       0
       2
       0
       0
       0
       0
       0
       0
       0
       0
       1
       0
       1
       1
       0
       1
       1
       0
       0
       0
       0
       0
       0
       0
       0
       0
       0
       0
       0
       0
       0
       0
       0
       0
       0
       0
       0
       0
       0
       0
       0
       0
       0
       0
       0
       0
       0
       0
       0
       1
       0
       0
       0
       0
       0
       0
       0
       0
       0
       0
       0
       0
       0
       0
       0
       0
       1
       0
       0
       0
       0
       0
       0
       0
       0
       1
       0
       0
       0
       0
       0
       0
       0
       1
       0
       0
       0
       0
       0
       0
       0
       0
       0
       0
       0
       0
       1
       0
       0
       0
       0
       0
       0
       0
       1
       0
       0
       0
       0
       0
       0
       0
       0
       0
       1
       0
       0
       0
       0
       0
       0
       1
       0
       0
       0
       0
       1
       0
       0
       0
       2
       0
       0
       0
       0
       1
       0
       0
       0
       0
       0
       0
       0
       0
       0
       0
       0
       0
       0
       0
       0
       1
       0
       0
       0
       0
       0
       0
       0
       0
       0
       0
       0
       0
       0
       0
       2
       0
       0
       0
       1
       0
       0
       0
       0
       0
       0
       0
       0
       0
       0
       0
       1
       0
       0
       0
       0
       0
       1
       0
       1
       0
       0
       0
       0
       1
       0
       0
       1
       0
       0
       0
       0
       0
       0
       0
       0
       0
       0
       0
       0
       0
       0
       0
       0
       0
       0
       0
       0
       1
       1
       0
       0
       0
       0
       0
       0
       0
       0
       1
       0
       0
       1
       0
       0
       0
       1
       0
       0
       1
       1
       0
       0
       1
       0
       0
       0
       0
       0
       0
       1
       0
       0
       0
       0
       0
       0
       0
       1
       0
       0
       0
       0
       0
       0
       0
       0
       0
       0
       0
       0
       0
       1
       0
       0
       1
       0
       0
       0
       0
       0
       0
       0
       0
       0
       1
       0
       0
       0
       1
       0
       0
       0
       0
       0
       0
       0
       0
       0
       0
       0
       0
       0
       0
       0
       0
       0
       0
       0
       1
       1
       0
       0
       0
       0
       0
       0
       1
       0
       0
       0
       0
       1
       0
       0
       0
       0
       0
       0
       0
       0
       0
       0
       0
       0
       0
       0
       0
       0
       0
       0
       0
       0
       0
       0
       0
       0
       1
       0
       0
       0
       0
       0
       0
       0
       0
       1
       1
       0
       0
       0
       0
       0
       0
       1
       0
       0
       0
       0
       0
       1
       0
       0
       0
       0
       0
       0
       0
       0
       0
       0
       1
       1
       0
       0
       1
       0
       0
       0
       0
       0
       1
       0
       0
       0
       1
       0
       0
       0
       0
       0
       0
       1
       0
       0
       0
       0
       0
       0
       0
       1
       0
       1
       0
       0
       1
       0
       2
       1
       0
       0
       0
       0
       0
       0
       0
       1
       2
       0
       0
       0
       0
       0
       0
       0
       0
       0
       1
       0
       0
       0
       0
       0
       0
       0
       0
       0
       0
       0
       0
       0
       0
       0
       1
       0
       0
       0
       0
       0
       0
       0
       0
       0
       0
       0
       0
       1
       0
       0
       0
       0
       1
       0
       0
       0
       0
       0
       0
       0
       0
       0
       0
       1
       0
       0
       0
       0
       0
       0
       0
       0
       0
       0
       1
       0
       0
       0
       0
       0
       0
       0
       0
       0
       0
       0
       0
       0
       0
       0
       0
       0
       1
       0
       0
       0
       0
       0
       0
       0
       0
       0
       0
       0
       0
       0
       0
       0
       1
       0
       0
       0
       0
       0
       0
       0
       1
       0
       0
       0
       0
       0
       0
       0
       0
       0
       0
       0
       1
       0
       0
       0
       0
       0
       0
       1
       0
       0
       0
       0
       1
       0
       0
       0
       0
       0
       0
       0
       0
       0
       0
       1
       0
       1
       0
       1
       0
       0
       1
       0
       0
       0
       0
       0
       1
       0
       0
       0
       0
       0
       0
       0
       0
       0
       0
       0
       2
       0
       0
       0
       1
       0
       0
       0
       1
       0
       0
       2
       1
       1
       0
       1
       1
       0
       1
       0
       0
       0
       0
       0
       0
       0
       0
       2
       0
       0
       0
       0
       0
       0
       0
       0
       0
       0
       0
       0
       0
       1
       0
       0
       0
       0
       0
       0
       0
       1
       1
       0
       1
       0
       0
       0
       0
       0
       0
       0
       0
       0
       0
       0
       0
       0
       0
       0
       0
       1
       0
       0
       0
       0
       0
       0
       0
       0
       0
       0
       0
       0
       0
       0
       0
       0
       0
       0
       1
       0
       0
       0
       0
       1
       1
       0
       1
       0
       0
       0
       0
       0
       0
       0
       0
       0
       0
       0
       0
       0
       0
       0
       0
       0
       1
       0
       0
       1
       0
       0
       0
       0
       0
       1
       0
       0
       0
       0
       0
       0
       0
       0
       0
       1
       0
       0
       0
       0
       0
       0
       1
       0
       0
       0
       0
       0
       0
       0
       0
       1
       0
       0
       0
       1
       0
       0
       0
       0
       1
       0
       0
       0
       0
       0
       0
       0
       0
       0
       1
       0
       0
       0
       0
       0
       0
       0
       0
       1
       0
       0
       0
       0
       0
       0
       0
       0
       1
       0
       0
       1
       0
       0
       0
       0
       0
       0
       2
       1
       0
       0
       0
       0
       0
       0
       0
       0
       0
       0
       1
       1
       0
       1
       0
       0
       0
       0
       0
       0
       1
       0
       0
       0
       1
       0
       0
       0
       0
       0
       0
       0
       0
       0
       0
       0
       1
       0
       0
       0
       0
       0
       0
       0
       0
       0
       0
       0
       1
       0
       0
       0
       0
       0
       0
       0
       0
       0
       0
       0
       0
       0
       0
       0
       0
       0
       0
       0
       0
       0
       0
       0
       1
       0
       1
       0
       0
       0
       0
       0
       0
       0
       0
       0
       0
       0
       2
       0
       0
       0
       0
       0
       0
       1
       0
       0
       0
       0
       0
       0
       0
       0
       0
       0
       0
       0
       0
       1
       0
       0
       0
       0
       0
       0
       0
       0
       1
       0
       0
       0
       0
       0
       0
       0
       0
       0
       0
       1
       1
       1
       0
       0
       0
       0
       0
       0
       0
       1
       0
       0
       0
       0
       0
       0
       1
       0
       0
       0
       0
       0
       0
       0
       1
       1
       0
       0
       0
       1
       0
       0
       0
       0
       0
       0
       0
       0
       0
       0
       0
       0
       0
       0
       0
       0
       0
       0
       0
       0
       0
       1
       0
       0
       0
       0
       0
       1
       0
       0
       0
       0
       0
       0
       0
       0
       0
       0
       0
       0
       0
       0
       1
       0
       0
       0
       0
       0
       0
       1
       0
       0
       1
       0
       0
       0
       0
       0
       0
       0
       0
       0
       0
       0
       0
       0
       0
       0
       0
       0
       0
       0
       0
       0
       0
       0
       0
       0
       0
       0
       0
       0
       0
       0
       0
       0
       1
       0
       1
       0
       0
       0
       0
       0
       0
       0
       0
       0
       0
       0
       0
       0
       0
       0
       0
       0
       0
       2
       0
       0
       0
       0
       1
       0
       1
       1
       0
       0
       0
       0
       0
       0
       0
       0
       1
       0
       0
       0
       0
       0
       1
       0
       0
       0
       0
       0
       0
       0
       0
       0
       0
       0
       0
       0
       0
       0
       0
       0
       0
       0
       0
       1
       0
       0
       0
       0
       0
       1
       0
       0
       0
       1
       0
       0
       1
       1
       0
       0
       0
       0
       0
       0
       0
       0
       0
       0
       0
       0
       0
       0
       0
       0
       0
       0
       0
       0
       0
       0
       0
       0
       0
       0
       0
       0
       0
       0
       0
       0
       0
       0
       0
       0
       0
       0
       0
       0
       0
       0
       1
       0
       0
       0
       0
       0
       0
       0
       0
       0
       0
       0
       0
       0
       0
       0
       0
       0
       1
       0
       0
       1
       0
       0
       0
       0
       0
       0
       1
       0
       0
       0
       1
       1
       0
       1
       0
       0
       0
       0
       0
       0
       0
       1
       1
       0
       0
       0
       1
       0
       0
       0
       0
       0
       0
       0
       0
       0
       0
       0
       0
       0
       0
       0
       0
       0
       0
       0
       0
       0
       0
       1
       0
       0
       0
       0
       0
       0
       0
       0
       0
       0
       0
       0
       0
       0
       0
       0
       0
       0
       0
       1
       0
       0
       0
       1
       0
       0
       0
       0
       0
       1
       0
       0
       1
       0
       0
       0
       0
       0
       1
       0
       0
       0
       0
       0
       0
       0
       0
       0
       0
       0
       0
       0
       1
       0
       1
       0
       0
       0
       0
       0
       0
       2
       0
       0
       0
       0
       0
       0
       0
       0
       0
       0
       0
       0
       0
       0
       0
       0
       0
       0
       0
       0
       0
       0
       0
       0
       0
       0
       0
       0
       0
       0
       0
       0
       0
       0
       0
       0
       0
       0
       1
       0
       0
       0
       0
       0
       0
       0
       0
       0
       0
       0
       0
       0
       1
       0
       0
       1
       0
       1
       0
       0
       2
       0
       0
       0
       0
       0
       0
       0
       0
       0
       0
       0
       0
       0
       0
       0
       0
       1
       0
       0
       0
       0
       0
       0
       0
       0
       0
       0
       1
       0
       0
       0
       0
       0
       0
       0
       0
       0
       1
       0
       0
       1
       0
       0
       0
       0
       0
       0
       1
       0
       0
       0
       0
       0
       0
       0
       0
       0
       0
       0
       0
       0
       0
       1
       1
       0
       0
       1
       0
       0
       0
       0
       1
       0
       0
       0
       0
       0
       0
       0
       0
       1
       0
       0
       0
       0
       0
       0
       0
       0
       0
       0
       0
       0
       0
       0
       0
       0
       0
       0
       0
       0
       0
       0
       0
       0
       0
       0
       0
       0
       0
       0
       0
       0
       0
       0
       0
       0
       0
       0
       0
       0
       0
       0
       0
       0
       0
       0
       0
       0
       0
       0
       0
       0
       0
       0
       1
       0
       0
       1
       0
       0
       0
       0
       1
       0
       0
       0
       0
       0
       0
       0
       0
       0
       1
       0
       0
       0
       0
       0
       0
       0
       0
       0
       0
       0
       0
       0
       0
       0
       0
       0
       0
       0
       0
       0
       0
       0
       0
       0
       0
       0
       0
       0
       0
       0
       1
       0
       0
       0
       0
       0
       0
       0
       0
       0
       0
       0
       0
       0
       0
       0
       0
       0
       0
       0
       0
       0
       0
       0
       0
       0
       1
       0
       0
       0
       0
       0
       0
       0
       0
       0
       2
       0
       0
       0
       0
       0
       0
       0
       0
       0
       0
       0
       0
       0
       0
       0
       0
       0
       0
       0
       0
       0
       0
       0
       0
       0
       0
       0
       0
       0
       0
       1
       0
       0
       0
       0
       0
       1
       0
       0
       0
       0
       0
       0
       0
       0
       1
       1
       0
       0
       0
       0
       0
       0
       0
       0
       0
       0
       0
       0
       0
       0
       1
       0
       0
       0
       0
       0
       0
       0
       0
       1
       0
       0
       0
       0
       0
       0
       0
       0
       0
       0
       0
       0
       0
       0
       0
       0
       0
       0
       0
       0
       0
       0
       0
       0
       0
       0
       0
       0
       0
       0
       0
       0
       1
       0
       0
       0
       0
       0
       0
       0
       0
       0
       0
       0
       0
       0
       0
       0
       0
       0
       0
       0
       0
       0
       0
       0
       0
       2
       0
       0
       1
       0
       0
       1
       0
       0
       0
       0
       0
       0
       0
       0
       0
       0
       0
       0
       0
       0
       0
       0
       1
       0
       0
       0
       0
       2
       0
       0
       1
       0
       0
       0
       0
       0
       0
       0
       0
       0
       0
       0
       1
       0
       0
       0
       0
       1
       0
       0
       0
       0
       0
       0
       0
       0
       1
       0
       0
       1
       0
       0
       0
       0
       0
       0
       0
       0
       0
       0
       0
       0
       0
       0
       0
       0
       0
       0
       0
       0
       0
       0
       0
       0
       0
       0
       0
       2
       0
       0
       0
       0
       0
       1
       0
       0
       0
       0
       0
       0
       0
       0
       0
       0
       1
       0
       1
       0
       0
       0
       0
       0
       0
       0
       0
       0
       0
       0
       0
       0
       0
       0
       0
       0
       0
       1
       0
       0
       0
       0
       0
       0
       0
       0
       0
       0
       0
       0
       0
       0
       0
       0
       0
       0
       0
       0
       0
       0
       1
       1
       0
       0
       0
       0
       1
       0
       0
       0
       0
       0
       0
       0
       0
       0
       0
       0
       0
       0
       1
       0
       0
       0
       0
       0
       0
       1
       0
       0
       0
       0
       0
       0
       0
       0
       0
       0
       0
       0
       0
       0
       0
       0
       0
       0
       0
       0
       0
       0
       0
       0
       0
       0
       0
       0
       0
       0
       0
       0
       0
       0
       0
       0
       0
       0
       0
       1
       2
       0
       1
       0
       0
       0
       0
       0
       0
       0
       0
       0
       0
       0
       0
       0
       0
       0
       0
       0
       1
       1
       0
       0
       0
       1
       0
       0
       1
       0
       0
       0
       1
       0
       0
       0
       0
       0
       0
       0
       0
       0
       1
       0
       0
       0
       0
       0
       0
       1
       0
       0
       0
       1
       0
       0
       0
       0
       0
       0
       0
       0
       0
       0
       0
       0
       0
       0
       0
       0
       1
       0
       0
       0
       0
       0
       0
       0
       0
       0
       0
       0
       0
       0
       0
       0
       0
       0
       0
       0
       0
       0
       1
       0
       0
       0
       0
       0
       0
       0
       0
       0
       0
       0
       0
       0
       0
       0
       0
       0
       0
       0
       0
       0
       0
       0
       1
       0
       0
       0
       0
       0
       0
       0
       0
       1
       0
       0
       0
       0
       0
       0
       0
       0
       0
       0
       1
       0
       0
       0
       0
       0
       0
       0
       0
       0
       0
       0
       0
       0
       0
       0
       0
       0
       0
       0
       0
       1
       0
       0
       0
       0
       0
       0
       1
       0
       0
       1
       1
       0
       0
       1
       0
       0
       0
       0
       0
       0
       0
       0
       0
       0
       1
       0
       0
       0
       0
       0
       0
       0
       0
       0
       0
       0
       0
       0
       0
       0
       0
       0
       0
       0
       0
       0
       0
       0
       0
       0
       0
       0
       0
       0
       0
       0
       0
       0
       0
       0
       0
       0
       0
       0
       0
       0
       0
       0
       0
       0
       0
       0
       0
       0
       0
       1
       1
       0
       0
       0
       0
       0
       0
       0
       1
       0
       0
       0
       1
       0
       0
       0
       0
       1
       0
       0
       0
       0
       0
       0
       0
       0
       0
       0
       0
       0
       0
       0
       0
       0
       0
       0
       0
       0
       0
       0
       0
       0
       0
       0
       0
       0
       0
       0
       0
       0
       0
       0
       0
       0
       0
       0
       0
       0
       0
       0
       0
       0
       0
       0
       0
       1
       0
       0
       0
       0
       0
       0
       1
       0
       0
       0
       0
       0
       0
       0
       0
       0
       0
       0
       0
       0
       0
       0
       0
       1
       0
       0
       0
       0
       0
       0
       0
       0
       0
       0
       0
       0
       0
       0
       0
       0
       0
       0
       0
       0
       0
       0
       0
       0
       0
       0
       0
       0
       0
       0
       0
       2
       0
       0
       0
       0
       0
       0
       0
       0
       0
       0
       0
       0
       0
       1
       0
       0
       1
       0
       0
       0
       0
       0
       0
       0
       0
       0
       0
       0
       0
       0
       0
       0
       0
       0
       0
       0
       0
       0
       0
       0
       0
       0
       0
       0
       1
       0
       0
       0
       0
       0
       0
       0
       0
       0
       0
       0
       0
       0
       0
       1
       0
       0
       0
       0
       0
       0
       0
       0
       0
       0
       0
       0
       0
       0
       0
       0
       0
       0
       0
       0
       0
       0
       0
       0
       0
       0
       0
       0
       0
       0
       0
       0
       0
       0
       0
       0
       0
       0
       0
       0
       0
       0
       0
       1
       0
       0
       0
       0
       0
       0
       0
       0
       0
       0
       0
       0
       0
       0
       0
       0
       0
       0
       0
       0
       0
       0
       0
       1
       0
       0
       0
       0
       0
       0
       0
       0
       0
       0
       0
       0
       0
       0
       0
       0
       0
       0
       0
       1
       0
       0
       0
       0
       0
       0
       0
       0
       0
       0
       0
       0
       0
       0
       0
       0
       0
       0
       0
       0
       0
       0
       0
       0
       0
       0
       0
       0
       0
       0
       0
       0
       0
       0
       0
       0
       1
       0
       0
       0
       1
       0
       0
       0
       0
       0
       0
       0
       0
       1
       1
       0
       0
       0
       0
       0
       0
       0
       1
       0
       0
       0
       0
       0
       0
       0
       0
       0
       0
       0
       0
       0
       1
       0
       0
       0
       0
       0
       0
       0
       0
       0
       0
       0
       0
       0
       0
       0
       0
       0
       0
       1
       1
       0
       0
       0
       0
       0
       0
       0
       0
       0
       0
       0
       0
       0
       0
       0
       0
       0
       0
       0
       0
       0
       0
       0
       0
       0
       0
       0
       0
       0
       0
       0
       0
       0
       0
       0
       0
       0
       0
       0
       0
       0
       0
       0
       0
       0
       0
       0
       0
       1
       0
       0
       0
       0
       0
       0
       0
       0
       0
       0
       0
       0
       0
       0
       0
       0
       0
       0
       0
       0
       0
       0
       0
       1
       0
       0
       0
       0
       0
       0
       0
       0
       0
       0
       0
       0
       0
       0
       0
       0
       0
       0
       0
       0
       0
       0
       0
       0
       0
       0
       0
       0
       0
       0
       0
       0
       0
       0
       0
       0
       0
       0
       0
       0
       0
       0
       0
       0
       0
       0
       0
       0
       0
       0
       0
       0
       0
       1
       0
       0
       1
       0
       0
       0
       0
       0
       0
       0
       0
       0
       0
       0
       0
       1
       0
       0
       0
       0
       0
       0
       0
       0
       0
       0
       0
       0
       0
       0
       0
       0
       0
       0
       0
       0
       0
       0
       0
       0
       0
       0
       0
       0
       0
       0
       0
       0
       0
       1
       0
       1
       0
       0
       0
       0
       0
       0
       0
       0
       0
       0
       1
       0
       0
       0
       0
       0
       0
       0
       1
       0
       0
       0
       0
       0
       0
       1
       0
       0
       0
       0
       0
       0
       0
       1
       0
       0
       0
       0
       0
       0
       0
       0
       0
       0
       0
       0
       0
       0
       0
       0
       1
       0
       0
       0
       0
       0
       0
       1
       0
       0
       0
       1
       0
       0
       0
       0
       0
       0
       0
       1
       0
       0
       0
       0
       0
       0
       0
       0
       0
       0
       0
       0
       0
       0
       0
       0
       0
       0
       0
       0
       0
       0
       0
       0
       0
       0
       0
       0
       1
       0
       0
       0
       0
       0
       0
       0
       0
       0
       0
       0
       0
       0
       0
       1
       0
       0
       0
       0
       0
       0
       0
       0
       0
       0
       0
       0
       0
       0
       0
       0
       0
       0
       0
       0
       0
       0
       0
       1
       0
       0
       1
       0
       0
       0
       0
       0
       0
       0
       0
       0
       0
       0
       0
       0
       0
       1
       0
       0
       0
       0
       0
       0
       0
       0
       0
       0
       0
       0
       0
       0
       0
       0
       0
       0
       0
       0
       0
       0
       0
       0
       0
       0
       0
       0
       0
       0
       0
       0
       0
       0
       0
       0
       0
       0
       0
       0
       0
       0
       0
       0
       0
       1
       0
       0
       0
       0
       0
       0
       0
       0
       0
       0
       1
       0
       0
       0
       0
       0
       0
       0
       1
       0
       0
       0
       0
       0
       0
       0
       0
       0
       0
       0
       0
       0
       0
       0
       0
       1
       0
       0
       0
       0
       0
       0
       0
       0
       0
       0
       0
       1
       0
       0
       0
       0
       0
       0
       0
       0
       0
       0
       0
       0
       0
       0
       0
       0
       0
       0
       0
       1
       0
       0
       0
       0
       0
       0
       0
       0
       0
       0
       0
       0
       0
$ROI:
0
$PRESETS:
Live Time
3600
0
$ENER_FIT:
0.137869 0.366631
$MCA_CAL:
3
1.378689E-001 3.666307E-001 -4.415950E-008 keV
$SHAPE_CAL:
3
2.301834E+000 9.195991E-004 -5.357180E-008
