$SPEC_ID:
Molnar Range
$SPEC_REM:
DET# 1
DETDESC# HPGe Detector 1
AP# GammaVision Version 6.07
$DATE_MEA:
02/11/2016 10:43:22
$MEAS_TIM:
86400 93832
$DATA:
0 8191
       0
       0
       0
       0
   40156
   63153
   32235
   23086
   19226
   19282
   19753
   20988
   23049
   25263
   27963
   31666
   36514
   42877
   48450
   53378
   59419
   66118
   71698
   77384
   81876
   85344
   88910
   89547
   87424
   82706
   74570
   69300
   65551
   49296
   35044
   29886
   26783
   23042
   21218
   18784
   15967
   14304
   13548
   13510
   14275
   13881
   13494
   14402
   13662
   11676
   10614
   10101
   10267
   10830
   10650
   10881
   12837
   13422
   12665
   11777
   11690
   11270
   10809
   12677
   25536
   48427
   46726
   22816
   11882
   11990
   24574
   55513
   60092
   33452
   22060
   16400
   11839
    9387
    8710
    8401
    8365
    8521
    8430
    8448
    8376
    8653
    9048
    9486
   11096
   18851
   31205
   28350
   15987
   11892
   12016
   12505
   13139
   13756
   14745
   16209
   17289
   18967
   20793
   22507
   24993
   26939
   29826
   32030
   34597
   36571
   39346
   42990
   46953
   51454
   56890
   63007
   72715
   97093
  129164
  125350
  106735
  107384
  115598
  125711
  137001
  150973
  168568
  190107
  219061
  259073
  317839
  406424
  510423
  581656
  696634
  849424
  779839
  595874
  519326
  504489
  494488
  481558
  467375
  449857
  435773
  428980
  429253
  436313
  450563
  470212
  493176
  518587
  531182
  541873
  571835
  613826
  658166
  707464
  762503
 1134302
 6062209
30275933
61444222
46571997
13020218
 1336391
   57659
    8704
    7488
    7426
    7439
    7510
    7952
    7898
    7714
    7775
    8287
    8295
    8259
    8302
    8349
    8314
    8923
    9374
    9526
    9449
    9354
    9462
   10343
   12664
   14833
   13589
   11586
   11458
   12160
   12517
   13409
   14996
   16331
   16676
   16545
   16733
   17368
   19393
   21246
   20019
   18185
   17412
   16841
   16016
   15974
   15343
   14742
   14671
   14628
   14768
   14426
   14474
   14280
   14294
   14249
   14585
   14764
   14682
   14897
   15345
   15518
   15999
   16418
   17253
   19009
   19464
   19426
   18490
   18728
   18565
   19391
   19840
   20496
   20105
   20132
   20278
   20539
   21175
   21048
   21389
   21765
   21993
   22433
   23266
   23425
   24296
   24991
   25821
   25848
   26483
   26813
   27447
   28901
   29232
   30052
   31014
   32793
   37591
   43770
   44341
   38909
   46998
  113596
  240473
  249534
  119469
   40382
   27785
   36496
   47715
   45118
   34623
   45488
  132345
  279849
  269581
  112116
   25548
   10077
    9327
    8997
    9296
    9997
   12203
   13468
   12283
   10405
    9843
    9975
   10209
   10439
   10845
   11128
   11209
   11066
   10885
   11008
   11133
   11013
   11322
   11736
   13073
   15824
   17686
   19760
   22190
   19286
   14621
   12465
   12070
   11826
   11889
   12734
   14569
   16422
   16166
   16174
   24421
   41281
   43863
   26863
   15665
   13249
   12571
   11666
   11880
   12262
   16583
   30824
   43234
   33694
   17761
   12809
   22257
   67327
  125926
  108492
   42707
   10732
    5392
    4985
    5082
    5023
    5198
    5107
    5035
    5056
    5093
    5151
    5039
    5025
    5033
    4978
    5017
    5076
    4993
    5183
    5172
    5055
    5031
    5208
    5143
    5242
    5083
    5191
    5215
    5194
    5175
    5061
    5234
    5279
    5325
    5231
    5432
    5528
    5535
    5356
    5288
    5306
    5314
    5427
    5420
    5237
    5540
    5472
    5480
    5521
    5442
    5569
    5590
    5716
    8043
   16332
   25696
   22173
   11158
    5885
    4977
    4962
    5006
    5061
    5710
    7377
    8423
    7238
    5521
    5055
    4822
    4974
    4870
    4973
    4828
    4929
    5008
    4910
    4900
    4904
    5015
    5016
    4898
    5033
    4865
    5056
    4972
    4922
    5159
    5278
    5094
    4940
    4808
    4936
    4836
    4838
    4951
    4989
    4863
    5230
    5255
    5033
    4776
    5068
    6259
    8069
    7910
    6239
    5698
    5916
    5543
    4904
    4647
    4458
    4563
    4582
    4704
    6406
   10885
   14189
   10973
    6298
    4553
    4346
    4237
    4163
    4269
    4306
    4186
    4336
    4283
    4242
    4394
    4843
    5144
    4836
    4394
    4153
    4140
    4062
    4217
    4269
    4182
    4078
    4125
    4179
    4032
    4073
    4109
    4112
    4102
    4042
    4221
    4210
    4172
    4108
    4034
    4011
    4168
    4178
    4227
    4161
    4223
    4227
    4233
    4044
    3959
    4058
    3900
    4026
    3938
    3860
    3966
    3955
    3948
    4019
    4016
    4014
    4125
    4832
    5153
    4782
    4061
    3838
    3845
    3855
    3865
    3838
    3887
    3841
    3843
    3716
    3768
    3759
    3723
    3854
    3887
    3816
    3865
    3636
    3789
    3809
    3775
    3724
    3726
    3780
    3689
    3641
    3678
    3671
    3575
    3678
    3764
    3859
    3761
    3529
    3573
    3650
    3710
    3500
    3835
    6623
   19466
   43362
   50768
   30937
   10226
    3529
    2631
    2581
    2370
    2558
    2524
    2524
    2429
    2480
    2547
    2455
    2470
    2457
    2412
    2415
    2460
    2321
    2413
    2504
    2460
    2336
    2408
    2404
    2345
    2426
    2345
    2327
    2308
    2325
    2209
    2344
    2624
    3467
    4687
    4384
    3367
    2411
    2153
    2226
    2149
    2177
    2216
    2157
    2191
    2119
    2206
    2154
    2172
    2102
    2159
    2109
    2123
    2117
    2096
    2190
    2120
    2078
    2104
    2068
    2047
    2016
    2045
    2138
    2207
    2267
    2395
    2156
    2066
    2081
    2048
    2035
    1969
    2058
    1965
    1960
    1984
    1977
    1973
    2054
    2045
    2030
    1928
    2003
    1975
    1916
    2037
    1956
    1925
    1968
    1882
    1875
    2014
    1940
    1969
    1964
    1903
    1867
    1910
    1867
    1884
    1989
    1949
    2043
    2004
    1925
    1898
    1916
    1930
    1865
    1926
    1776
    1834
    1788
    1922
    1873
    1775
    1907
    1888
    1872
    1869
    1847
    1843
    1800
    1889
    1781
    1813
    1812
    1771
    1815
    1743
    1774
    1783
    1722
    1780
    1767
    1829
    1746
    1835
    1677
    1797
    1817
    1837
    1826
    1746
    1716
    1791
    1788
    1745
    1723
    1728
    1894
    2144
    2248
    2059
    1769
    1727
    1799
    2178
    2884
    3378
    2857
    2048
    1767
    1725
    1655
    1660
    1646
    1666
    1718
    1763
    1719
    1714
    1623
    1619
    1692
    1615
    1574
    1634
    1671
    1665
    1918
    1987
    1950
    1802
    1598
    1582
    1655
    1686
    1685
    1655
    1627
    1641
    1626
    1620
    1564
    1589
    1600
    1597
    1550
    1539
    1619
    1573
    1592
    1613
    1615
    1528
    1548
    1538
    1544
    1582
    1470
    1527
    1561
    1634
    1567
    1586
    1550
    1505
    1511
    1500
    1561
    1515
    1705
    1763
    1712
    1764
    1856
    2236
    2313
    2060
    1639
    1572
    1577
    1550
    1543
    1525
    1551
    1483
    1390
    1536
    1472
    1554
    1575
    1452
    1534
    1603
    1950
    2421
    2771
    2266
    1760
    1557
    1487
    1463
    1441
    1431
    1510
    1453
    1471
    1542
    1462
    1436
    1516
    1438
    1393
    1411
    1433
    1395
    1442
    1389
    1428
    1419
    1484
    1423
    1363
    1448
    1533
    1927
    3806
    7258
    9386
    7163
    3820
    2015
    1489
    1380
    1251
    1302
    1286
    1305
    1275
    1335
    1265
    1273
    1255
    1299
    1253
    1345
    1230
    1256
    1189
    1280
    1265
    1284
    1308
    1386
    1889
    3930
    7713
    9605
    7345
    3530
    1684
    1233
    1273
    1256
    1219
    1177
    1137
    1187
    1123
    1122
    1096
    1154
    1097
    1157
    1178
    1140
    1184
    1185
    1162
    1172
    1299
    1973
    4104
    7817
    9183
    6696
    3123
    1504
    1279
    2432
    7925
   19193
   28073
   22650
   10538
    3192
    1140
     923
     956
     945
     930
     848
     752
     828
    1057
    1445
    1645
    1392
     968
     893
     799
     793
     734
     784
     790
     773
     719
     785
     750
     736
     801
     706
     738
     736
     727
     780
     756
     720
     756
     776
     802
     800
     801
     847
     813
     859
     822
     760
     778
     737
     747
     756
     715
     714
     679
     752
     713
     738
     739
     733
     717
     723
     765
     771
     804
     811
     802
     748
     726
     690
     701
     701
     755
     684
     681
     717
     718
     710
     708
     702
     738
     743
     695
     695
     711
     710
     742
     768
     774
     938
    2167
    5556
   10487
   11629
    7651
    3154
    1314
    1464
    2555
    3313
    2662
    1514
     804
     606
     509
     582
     587
     569
     620
     593
     733
     937
    1858
    4350
    6954
    7084
    4334
    1726
     720
     548
     534
     520
     528
     504
     518
     492
     537
     535
     564
     514
     564
     612
    1007
    1592
    1909
    1591
     982
     615
     522
     473
     504
     495
     501
     473
     511
     520
     489
     515
     506
     508
     537
     616
     778
     770
     698
     555
     524
     544
     462
     521
     530
     490
     531
     546
     526
     521
     509
     540
     482
     505
     510
     538
     615
     697
     742
     704
     571
     539
     472
     492
     513
     479
     501
     500
     556
     476
     533
     571
     482
     494
     542
     455
     514
     497
     511
     590
     512
     528
     536
     508
     489
     528
     504
     474
     495
     468
     491
     525
     526
     489
     515
     472
     484
     497
     507
     476
     461
     465
     540
     569
     687
     796
     859
     905
     926
     903
     655
     581
     638
    1078
    1581
    1861
    1456
     884
     554
     522
     494
     460
     496
     470
     465
     502
     482
     461
     504
     418
     533
     481
     707
    1199
    1585
    1469
    1041
     685
     515
     499
     503
     495
     496
     518
     526
     533
     514
     466
     467
     426
     457
     450
     499
     457
     458
     447
     448
     481
     467
     487
     452
     477
     485
     457
     481
     459
     486
     495
     508
     573
     726
     904
     845
     725
     568
     575
     529
     546
     578
     662
     557
     542
     464
     432
     455
     474
     460
     466
     396
     472
     459
     415
     450
     434
     457
     443
     446
     452
     439
     393
     419
     472
     435
     480
     510
     585
     516
     500
     492
     548
     724
     846
     885
     698
     517
     444
     446
     473
     469
     427
     431
     422
     493
     557
     568
     602
     572
     487
     455
     472
     473
     436
     453
     453
     455
     493
     482
     473
     514
     491
     505
     500
     544
     482
     533
     531
     628
     735
     708
     617
     659
     632
     647
     650
     684
     632
     662
     702
     726
     746
     750
     770
     782
     804
     787
     899
     912
     878
     999
    1028
    1011
     975
    1065
    1046
    1075
    1033
    1055
    1027
    1057
     913
     939
     827
     831
     757
     780
     772
     764
     733
     676
     667
     645
     607
     604
     616
     575
     610
     613
     539
     580
     515
     545
     444
     463
     463
     421
     410
     415
     389
     398
     378
     384
     365
     354
     332
     327
     376
     318
     346
     336
     282
     327
     319
     331
     333
     338
     277
     311
     333
     305
     339
     305
     317
     330
     353
     319
     335
     321
     311
     269
     328
     312
     329
     307
     316
     306
     263
     305
     308
     320
     294
     315
     332
     325
     305
     314
     333
     314
     335
     332
     328
     366
     437
     459
     601
     652
     646
     657
     650
     561
     548
     483
     458
     379
     399
     431
     411
     320
     314
     302
     276
     285
     270
     251
     266
     241
     242
     276
     273
     273
     302
     287
     282
     289
     307
     289
     300
     343
     270
     287
     281
     252
     269
     297
     273
     277
     268
     279
     306
     256
     298
     279
     271
     302
     278
     294
     261
     256
     254
     254
     237
     257
     255
     227
     216
     280
     246
     239
     227
     242
     238
     264
     231
     235
     226
     230
     244
     220
     234
     242
     220
     218
     228
     256
     259
     222
     242
     231
     216
     211
     225
     187
     244
     218
     232
     222
     245
     232
     238
     246
     237
     196
     233
     245
     240
     220
     256
     202
     241
     200
     227
     210
     233
     218
     191
     223
     199
     198
     225
     203
     214
     192
     213
     210
     183
     193
     199
     196
     186
     213
     192
     175
     191
     231
     200
     211
     176
     169
     198
     177
     228
     196
     210
     191
     195
     187
     197
     204
     213
     232
     190
     205
     208
     213
     181
     167
     177
     205
     193
     175
     200
     185
     170
     193
     187
     205
     193
     196
     206
     206
     203
     176
     181
     172
     190
     196
     180
     234
     233
     255
     213
     177
     204
     176
     195
     164
     178
     151
     178
     192
     170
     169
     178
     180
     166
     198
     138
     179
     182
     177
     171
     160
     201
     205
     194
     214
     158
     163
     180
     180
     168
     208
     217
     223
     187
     185
     183
     171
     158
     153
     182
     234
     258
     272
     223
     198
     179
     161
     147
     165
     157
     170
     137
     156
     153
     163
     170
     149
     184
     200
     309
     411
     399
     416
     312
     188
     191
     151
     168
     159
     165
     180
     168
     153
     156
     162
     175
     152
     171
     178
     143
     181
     162
     128
     160
     143
     146
     142
     134
     171
     149
     161
     178
     187
     204
     194
     161
     134
     154
     136
     146
     151
     157
     161
     145
     180
     169
     134
     159
     178
     151
     164
     137
     164
     123
     142
     155
     234
     495
    1163
    1936
    2254
    1738
     991
     465
     194
     125
     138
     127
     131
     126
     141
     110
     155
     162
     148
     125
     115
     144
     138
     126
     129
     140
     161
     121
     150
     117
     131
     120
     108
     146
     137
     127
     148
     124
     125
     148
     147
     167
     185
     146
     160
     151
     133
     123
     136
     121
     132
     113
     126
     138
     119
     120
     139
     133
     128
     128
     110
     122
     152
     205
     312
     368
     328
     236
     162
     148
     126
     120
     125
     138
     138
     125
     136
     125
     106
     127
     122
     139
     105
     137
     112
      97
     119
     119
     111
     118
     139
     124
     148
     225
     497
     940
    1353
    1387
     941
     481
     196
     134
     117
     102
     117
     122
     121
     103
      96
      96
     108
     101
     105
     100
     110
     100
     124
     171
     429
    1530
    4420
    8993
   12446
   11660
    7346
    3189
     903
     234
      83
      63
      74
      72
      75
      74
      58
      60
      78
      59
      68
      55
      69
      72
      82
      88
      74
      81
      69
      68
      62
      58
      76
      58
      73
      68
      92
      78
      75
      78
      78
      94
      90
      74
      72
      89
      65
      56
      61
      81
      82
     146
     170
     172
     128
      95
      81
      66
      67
      75
      57
      49
      62
      70
      60
      65
      60
      63
      65
      61
      60
      70
     103
     208
     449
     877
    1089
    1033
     631
     286
     119
      69
      57
      56
      75
      67
      97
     123
     157
     166
     175
     144
      86
      86
     101
     136
     179
     229
     198
     174
     108
      79
      65
      68
      61
      49
      66
      81
      59
      68
      59
      65
      60
      68
      64
      73
      60
      46
      57
      69
      66
      67
      65
      53
      60
      59
      63
      54
      64
      76
     118
     191
     280
     246
     219
     119
      74
      67
      58
      66
      81
      71
      74
      47
      65
      49
      52
      50
      65
      50
      54
      54
      67
      65
      50
      56
      45
      53
      67
      40
      58
      68
     138
     501
    1526
    3294
    5421
    6075
    4855
    2803
    1259
     430
     180
      86
      64
      37
      35
      47
      37
      36
      39
      35
      43
      39
      41
      35
      72
      80
      79
      56
      50
      46
      64
      53
      36
      49
      36
      47
      47
      31
      42
      37
      27
      47
      38
      61
     122
     200
     269
     268
     215
     156
      68
      38
      38
      29
      43
      30
      31
      37
      42
      34
      32
      28
      36
      27
      33
      29
      22
      36
      43
      32
      41
      27
      30
      34
      41
      25
      39
      28
      37
      34
      42
      30
      20
      32
      34
      39
      34
      31
      31
      33
      35
      20
      30
      37
      66
     129
     213
     262
     267
     179
      97
      45
      29
      45
      39
      57
      70
      96
      67
      61
      36
      36
      26
      29
      40
      28
      39
      35
      37
      38
      24
      41
      40
      36
      53
     103
     154
     169
     174
     122
      92
      65
      45
      40
      51
      99
     126
     192
     192
     145
     134
     117
     109
      80
      69
      27
      32
      39
      34
      34
      32
      27
      34
      35
      22
      36
      38
      36
      36
      32
      26
      26
      34
      37
      39
      39
      42
      33
      37
      34
      33
      43
      31
      29
      29
      35
      38
      39
      33
      37
      36
      30
      31
      35
      36
      34
      34
      40
      38
      37
      29
      36
      34
      29
      27
      26
      32
      30
      30
      16
      25
      30
      28
      36
      40
      36
      27
      33
      23
      28
      28
      38
      41
      33
      25
      32
      17
      26
      30
      36
      19
      49
      52
      60
      70
      58
      63
      53
      39
      33
      30
      30
      31
      31
      38
      24
      25
      30
      31
      31
      28
      25
      33
      36
      33
      33
      26
      33
      35
      48
      43
      45
      43
      37
      34
      33
      38
      21
      21
      19
      25
      26
      30
      35
      24
      30
      20
      29
      31
      26
      37
      41
      41
      20
      25
      33
      30
      31
      24
      27
      34
      36
      38
      34
      36
      29
      39
      31
      41
      42
      32
      40
      25
      37
      40
      31
      33
      48
      36
      28
      26
      32
      29
      28
      26
      27
      32
      31
      28
      37
      33
      30
      36
      38
      34
      39
      28
      34
      37
      31
      29
      36
      37
      24
      25
      32
      21
      41
      38
      30
      34
      26
      44
      36
      27
      28
      32
      29
      30
      27
      14
      36
      31
      54
      69
      81
      91
      57
      60
      35
      27
      27
      24
      33
      31
      27
      31
      37
      39
      40
      34
      29
      36
      27
      18
      35
      35
      26
      39
      21
      33
      27
      32
      34
      22
      30
      27
      34
      32
      33
      38
      24
      27
      40
      36
      36
      43
      31
      48
      50
      42
      33
      31
      24
      20
      30
      22
      25
      29
      27
      28
      21
      25
      35
      26
      33
      28
      21
      24
      26
      21
      27
      33
      29
      42
      31
      29
      31
      25
      35
      22
      17
      32
      37
      32
      26
      28
      28
      35
      19
      25
      27
      29
      18
      25
      22
      23
      17
      32
      43
      23
      28
      24
      21
      21
      20
      31
      23
      21
      28
      34
      26
      18
      28
      31
      30
      24
      39
      36
      27
      32
      39
      23
      19
      21
      25
      32
      34
      32
      20
      18
      25
      18
      21
      26
      22
      35
      25
      27
      18
      23
      31
      29
      35
      32
      33
      33
      25
      33
      24
      20
      24
      35
      21
      35
      22
      27
      41
      26
      26
      23
      32
      18
      23
      19
      23
      29
      21
      14
      22
      24
      19
      22
      24
      20
      23
      14
      26
      28
      39
      36
      39
      43
      33
      34
      25
      34
      15
      32
      23
      23
      23
      26
      16
      23
      25
      22
      37
      20
      24
      25
      17
      27
      29
      22
      25
      23
      23
      28
      28
      35
      22
      28
      20
      23
      20
      19
      29
      25
      20
      22
      20
      21
      24
      18
      20
      21
      28
      19
      28
      21
      23
      23
      21
      18
      21
      27
      22
      21
      16
      22
      19
      22
      13
      20
      18
      22
      18
      25
      16
      20
      22
      19
      21
      27
      21
      18
      19
      19
      21
      16
      23
      15
      23
      31
      29
      17
      19
      21
      29
      28
      23
      28
      21
      27
      25
      24
      26
      26
      20
      25
      12
      21
      28
      14
      14
      33
      20
      17
      16
      20
      19
      23
      23
      24
      27
      16
      25
      26
      25
      18
      24
      37
      38
      30
      28
      17
      23
      11
      16
      21
      31
      17
      18
      16
      22
      26
      20
      26
      22
      38
      19
      31
      27
      21
      25
      29
      23
      21
      19
      15
      20
      20
      19
      23
      22
      27
      26
      22
      20
      30
      23
      21
      24
      14
      15
      29
      20
      24
      23
      19
      20
      23
      25
      18
      18
      15
      23
      20
      21
      21
      28
      18
      13
      29
      16
      20
      18
      19
      26
      20
      17
      24
      21
      26
      17
      23
      17
      16
      15
      16
      25
      21
      21
      23
      22
      28
      21
      20
      22
      17
      21
      17
      23
      19
      19
      25
      20
      21
      12
      17
      21
      15
      19
      15
      23
      21
      22
      17
      12
      18
      20
      20
      16
      19
      20
      22
      25
      22
      14
      17
      29
      25
      18
      23
      35
      37
      30
      31
      37
      39
      47
      48
      54
      45
      38
      25
      25
      28
      32
      21
      25
      22
      29
      14
      19
      20
      18
      18
      19
      14
      21
      25
      17
      28
      23
      19
      19
      17
      30
      28
      16
      34
      13
      28
      21
      16
      21
      15
      23
      18
      16
      17
      23
      25
      21
      16
      23
      17
      19
      15
      26
      21
      25
      18
      20
      18
      16
      25
      22
      14
      15
      19
      21
      17
      23
      17
      23
      14
      19
      18
      11
      13
      18
      20
      19
      12
      15
       9
      17
      18
      27
      12
      23
      20
      18
      19
      18
      11
      21
      24
      21
      12
      22
      17
      27
      22
      20
      17
      22
      20
      16
      24
      20
      19
      16
      19
      16
      17
      15
      20
      26
      28
      27
      22
      19
      23
      26
      18
      19
      33
      17
      24
      15
      16
      24
      20
      15
      24
      22
      15
      17
      15
      11
      17
      24
      22
      21
      20
      17
      18
      22
      22
      15
      14
      17
      18
      23
      17
      18
      17
      15
      16
      20
      20
      12
      18
      27
      18
      24
      22
      15
      15
      14
      12
      12
      17
      14
      15
      25
      22
      10
      20
      16
      21
      16
      14
      12
      17
      19
      15
      10
      15
      14
      19
      14
      15
      17
      21
      21
      11
      14
      13
      20
      13
      26
      19
      15
      10
      23
      15
      17
      16
      16
      17
      21
      14
      11
      18
      21
      29
      17
      12
      21
      12
      26
      20
      17
      23
      14
      16
      20
      11
      12
      13
      20
      24
      17
      19
      16
      19
      19
      16
      13
      11
      17
      16
      17
      20
      14
      12
       8
      14
      15
      17
      13
      22
      15
      11
      24
      19
      20
       6
      19
      24
      13
      19
      18
      13
      20
      14
       9
      18
      20
      18
      22
      14
      22
      13
      13
      17
      17
      17
      11
      17
      15
      16
      17
      14
      17
      13
      12
      12
      21
      15
      16
      16
      16
      18
      18
      16
      15
      14
      18
      19
      16
      18
      15
      20
      12
      21
      18
      19
      17
      15
      16
      17
      19
      13
      19
      18
      16
      25
      21
      17
      19
      18
      23
      16
      19
      23
      26
      18
      28
      25
      36
      29
      30
      26
      22
      28
      35
      42
      38
      38
      35
      47
      45
      49
      46
      43
      58
      54
      41
      66
      68
      94
      68
      76
      80
      53
      50
      53
      36
      48
      53
      52
      43
      42
      43
      40
      40
      35
      43
      30
      31
      30
      34
      24
      20
      23
      12
      19
      28
      22
      17
      19
      12
      17
      12
      14
      13
      20
      20
      18
      17
      20
      15
      15
      17
      15
      12
      16
      14
      12
      20
      14
       8
      18
      16
      14
      19
      13
      17
      15
      14
      18
      19
      12
      17
      11
      21
      17
       9
      22
      18
      19
      14
      11
      15
      19
      13
      14
      13
      11
      13
      15
      13
      14
      15
      13
      17
      12
      21
      11
      17
      10
      22
      14
       9
      22
      12
      19
      16
      11
      19
      23
      11
      11
      12
      13
      14
      16
      12
      10
      16
      18
      22
      16
      14
      24
      11
      13
      13
      11
      19
      14
      11
      16
      10
      17
      12
      13
      18
      15
      12
      13
      13
      15
      16
      20
       9
      15
      19
       9
      11
      14
      11
      18
      12
      12
      20
      16
      17
      16
      11
       6
      15
      17
       9
      17
      18
      17
      16
      12
      13
      13
      13
      13
      12
      17
      21
      13
      17
      17
       9
      16
      12
      21
      16
      13
       9
      13
      12
      20
      15
      11
      17
      19
       8
      11
       8
      17
      19
      17
      22
      22
      15
      12
       9
      16
      16
      10
      14
      14
      11
      10
      14
      22
      14
      14
      15
      18
      20
      17
      15
      16
      12
       7
      12
      13
      15
      12
      17
      13
      19
      11
      19
      10
      20
      14
       5
       8
      26
      17
      11
      13
      15
      20
      16
      21
      20
      14
      20
       8
      12
      18
      20
      23
      11
      23
      16
      24
      20
      13
      14
       8
      23
      14
      21
      17
      10
      14
      12
      18
      25
      18
      10
      21
      14
      18
      18
      13
      10
      15
      15
      20
      19
      12
      16
      13
      13
      15
      14
      18
      15
      17
      14
      18
       9
      21
      12
      21
      11
      15
      15
      23
      14
      16
      25
      14
      20
      26
      14
      27
      18
      20
      17
      16
      12
      14
      13
      10
      15
      14
      15
      18
      11
      12
      15
       9
      15
      14
      13
      20
      14
      11
      16
      18
      19
      11
      11
      12
      19
      13
      17
      14
      10
      13
       8
       9
      14
      14
      17
      15
      18
      16
       9
      18
      15
      16
      11
      21
      11
      16
      23
      18
      13
      11
      13
      14
      22
      16
      14
      17
      18
      17
      15
      14
      19
      22
      14
      12
      17
      15
      15
      22
      19
      17
      31
      28
      26
      17
      20
      20
      18
      13
      18
      12
      15
      18
      21
      11
      23
      19
      14
      10
      19
      17
      25
      21
      18
      16
      23
      21
      22
      17
      17
      14
      10
      12
      15
      14
      11
      13
      13
       8
      11
      11
       8
      14
       9
      18
      15
      19
      11
      16
      19
      10
       7
      17
      11
      12
      17
      12
       7
      15
      12
      17
      18
      20
      15
      19
      16
      12
       8
      12
      18
      16
      22
      11
      12
      15
      10
      20
      13
      22
      19
      22
      14
      15
      17
       9
      20
      18
      14
      31
      18
      21
      16
      19
      20
      13
      17
      22
      16
      10
      11
      12
      11
      19
       8
      12
      14
       9
      12
      10
       8
      15
      16
       9
      14
       9
      10
      11
       7
      16
      11
      17
      13
      16
       9
       7
       8
      20
      16
       8
      13
      12
      15
      13
      14
      13
      14
      11
      13
      14
      16
       9
      12
      14
      12
      14
      16
       7
      13
      16
      15
      15
       6
      11
      11
      12
      16
      15
      13
      12
       7
      13
       9
      13
      18
      20
      16
      15
      16
      15
      16
      15
      13
      12
      15
      11
      12
      12
      18
      16
      15
      14
      24
      17
      23
      19
      26
      14
      21
      17
      11
      10
      10
      14
      12
      14
       9
      14
      16
      11
      13
      14
      20
       9
      11
      15
      15
      13
      11
      16
      16
      13
      12
      15
      10
       8
      19
       7
      14
       8
      11
      14
      14
      20
      15
      28
      16
      11
      16
      15
      10
      13
      11
      18
      13
      14
      16
      13
      21
      15
      11
       8
      16
      12
      20
      10
      14
      10
      13
      14
      15
      10
      10
       8
      12
       6
      17
      16
      13
      13
      16
      15
      15
      13
      14
      19
      13
      14
      12
      12
      11
      14
       4
      12
      16
      13
      17
      13
      17
      14
       9
       9
      11
      11
      13
      18
      17
      13
      14
      12
      14
      20
      16
      10
      11
       8
      20
      13
      14
      27
      10
      11
      14
      12
      13
      10
      11
      10
      17
      12
      16
      11
      17
      21
      10
      18
      14
      15
      12
      16
      16
      16
      15
      17
      18
      16
      21
      17
      12
      15
      10
      13
      25
      12
      18
      20
      15
      17
      18
      17
      16
      13
      14
      13
      18
      17
      10
      10
      14
      21
      13
      11
      12
      10
      16
      14
      13
      11
      17
      13
      13
      18
      11
      13
      12
      20
      20
      18
      13
      14
      10
       6
      20
      13
       6
      16
      18
      16
      21
      14
      14
      11
      20
      15
      19
      18
      17
      16
      12
      12
      17
      13
      16
      23
      10
      14
      20
      16
      16
      18
      14
      14
      12
      17
      17
      16
      12
      14
      18
      16
      20
      19
      18
      18
      14
      11
      11
       8
      11
      12
       9
      11
      21
      12
       8
      15
      11
      12
      10
      11
      18
      17
      17
      11
      11
      14
      12
       9
      19
      14
      18
       9
      15
      21
      16
      19
      12
       7
      17
      12
      17
      18
      16
      10
      14
      13
      17
      10
      12
      14
      10
       6
      18
      14
       9
      10
      18
      15
      16
      18
      10
       9
      23
      13
      11
      19
      18
      19
      11
      17
      17
      15
      14
      16
      14
      19
      10
      11
      10
      10
      14
       9
      13
      15
      17
      12
      13
      11
      11
      10
      12
      15
      17
      19
      13
      11
      10
      12
      10
       8
       8
      19
       8
      19
      11
       7
      11
      18
      15
      16
      14
      13
      18
      15
      19
       6
      12
      13
      20
      14
      22
      19
      14
      25
      32
      40
      33
      23
      25
      17
      17
       9
      11
      21
      14
      12
      12
      11
      22
      13
      12
      21
      20
      16
      11
      12
      13
      11
      11
      11
       9
      11
      16
      13
      17
      11
      15
      16
      15
       8
      16
      14
      11
      12
      14
      16
      12
      12
      12
      16
      11
      12
      12
       9
      10
      16
      19
      13
      26
      14
      12
      15
      17
      11
      14
       7
      11
      16
      12
      17
      21
      21
      17
      14
       8
      16
      15
      12
      12
      19
      13
      16
      13
      12
      10
      10
      11
      14
      11
       6
      10
       9
      17
      20
      13
      11
      13
      14
      22
      22
      21
      14
      18
      16
      13
       6
      13
      12
      13
      17
      12
      18
      16
      15
      12
      11
      17
      17
      14
      10
      11
      11
      15
      19
      11
      15
      13
      16
      12
      19
      14
      11
      17
      15
      11
      11
      21
      18
       8
       8
       9
      18
      18
      12
      14
       8
      11
      17
       9
      20
      15
      19
      11
       8
      12
      16
      13
      12
      13
      17
      15
       8
      10
      14
      13
      12
      18
      10
      13
       9
      10
      17
      12
      17
       9
       9
      14
       6
      10
      12
       9
      14
      11
      19
       9
      21
      20
      13
      14
       9
      16
      17
       7
       9
      16
      16
      10
       7
      14
      16
       4
      15
      15
      13
      16
      15
      14
      14
      16
       7
      12
      15
      13
      18
      17
      12
      15
      18
      17
      16
      15
      14
      20
      12
      16
       9
      12
      12
      15
      14
      11
      14
      13
      19
      17
      17
      15
      10
      12
      18
      16
      16
      16
      13
      16
      20
      13
      14
      12
      13
      15
      19
      11
       9
      13
      15
      18
      14
      19
       9
      18
      11
       6
       7
      17
      19
      12
       8
      20
       5
      15
       6
      11
      16
       8
      19
      17
      13
      12
      12
      15
      18
      16
      14
      12
      23
      13
      11
      12
      14
      23
      18
      12
      21
      16
      13
      10
      15
      12
      14
      11
      13
      10
      16
      10
      14
      15
      17
      16
      12
      10
      11
      15
      16
      17
      11
      14
       6
      20
      10
      13
      16
      21
      16
      12
      19
      17
      22
       9
      10
      12
      15
      16
      17
      15
      10
      12
      15
      13
       9
       9
      14
      17
      11
      15
      17
      12
       9
      15
      12
      22
      13
      18
      12
      14
      12
      11
      13
       8
      17
      11
      24
      13
      20
      18
      14
      16
      21
      14
      10
      15
       4
      14
      11
       8
      11
       9
       9
      13
      10
      10
       6
      12
       5
      10
      10
      12
       8
      12
      11
      22
       7
      11
      16
      10
       8
      11
       9
      14
      10
      15
      16
       7
       8
       7
       5
      11
      11
       6
      14
      10
      10
      18
       9
      12
      16
       7
       9
       9
       8
       9
      10
       8
      15
      10
       7
      11
       8
      12
      10
      10
      11
       4
       4
       7
      11
       7
      13
      14
      13
       9
      10
       9
      14
      11
      11
      15
      11
      11
      12
      15
      10
       9
      14
      11
       8
      12
       5
      10
      10
      12
       3
       8
      10
       8
       7
       8
      13
       8
      12
      14
       9
      11
       8
      14
       9
      11
      16
       6
       8
      13
       9
      11
       9
       9
      10
      13
       8
       8
      13
      11
      10
      11
      15
      11
       8
      13
      12
      11
       9
      10
       7
      13
       7
       8
      12
       7
      11
       8
       5
       4
      12
       7
       7
       9
      12
      14
       6
      17
      10
       7
       7
       8
       8
      12
      15
      11
       7
      16
      10
       8
       9
       7
      11
       6
      14
      13
       7
      14
      11
      11
      10
       8
       4
      11
      10
       6
      11
       8
       7
       8
       3
      11
      13
      15
       7
       5
      13
      10
       9
       7
       7
       5
       7
       7
       9
       7
       9
       9
      10
       7
       9
       8
      12
       8
       8
      10
      10
       7
      13
       6
       9
       8
      11
       8
       8
      11
       9
       6
       9
      10
       9
       5
      13
      10
      12
       8
      10
       7
      13
      12
      12
       9
       8
       7
       8
       1
      12
       5
       5
       7
       4
      10
      10
       9
       4
       9
       7
       4
      13
       6
      10
       9
      14
      10
       7
       4
       8
       5
       3
       6
       9
       6
      10
       6
       6
       3
      11
       6
       8
       7
       6
       7
       4
       6
       4
       7
       6
      11
       8
      10
       4
       8
       8
       9
       5
       9
       6
       6
      15
      12
       6
       9
       8
       4
       5
      10
       6
       5
      11
      10
       7
       5
       6
       6
       9
      14
       3
       7
       4
       8
       8
       8
      10
       5
       5
       9
       5
      10
      12
      13
       3
       4
       9
      10
       8
       8
       7
       4
      12
       8
       7
       8
       5
       5
       4
      11
       8
       5
       7
      13
       4
       7
      10
       5
       3
       8
       6
       5
      13
       6
       6
      11
       2
       7
       5
       8
       6
       4
      12
      10
       8
       7
       2
       7
       7
       5
      10
      11
      15
       9
      11
      11
      11
       4
       3
       6
      11
       9
      10
       5
       5
       3
       7
       8
       4
       6
       4
       4
       7
       4
       9
       3
       3
       1
       8
       9
       5
       7
       9
       5
       3
      11
       9
       6
       5
       9
      10
       4
       4
       4
       7
       6
       8
       7
       7
       5
      14
       7
       6
       8
       3
       9
      11
       7
       2
       6
       5
       6
       7
       3
       4
       7
       4
       7
       5
       9
       4
       7
       6
       7
      10
      12
       7
       8
       2
      12
       7
       6
       8
       8
       2
       5
       7
       4
      11
      10
      11
      11
       6
       7
       9
       8
      12
      14
      18
       7
      12
       3
       9
       6
       2
       7
      10
       4
       5
      10
       2
      10
      10
      13
       9
       8
       8
      11
       6
       4
       6
       4
       7
       9
      12
      10
       9
       8
       5
       8
       3
       5
       9
      17
       9
      15
      20
      17
      22
      17
      19
      14
      10
      12
       6
      11
      10
       4
       7
       7
      13
       7
       6
       2
       6
       4
       4
       9
       5
       7
       6
       7
       6
       6
       4
       7
       4
       4
       5
       4
       7
       4
       3
       7
       5
      10
       5
      12
      12
       8
       6
       8
      15
       5
       6
       8
      12
       9
      11
       6
      14
      13
      13
      17
      19
      18
      34
      23
      20
      28
      22
      30
      16
      41
      42
      29
      46
      39
      36
      33
      49
      62
      64
      79
     137
     162
     212
     231
     217
     174
     136
     104
      57
      47
      50
      50
      39
      45
      50
      40
      37
      36
      33
      23
      22
      21
      30
      18
      10
      21
      21
      14
      12
      14
      19
      11
      15
      12
      10
      12
      13
      12
       4
       5
       8
       9
       6
       7
       7
       6
       9
       3
       5
       8
       6
       5
       4
       1
       4
       2
       6
       4
       4
       6
       3
       2
       6
       7
       8
       6
       8
       3
       3
       2
       9
       2
       4
       3
       4
       3
       6
       7
       2
       3
       5
       5
       4
       6
       3
       4
       9
       5
       3
       4
       6
       6
       5
       5
       4
       9
       7
       4
       5
       4
       2
       4
       6
       5
       4
       5
       4
       6
       7
      10
       5
       3
       4
       6
       3
       3
       6
       4
       5
       5
       5
       3
       6
       9
       5
       2
       1
       3
       6
       9
       2
       7
       2
       4
       4
       6
       5
       5
       6
       4
       5
       5
       6
       4
       2
       7
       6
       4
       3
       3
       4
       6
       4
       2
       5
       4
       5
       6
       5
       6
       8
       5
       1
       5
       5
       8
      10
       8
       4
       3
       3
       5
       5
       1
       7
       5
       3
       8
       7
       2
       3
       8
       3
       7
       8
       5
       5
       7
       5
       3
       5
       7
       8
       3
       8
       3
       4
       3
       7
       5
       2
      12
       5
       3
       6
       3
      10
       5
       7
       9
       5
      10
       7
       9
       8
       7
       5
       5
       8
       2
       5
       9
       3
       8
       5
       9
       6
       5
       6
       6
       6
       5
       5
       5
       7
       4
       5
       3
       6
       3
       5
       3
       6
       3
       7
       4
       9
       6
      11
       2
       5
       7
       6
       3
       3
       3
      10
       7
       6
       6
       8
       6
       6
       5
       2
       8
       5
       6
       5
       5
       4
       4
       3
       8
       7
      10
       6
       7
       3
       3
       4
       7
       4
       5
       4
       2
      10
       6
       7
       3
       7
       4
       0
       3
       7
       2
       6
       9
       2
       5
       6
       3
       9
       4
       3
       5
      11
       3
       4
       3
       5
       4
       6
       7
       3
       7
       3
       3
       4
       0
       3
       4
       7
       4
      11
       3
       8
       2
       4
       6
       4
       2
       5
       2
       5
       3
       6
       8
       7
       2
       1
       1
       7
       6
       6
       0
       6
       5
       7
      10
       5
       3
       5
       4
       3
       8
       3
       6
       1
       4
       7
       6
       6
       3
       4
       4
       6
       5
       5
       5
       3
       6
       6
       6
       2
       5
       7
       6
       6
       3
       6
       4
       8
       1
       2
       6
       6
       2
       4
       2
       8
       4
       2
       2
       8
       6
       6
       4
       3
       4
       1
       6
       4
       6
       1
       4
       4
       2
       7
       5
       6
       7
       4
       2
       9
       3
       5
      10
       6
       3
       5
       1
       6
      12
       6
       5
       1
       5
       8
       4
       3
       5
       3
       2
       8
       2
       8
       2
       6
       4
       2
       5
       4
       3
       8
       2
       1
       3
       4
       5
       4
       7
       6
       2
       8
       1
       7
       3
       6
       3
       4
       6
       4
       1
       5
       7
       4
       0
       2
       5
       2
       3
       7
      12
       5
       6
       3
       8
       3
       6
       5
       3
       0
       8
       5
       3
       1
       8
       5
       3
       2
       7
       3
       7
       4
       8
       5
       5
       3
       7
       2
       7
       1
       7
       2
       6
       2
       3
       4
       1
       3
       7
       4
       4
       5
       6
      11
       0
       5
       8
       3
       1
       2
       5
       4
       8
       8
       3
       4
       9
       7
       5
       7
       7
       6
       1
       5
       2
       4
       6
       6
       3
       3
       6
       4
       2
       2
       5
       3
       3
       2
       4
       4
       4
      10
       5
       2
       6
       5
       6
       8
       4
       2
       2
       3
       4
       9
       6
       4
       6
       4
       8
       7
       0
       6
       5
       3
       4
       6
       3
       4
       6
       3
       4
       1
       8
       3
       3
       3
       5
       5
       3
       8
       6
       8
       4
       2
       4
       0
       6
       6
       1
       2
       5
       5
       6
       6
       6
       7
       4
       5
       6
       1
       7
       2
       4
       7
       7
       2
       3
       1
       8
       3
       6
       4
       6
       3
       2
       3
       5
       6
       3
       8
       3
       6
       4
       2
       3
       2
       5
       7
       2
       2
       1
       6
       4
       3
       5
       4
       5
       7
       3
       6
       7
       1
       3
       3
       8
       3
       5
       3
       9
       5
       8
       6
       7
       4
       8
       5
       3
       2
       8
       4
       6
       2
       2
       4
       1
       4
       7
       5
       2
       5
       3
       3
       4
       2
       7
       4
       8
       7
       6
       6
       3
       2
       4
       2
       4
       3
       3
       3
       2
       2
       6
       4
       3
       0
       4
       4
       4
       4
       3
       5
       2
       4
       4
       6
       4
       4
       5
       1
       5
       4
       3
       3
       4
       4
       7
       6
       6
       4
       6
       2
       5
       6
       2
       8
       3
       0
       5
       4
       3
       4
       3
       7
       2
       2
       7
       4
       6
       2
       4
       4
       7
       6
       8
       5
       1
       3
       3
       5
       3
       2
       1
       2
       6
       1
       2
       7
       1
       1
       4
       5
       3
       2
       3
       6
       4
       3
       3
       3
       4
       5
       4
       5
       9
       4
       5
       5
       4
       3
       7
       4
       4
       2
       4
       6
       3
       3
       9
       2
       2
       5
       3
       5
       4
       5
       4
       3
      10
       8
       6
       9
       3
       3
       5
       2
       7
       7
       5
       2
       1
       4
       3
       7
       1
       2
       6
       4
       4
       6
       2
       5
       1
       6
       6
       2
       1
       2
       4
       3
       4
       1
       8
       2
       0
       3
       7
       4
       5
       5
       1
       6
       2
       2
       8
       2
       4
       5
       6
       4
       5
       3
       7
       3
       5
       2
       6
       6
       4
       6
       4
       7
       7
       7
       3
       9
       6
      10
       3
       2
       5
       5
       7
       5
       4
      16
       7
      10
       7
       9
       6
       4
       4
       7
       4
       5
       2
       6
       4
       2
       0
       1
       2
       5
       1
       2
       6
       5
       4
       6
       2
       6
       2
       3
       2
       4
       5
       4
       8
       5
       4
       6
       2
       3
       4
       3
       9
       4
       6
       4
       3
       2
       1
       2
       5
       2
       6
       5
       7
       4
       5
       5
       2
       3
       6
       3
       1
       5
       4
       2
       5
       4
       3
       2
       2
       7
       5
       4
       6
       3
       4
       7
       2
       4
       9
       5
       3
       3
       2
       3
       3
       6
       1
       3
       6
       6
       2
       4
       5
       4
       0
       3
       1
       4
       3
       5
       6
       2
       5
       4
       1
       6
       3
       1
       9
       6
       8
       1
       2
       1
       3
       5
       2
      10
       5
       6
       3
       4
       1
       3
       3
       6
       1
       4
       4
       2
       4
       3
       5
       2
       3
       1
       5
       3
       3
       2
       2
       3
       5
       3
       6
       5
       4
       3
       3
       5
       5
       5
       2
       3
       6
       3
       0
       5
       6
       6
       6
       8
       4
       2
       4
       6
       2
       5
       5
       4
       0
       2
       5
       3
       7
       2
       5
       3
       3
       3
       3
       6
       2
       4
       3
       5
       7
       3
       5
       2
       5
       2
       4
       7
       7
       8
       4
      11
       9
       8
       6
       7
       5
       1
       1
       2
       5
       6
       2
       7
       2
      11
       4
       4
       7
       2
       1
       4
       8
       5
       2
       5
       5
       4
       4
       3
       2
       7
       5
       1
       4
       5
       3
       6
       4
       4
       5
       3
       4
       4
       2
       1
       8
       4
       3
       4
       5
       4
       4
       5
      10
       3
       2
       8
       5
       3
       1
       4
       5
       7
       4
       4
       4
       5
       7
       6
       8
       6
       6
       7
       7
       7
       4
       5
       5
       4
       6
       5
       7
       7
       5
       7
       7
       5
       7
       3
       6
       0
       7
       4
       3
       8
       6
       3
       6
       2
       4
       6
       0
       3
       4
       4
       4
       4
       2
      10
       2
       5
       3
       1
       7
       3
       5
       6
       5
       2
       6
       2
       3
       4
       1
       1
       3
       9
       5
       3
       3
       3
       7
       0
       4
       4
       6
       4
       3
       1
       1
       6
       3
       4
       6
       2
       3
       4
       2
       7
       7
       2
       4
       4
       4
       3
       3
       4
       2
       7
       1
       5
       3
       2
       3
       4
       4
       4
       6
       5
       6
       6
       2
       5
       5
       4
       5
       6
       6
       3
       4
       8
       3
       4
       4
       3
       2
       4
       6
       1
       0
       1
       5
       5
       5
       3
       1
       3
       1
       8
       2
       5
       3
       5
       5
       5
       5
       4
       4
       2
       6
       5
       2
       3
       0
       3
       3
       3
       3
       5
       7
       0
       4
       7
       5
       0
       3
       3
       2
       4
       6
       7
       6
       4
      11
       6
       2
       3
       6
       6
       6
       4
       8
       1
       1
       3
       0
       4
       5
       4
       6
       3
       3
       6
       3
       3
       5
       1
       4
       2
       3
       1
       1
       2
       4
       5
       6
       4
       8
       2
       2
       1
       1
       5
       4
       4
       1
       1
       2
       1
       4
       2
       4
       2
       3
       3
       2
       6
       3
       3
       4
       9
       3
       6
       4
       3
       7
       3
       7
       2
       5
       3
       1
       2
       3
       1
       4
       4
       5
       3
       1
       6
       5
       4
       6
       5
       4
       2
       3
       6
       3
       7
       3
       6
       0
       2
       2
       0
       1
       1
       3
       5
       4
       5
       2
       0
       3
       0
       4
       2
       4
       5
       7
       4
       6
       3
       1
       3
       1
       3
       2
       1
       4
       1
       3
       7
       3
       4
       9
       3
       4
       1
       5
       1
       8
       4
       1
       5
       3
       6
       3
       4
       2
       7
       3
       2
       7
       6
       2
       5
       5
       2
       0
       4
       2
       1
       1
       4
       3
       4
       1
       9
       7
       5
       4
       0
       1
       7
       1
       2
       5
       1
       2
       2
       4
       2
       3
       3
       4
       1
       2
       6
       4
       7
       3
       3
       1
       3
       3
       3
       2
       5
       2
       1
       2
       2
       4
       2
       2
       2
       0
       1
       5
       4
       2
       8
       2
       5
       4
       1
       2
       4
       4
       2
       2
       2
       1
       0
       1
       5
       3
       3
       0
       6
       4
       4
       2
       2
       3
       2
       1
       1
       2
       4
       2
       4
       2
       7
       2
       3
       2
       4
       3
       1
       2
       2
       3
       4
       4
       1
       5
       2
       2
       3
       3
       4
       4
       2
       2
       3
       5
       2
       1
       4
       6
       5
       5
       2
       5
       3
       4
       1
       4
       2
       3
       3
       2
       5
       1
       0
       7
       4
       6
       3
       7
       2
       7
       2
       1
       3
       3
       0
       2
       5
       2
       1
       3
       2
       5
       0
       3
       0
       5
       2
       0
       6
       3
       2
       2
       8
       2
       4
       0
       5
       2
       4
       4
       3
       4
       6
       4
       1
       4
       4
       2
       0
       1
       5
       2
       5
       3
       4
       4
       3
       5
       1
       3
       3
       3
       2
       1
       2
       2
       2
       4
       3
       3
       4
       2
       5
       4
       5
       1
       1
       2
       3
       2
       1
       1
       5
       3
       2
       3
       4
       4
       2
       0
       3
       5
       2
       3
       1
       4
       7
       2
       3
       3
       2
       6
       2
       1
       2
       4
       3
       2
       7
       2
       4
       3
       1
       7
       6
       2
       3
       6
       4
       2
       4
       2
       3
       2
       5
       5
       5
       2
       4
       3
       3
       3
       5
       2
       8
       4
       0
       2
       0
       2
       4
       4
       3
       5
       1
       4
       3
       0
       1
       7
       6
       2
       2
       4
       5
       2
       1
       0
       6
       4
       3
       4
       2
       3
       3
       1
       3
       2
       1
       4
       7
       3
       3
       3
       5
       4
       1
       0
       5
       2
       1
       5
       0
       5
       5
       1
       3
       2
       1
       2
       3
       3
       4
       6
       2
       3
       2
       2
       1
       5
       5
       3
       3
       2
       3
       2
       3
       5
       0
       2
       2
       1
       4
       2
       3
       1
       1
       2
       0
       4
       0
       3
       2
       2
       4
       1
       0
       3
       2
       3
       0
       3
       7
       1
       2
       2
       2
       1
       0
       8
       2
       2
       4
       2
       2
       2
       5
       2
       3
       3
       2
       1
       2
       1
       0
       0
       1
       1
       3
       4
       2
       3
       0
       3
       2
       6
       1
       5
       1
       4
       2
       4
       1
       2
       2
       2
       3
       4
       2
       1
       3
       2
       6
       3
       2
       1
       5
       3
       3
       5
       5
       4
       4
       2
       3
       3
       3
       3
       3
       5
       5
       4
       0
       3
       3
       3
       5
       5
       5
       3
       4
       5
       3
       5
       5
       6
       6
       6
       2
       7
       8
       7
       6
       3
       4
       8
       8
       6
       6
       4
       9
       6
       5
       3
       6
       6
       3
       4
       5
       8
       6
       7
       4
       9
       3
       9
       6
       5
       4
       9
       5
       6
       4
       7
       6
       3
       2
       5
       1
       1
       3
       6
       4
       2
       5
       2
       5
       3
       6
       9
       2
       6
       7
       3
       3
       2
       1
       6
       5
       5
       5
       5
       5
       2
       2
       5
       8
       2
       3
       5
       7
       6
       6
       4
       4
       5
       6
       4
       5
       5
       2
       1
       9
       4
       5
      11
       4
       3
       2
       5
       4
       4
       2
       0
       0
       3
       4
       3
       3
       1
       4
       1
       5
       2
       1
       3
       2
       6
       0
       6
       4
       5
       1
       4
       7
       2
       1
       3
       7
       7
       5
       0
       6
       2
       0
       3
       5
       7
       6
       2
       1
       4
       4
       3
       3
       5
       2
       2
       2
       2
       3
       1
       6
       4
       2
       1
       6
       0
       3
       4
       1
       1
       4
       4
       3
       2
       0
       4
       3
       3
       4
       3
       2
       0
       1
       2
       1
       1
       3
       2
       2
       2
       1
       2
       3
       4
       3
       3
       6
       0
       0
       3
       6
       2
       2
       4
       4
       4
       1
       1
       3
       1
       3
       0
       0
       2
       1
       2
       3
       1
       4
       1
       3
       1
       4
       4
       5
       5
       2
       4
       4
       4
       2
       3
       2
       3
       5
       2
       1
       2
       2
       2
       3
       1
       3
       4
       0
       0
       2
       2
       1
       2
       1
       0
       1
       4
       1
       2
       2
       6
       4
       1
       2
       1
       5
       1
       3
       3
       3
       1
       6
       2
       3
       2
       3
       3
       7
       2
       3
       1
       4
       1
       2
       0
       4
       2
       0
       3
       1
       2
       1
       0
       0
       3
       1
       1
       3
       4
       4
       1
       2
       0
       2
       1
       2
       2
       2
       3
      10
      15
      19
      19
      22
      20
      15
      16
       7
      14
       4
       3
       3
       1
       4
       4
       4
       3
       3
       6
       2
       1
       2
       4
       2
       1
       1
       3
       4
       2
       1
       2
       4
       0
       4
       2
       4
       4
       1
       1
       3
       1
       3
       2
       5
       2
       2
       4
       1
       1
       5
       1
       3
       0
       1
       0
       0
       3
       1
       4
       3
       0
       5
       0
       1
       0
       2
       2
       3
       4
       4
       3
       3
       2
       0
       1
       2
       3
       0
       3
       5
       0
       4
       4
       0
       2
       1
       0
       2
       1
       1
       2
       1
       2
       1
       4
       4
       0
       3
       6
       2
       4
       4
       3
       3
       2
       1
       2
       7
       2
       3
       0
       2
       5
       1
       4
       2
       0
       7
       1
       2
       2
       0
       0
       2
       0
       1
       6
       2
       3
       0
       1
       5
       2
       4
       3
       4
       1
       1
       1
       3
       2
       1
       2
       3
       4
       3
       2
       3
       3
       0
       6
       0
       3
       1
       1
       0
       0
       4
       1
       1
       1
       1
       6
       3
       1
       6
       4
       1
       1
       2
       3
       2
       1
       5
       0
       1
       2
       1
       3
       1
       5
       1
       1
       1
       3
       4
       3
       1
       2
       1
       2
       0
       2
       4
       3
       3
       0
       2
       0
       3
       2
       2
       4
       3
       6
       3
       3
       1
       6
       1
       1
       0
       2
       2
       2
       1
       2
       1
       1
       3
       4
       3
       4
       2
       2
       0
       0
       2
       1
       1
       4
       4
       0
       6
       1
       1
       2
       3
       1
       5
       6
       0
       2
       3
       3
       0
       0
       1
       3
       4
       2
       3
       2
       3
       2
       1
       2
       2
       0
       3
       2
       0
       3
       1
       5
       3
       1
       2
       1
       1
       3
       3
       1
       2
       1
       3
       1
       5
       2
       3
       1
       1
       0
       5
       3
       4
       3
       5
       0
       2
       3
       1
       2
       1
       1
       2
       2
       2
       1
       1
       5
       1
       1
       0
       0
       0
       3
       4
       3
       6
       3
       2
       4
       5
       3
       3
       1
       2
       2
       2
       3
       1
       1
       2
       2
       3
       0
       0
       8
       1
       3
       3
       1
       3
       2
       2
       0
       2
       1
       3
       1
       2
       3
       5
       5
       0
       2
       2
       1
       3
       3
       1
       2
       2
       1
       0
       0
       1
       3
       3
       3
       0
       2
       2
       3
       1
       1
       3
       2
       3
       2
       1
       2
       3
       1
       3
       3
       6
       2
       2
       1
       3
       0
       5
       4
       4
       0
       1
       1
       2
       0
       0
       4
       1
       3
       3
       1
       1
       3
       1
       3
       1
       3
       2
       2
       4
       1
       2
       1
       1
       2
       2
       1
       0
       0
       1
       1
       3
       1
       2
       2
       2
       4
       0
       2
       2
       0
       7
       3
       3
       0
       3
       2
       0
       0
       0
       4
       2
       2
       0
       2
       1
       5
       4
       0
       1
       0
       2
       3
       3
       1
       3
       2
       5
       1
       1
       2
       2
       1
       1
       0
       2
       2
       0
       1
       2
       0
       2
       3
       1
       2
       2
       1
       4
       0
       4
       2
       2
       0
       1
       6
       2
       2
       2
       3
       3
       2
       1
       3
       2
       1
       3
       2
       2
       3
       3
       6
       1
       3
       2
       9
       1
       1
       1
       1
       3
       0
       2
       1
       1
       2
       2
       2
       2
       4
       2
       3
       1
       5
       0
       2
       1
       1
       5
       2
       4
       2
       5
       1
       3
       2
       1
       1
       0
       2
       1
       3
       1
       2
       3
       1
       3
       3
       0
       1
       1
       3
       1
       2
       2
       2
       1
       4
       3
       1
       1
       2
       1
       1
       1
       3
       2
       2
       1
       1
       6
       2
       3
       2
       2
       2
       2
       1
       1
       0
       3
       3
       2
       0
       4
       2
       1
       2
       2
       3
       3
       2
       1
       2
       3
       4
       4
       2
       4
       3
       1
       3
       4
       3
       0
       1
       2
       0
       4
       2
       1
       2
       2
       1
       3
       1
       4
       1
       3
       1
       2
       4
       1
       3
       2
       1
       4
       0
       1
       4
       2
       2
       2
       1
       0
       0
       1
       0
       3
       0
       3
       1
       1
       6
       5
       1
       3
       1
       2
       3
       1
       1
       4
       0
       1
       2
       1
       0
       2
       2
       1
       3
       1
       2
       2
       1
       2
       2
       4
       0
       1
       4
       1
       1
       1
       1
       0
       1
       1
       0
       3
       2
       3
       0
       1
       2
       2
       2
       0
       0
       2
       1
       0
       0
       0
       1
       2
       4
       1
       3
       5
       1
       5
       4
       5
       0
       3
       4
       1
       0
       2
       0
       2
       2
       3
       4
       2
       1
       4
       1
       0
       2
       2
       2
       4
       1
       0
       2
       1
       0
       4
       1
       2
       2
       2
       2
       1
       1
       2
       2
       2
       1
       3
       2
       2
       3
       2
       3
       4
       1
       1
       1
       0
       0
       2
       3
       1
       1
       0
       2
       2
       2
       1
       0
       2
       2
       3
       4
       2
       3
       2
       1
       3
       4
       1
       6
       4
       5
       0
       2
       2
       0
       3
       2
       1
       2
       0
       0
       2
       1
       2
       1
       3
       3
       3
       2
       0
       2
       2
       4
       1
       2
       1
       1
       2
       2
       2
       5
       1
       1
       2
       2
       4
       4
       2
       1
       4
       3
       2
       0
       2
       4
       2
       1
       1
       1
       4
       1
       1
       2
       6
       2
       2
       1
       5
       2
       1
       2
       1
       3
       1
       2
       2
       2
       3
       3
       0
       3
       3
       2
       2
       2
       1
       2
       3
       1
       7
       4
       4
       3
       3
       3
       2
       2
       3
       2
       1
       2
       0
       3
       3
       3
       2
       4
       3
       2
       6
       3
       1
       1
       2
       3
       3
       1
       4
       3
       4
       1
       1
       3
       1
       6
       6
       3
       8
       2
       4
       5
       0
       4
       3
       4
       2
       3
       2
       0
       3
       2
       2
       2
       6
       2
       4
       1
       4
       1
       1
       4
       1
       4
       1
       2
       2
       2
       1
       1
       5
       4
       4
       3
       2
       2
       0
       5
       1
       3
       2
       2
       3
       1
       3
       2
       2
       3
       2
       1
       1
       2
       2
       1
       1
       5
       0
       4
       2
       5
       2
       0
       0
       2
       1
       6
       4
       2
       4
       0
       4
       2
       0
       4
       3
       1
       3
       4
       3
       0
       0
       3
       3
       5
       0
       3
       1
       3
       2
       4
       3
       2
       2
       3
       1
       4
       4
       2
       2
       1
       1
       1
       0
       1
       1
       6
       2
       0
       1
       3
       1
       0
       2
       3
       1
       2
       1
       0
       2
       3
       3
       2
       2
       3
       3
       0
       1
       0
       1
       0
       0
       3
       1
       3
       0
       1
       0
       0
       0
       0
       2
       1
       3
       1
       0
       0
       3
       3
       1
       1
       1
       0
       2
       1
       0
       0
       5
       1
       3
       4
       1
       2
       1
       0
       0
       2
       3
       0
       1
       7
$ROI:
0
$PRESETS:
Live Time
86400
0
$ENER_FIT:
0.137869 0.366631
$MCA_CAL:
3
1.378689E-001 3.666307E-001 -4.415950E-008 keV
$SHAPE_CAL:
3
2.301834E+000 9.195991E-004 -5.357180E-008
