$SPEC_ID:
Molnar Range
$SPEC_REM:
DET# 1
DETDESC# HPGe Detector 1
AP# GammaVision Version 6.07
$DATE_MEA:
02/03/2016 15:57:41
$MEAS_TIM:
86400 94406
$DATA:
0 8191
       0
       0
       0
       0
   35450
   50175
   27198
   20159
   19029
   19905
   21118
   22653
   24221
   26626
   29659
   33380
   39358
   47086
   52394
   58496
   65520
   72048
   77768
   83062
   88555
   92987
   96547
   97401
   95103
   89424
   81208
   75878
   70909
   53922
   38080
   32003
   28783
   24368
   21984
   19808
   17071
   15338
   14958
   14721
   16780
   17915
   21779
   31068
   30170
   19316
   13184
   11881
   13096
   14563
   14183
   15100
   20767
   22686
   19978
   16890
   15622
   14307
   12416
   13739
   25635
   48363
   47257
   24188
   12805
   14022
   36404
   92389
  101849
   49266
   24292
   17271
   12346
    9942
    9327
    8840
    8711
    8665
    8727
    8777
    8799
    8991
    9213
    9949
   11701
   22199
   39467
   35303
   18532
   12682
   12350
   12711
   13493
   14113
   15109
   16101
   17622
   19208
   20642
   22796
   24792
   27474
   29918
   31717
   34285
   36687
   39499
   43270
   47582
   51393
   57206
   62927
   73324
  100391
  137079
  131918
  109068
  106667
  115026
  125069
  136736
  149763
  167970
  189511
  217984
  260024
  317674
  408364
  518345
  591701
  708858
  883128
  814830
  615574
  531431
  515046
  505638
  494651
  480508
  463566
  450955
  444817
  444802
  456263
  474652
  498246
  523340
  554499
  570797
  582719
  615984
  661866
  711061
  761757
  815178
 1158342
 6002992
31290637
66205823
51907197
14887938
 1551771
   66286
    9003
    7808
    7757
    7840
    7826
    8154
    8135
    7907
    8004
    8388
    8618
    8595
    8675
    8700
    8726
    8968
    9732
   10230
    9643
    9591
    9703
   10543
   12591
   15239
   14074
   11767
   11460
   12195
   12571
   13538
   14929
   16533
   16956
   16943
   16700
   17541
   19591
   21453
   20145
   18290
   17225
   16841
   16328
   15872
   15684
   15242
   14932
   14948
   14946
   14820
   14496
   14128
   14347
   14658
   14740
   14853
   15049
   15179
   15449
   15616
   15902
   16410
   17613
   18991
   19997
   19573
   18867
   18867
   19118
   19644
   20220
   20680
   20642
   20150
   20642
   20885
   21528
   21378
   21588
   21956
   22422
   22658
   23524
   24214
   24700
   25347
   25944
   26336
   27136
   27597
   28135
   29266
   29680
   30435
   31347
   33296
   37911
   45148
   45275
   40157
   46578
  110567
  243928
  264495
  131428
   43596
   28249
   36417
   49509
   46918
   35968
   44436
  127066
  283456
  287315
  124948
   28292
   10589
    9431
    9327
    9692
   10315
   12225
   13795
   12678
   10779
   10102
   10042
   10374
   10584
   11036
   11383
   11682
   11200
   11332
   11095
   11376
   11444
   11432
   11828
   13121
   16005
   18182
   19921
   22614
   20187
   15344
   12990
   12173
   12146
   12320
   13177
   15032
   16967
   16750
   16510
   25410
   45961
   51548
   31142
   16714
   13602
   12508
   12024
   11826
   12254
   16221
   30534
   44701
   35917
   19200
   13165
   21048
   64815
  128114
  117114
   48043
   11921
    5325
    5070
    5203
    5207
    5349
    5143
    5087
    4958
    4879
    4999
    5086
    5016
    4999
    5145
    5110
    5101
    5156
    5113
    5094
    5190
    5158
    5040
    5242
    5404
    5260
    5226
    5119
    5293
    5286
    5359
    5257
    5437
    5385
    5473
    5561
    5701
    5577
    5434
    5541
    5491
    5296
    5517
    5305
    5361
    5471
    5629
    5676
    5673
    5549
    5508
    5724
    5772
    7831
   15523
   26046
   23644
   12131
    6119
    5088
    4970
    5021
    5201
    5618
    7420
    8708
    7506
    5709
    4861
    4917
    4883
    4956
    4946
    4894
    4913
    4947
    5033
    5007
    5051
    4999
    5196
    5041
    5110
    5013
    4936
    4944
    4969
    5127
    5330
    5205
    5205
    4923
    4944
    5045
    5010
    4998
    4970
    5059
    5091
    5330
    5152
    5047
    5094
    6205
    7992
    8281
    6274
    5694
    5830
    5813
    5003
    4721
    4661
    4624
    4662
    4844
    6332
   10696
   14333
   11489
    6835
    4593
    4363
    4227
    4321
    4281
    4166
    4349
    4316
    4255
    4350
    4360
    4862
    5179
    4807
    4505
    4273
    4167
    4231
    4197
    4229
    4229
    4097
    4134
    4156
    4108
    4122
    4248
    4078
    4200
    4178
    4097
    4127
    4044
    4052
    4089
    4119
    4137
    4183
    4194
    4274
    4266
    4286
    4286
    4055
    4041
    4024
    4087
    4043
    4093
    4082
    4052
    4045
    4078
    4023
    4228
    4117
    4320
    4785
    5407
    4993
    4201
    3995
    3896
    3840
    3764
    3911
    3788
    3851
    3815
    3791
    3908
    3822
    3897
    3844
    3830
    3928
    3777
    3732
    3790
    3806
    3686
    3788
    3732
    3729
    3862
    3765
    3636
    3724
    3767
    3732
    3836
    3927
    3838
    3760
    3726
    3576
    3633
    3702
    3794
    6137
   17376
   41889
   52991
   34077
   12038
    3928
    2626
    2517
    2504
    2563
    2599
    2522
    2504
    2513
    2644
    2480
    2510
    2441
    2532
    2477
    2362
    2509
    2479
    2540
    2437
    2403
    2363
    2403
    2431
    2308
    2395
    2429
    2425
    2404
    2333
    2454
    2614
    3553
    4874
    4852
    3559
    2548
    2246
    2242
    2224
    2152
    2155
    2097
    2180
    2143
    2128
    2276
    2177
    2177
    2089
    2198
    2115
    2132
    2158
    2300
    2093
    2108
    2075
    2018
    1969
    2043
    2067
    2039
    2182
    2341
    2332
    2211
    2125
    2111
    2108
    2012
    2002
    2016
    2065
    1954
    1997
    1938
    2008
    1974
    2068
    2059
    2131
    2062
    1986
    1943
    1921
    1994
    1907
    1934
    1924
    1992
    1989
    1969
    1925
    1982
    1992
    1974
    1927
    1928
    1949
    1958
    2020
    2086
    2050
    1879
    1964
    1904
    1957
    2009
    1866
    1852
    1834
    1856
    1853
    1870
    1927
    1828
    1834
    1881
    1890
    1789
    1905
    1889
    1856
    1948
    1846
    1855
    1874
    1786
    1803
    1841
    1825
    1910
    1791
    1859
    1790
    1713
    1773
    1802
    1826
    1909
    1888
    1843
    1752
    1720
    1786
    1778
    1784
    1761
    1895
    1953
    2336
    2409
    2116
    1830
    1745
    1887
    2070
    2843
    3394
    3044
    2271
    1756
    1597
    1745
    1689
    1711
    1671
    1636
    1758
    1784
    1713
    1696
    1668
    1616
    1682
    1739
    1626
    1658
    1678
    1815
    1994
    1916
    1850
    1665
    1705
    1672
    1706
    1718
    1711
    1696
    1621
    1592
    1615
    1632
    1566
    1583
    1687
    1567
    1644
    1561
    1608
    1566
    1581
    1601
    1629
    1550
    1614
    1610
    1566
    1659
    1564
    1602
    1574
    1553
    1611
    1519
    1581
    1486
    1565
    1602
    1582
    1673
    1677
    1722
    1752
    1774
    2170
    2332
    2199
    1811
    1567
    1551
    1529
    1586
    1497
    1499
    1536
    1539
    1509
    1490
    1458
    1545
    1567
    1519
    1589
    1854
    2530
    2910
    2436
    1833
    1587
    1453
    1440
    1523
    1459
    1405
    1504
    1460
    1548
    1510
    1449
    1491
    1452
    1463
    1447
    1484
    1373
    1448
    1382
    1383
    1459
    1486
    1467
    1403
    1378
    1411
    1784
    3387
    6844
    9412
    7901
    4273
    2209
    1536
    1373
    1395
    1326
    1341
    1350
    1343
    1296
    1250
    1274
    1327
    1312
    1305
    1317
    1243
    1297
    1330
    1306
    1302
    1309
    1293
    1379
    1715
    3470
    7191
    9978
    8129
    4174
    1823
    1264
    1266
    1212
    1259
    1165
    1201
    1201
    1211
    1180
    1119
    1130
    1176
    1149
    1110
    1166
    1117
    1188
    1199
    1161
    1258
    1672
    3594
    7278
    9717
    7549
    3718
    1639
    1256
    2002
    6478
   17204
   27932
   25169
   13144
    4146
    1267
     929
     984
     977
     974
     797
     834
     831
    1047
    1426
    1708
    1516
    1107
     799
     775
     821
     772
     765
     779
     733
     815
     746
     759
     756
     735
     795
     762
     830
     758
     772
     761
     804
     734
     772
     749
     762
     727
     817
     827
     816
     839
     830
     772
     758
     734
     688
     738
     701
     739
     788
     728
     723
     710
     756
     732
     780
     712
     747
     743
     792
     740
     752
     724
     692
     707
     710
     731
     715
     716
     719
     718
     676
     706
     743
     689
     700
     702
     681
     724
     749
     749
     762
     769
     864
    1695
    4839
    9711
   12333
    8752
    4032
    1455
    1351
    2283
    3322
    3021
    1750
     894
     656
     559
     606
     548
     573
     608
     635
     665
     907
    1589
    3805
    6855
    7551
    5088
    2207
     884
     621
     498
     525
     492
     478
     538
     513
     532
     518
     495
     516
     553
     589
     854
    1501
    1989
    1781
    1095
     642
     536
     473
     528
     499
     532
     526
     528
     535
     487
     465
     507
     514
     512
     668
     751
     776
     706
     585
     562
     556
     516
     475
     514
     514
     532
     514
     548
     592
     501
     543
     511
     518
     497
     501
     581
     674
     765
     752
     616
     571
     504
     510
     530
     481
     503
     495
     504
     516
     478
     491
     513
     514
     447
     515
     496
     531
     525
     532
     544
     592
     523
     513
     474
     503
     474
     515
     526
     522
     512
     490
     503
     485
     519
     504
     471
     488
     494
     497
     486
     479
     492
     532
     692
     765
     822
     846
     950
     906
     715
     604
     609
     926
    1524
    1884
    1604
     987
     635
     537
     456
     476
     493
     461
     473
     449
     460
     482
     496
     484
     454
     518
     656
    1069
    1560
    1654
    1182
     795
     533
     508
     498
     510
     497
     489
     542
     509
     481
     462
     449
     511
     496
     513
     457
     467
     466
     493
     449
     515
     471
     465
     486
     456
     459
     514
     519
     456
     488
     518
     503
     587
     721
     831
     929
     767
     577
     506
     490
     520
     558
     610
     604
     563
     515
     490
     455
     477
     460
     430
     418
     477
     457
     449
     463
     447
     467
     471
     444
     438
     475
     435
     433
     427
     471
     517
     527
     549
     508
     453
     485
     522
     662
     847
     896
     750
     586
     470
     444
     416
     440
     429
     419
     434
     458
     500
     588
     577
     566
     534
     466
     447
     451
     480
     423
     476
     486
     456
     458
     480
     510
     428
     486
     524
     496
     536
     538
     568
     608
     664
     643
     660
     662
     648
     620
     681
     648
     687
     741
     715
     723
     733
     724
     747
     786
     793
     819
     829
     870
     961
     969
     986
    1021
    1038
    1100
    1063
    1112
    1072
     994
    1000
     988
     966
     939
     884
     877
     815
     795
     775
     740
     693
     656
     635
     621
     645
     663
     625
     589
     594
     587
     558
     586
     527
     507
     506
     482
     469
     479
     396
     458
     420
     373
     390
     382
     340
     365
     359
     353
     324
     352
     333
     325
     308
     321
     341
     304
     338
     308
     322
     288
     341
     319
     299
     316
     302
     339
     307
     305
     334
     338
     309
     318
     325
     336
     299
     302
     330
     336
     289
     305
     300
     306
     295
     314
     325
     314
     320
     316
     304
     281
     318
     345
     317
     394
     439
     493
     585
     608
     622
     678
     653
     646
     589
     461
     407
     398
     416
     392
     360
     357
     356
     301
     281
     307
     270
     268
     293
     269
     303
     286
     261
     275
     301
     271
     303
     275
     266
     276
     317
     336
     334
     263
     297
     283
     298
     285
     292
     285
     311
     245
     294
     281
     283
     304
     295
     264
     272
     273
     280
     262
     276
     268
     265
     259
     255
     266
     251
     235
     286
     266
     266
     266
     276
     249
     228
     237
     244
     240
     276
     256
     259
     249
     231
     197
     200
     210
     200
     225
     248
     235
     230
     216
     219
     225
     195
     234
     227
     186
     227
     215
     215
     218
     223
     231
     215
     224
     223
     207
     209
     211
     228
     222
     205
     188
     218
     242
     207
     204
     188
     198
     202
     182
     190
     204
     200
     228
     180
     198
     196
     199
     193
     195
     212
     214
     197
     200
     202
     196
     205
     201
     198
     227
     199
     174
     198
     184
     192
     209
     187
     219
     224
     205
     210
     189
     211
     206
     194
     177
     189
     209
     193
     168
     232
     195
     162
     186
     206
     185
     210
     184
     210
     173
     175
     189
     192
     180
     165
     201
     168
     237
     237
     256
     203
     200
     191
     192
     170
     165
     174
     160
     176
     166
     180
     188
     187
     171
     166
     148
     199
     189
     185
     165
     161
     201
     203
     203
     208
     177
     161
     155
     162
     169
     167
     190
     228
     206
     179
     165
     174
     159
     158
     152
     181
     215
     242
     273
     272
     215
     180
     172
     157
     157
     177
     173
     150
     133
     153
     142
     151
     194
     162
     196
     286
     362
     455
     418
     320
     223
     187
     172
     183
     161
     161
     184
     174
     160
     186
     144
     176
     183
     182
     154
     176
     169
     152
     153
     152
     153
     157
     189
     150
     156
     168
     157
     157
     183
     183
     170
     184
     148
     166
     165
     171
     139
     135
     146
     162
     139
     149
     159
     140
     156
     149
     159
     153
     137
     153
     149
     183
     181
     428
     918
    1747
    2281
    2120
    1327
     596
     263
     154
     112
     106
     122
     126
     151
     145
     114
     141
     129
     131
     116
     132
     139
     123
     127
     140
     145
     143
     155
     127
     143
     133
     120
     111
     116
     115
     128
     140
     120
     143
     143
     150
     154
     153
     142
     132
     118
     135
     125
     132
     111
     118
     131
     138
     110
     126
     121
     143
     131
     126
     138
     140
     142
     232
     280
     411
     355
     280
     177
     136
     123
     131
     121
     110
     102
     113
     128
     111
     110
     119
     109
     114
     111
     103
     105
     125
     120
     119
     107
     127
     107
     131
     133
     194
     363
     736
    1269
    1470
    1132
     640
     283
     146
     139
     117
     109
      95
     109
     137
     119
     116
     105
      98
     119
     115
      99
     107
     113
     132
     305
     972
    3130
    7435
   11559
   12336
    9246
    4602
    1564
     391
     108
      87
      68
      69
      78
      84
      87
      84
      75
      81
      61
      55
      63
      80
      84
      77
      98
      81
      73
      66
      69
      58
      65
      64
      61
      68
      71
      45
      66
      79
      93
      86
      76
      79
      66
      61
      58
      62
      58
      85
      97
     121
     136
     184
     136
     100
      81
      66
      51
      67
      86
      65
      51
      54
      52
      65
      72
      40
      72
      59
      65
      53
      74
     157
     317
     693
    1009
    1128
     805
     427
     177
      84
      60
      66
      67
      46
      86
     120
     143
     183
     207
     147
     103
     120
      85
     137
     176
     232
     220
     191
     131
      86
      72
      70
      62
      71
      46
      70
      57
      67
      61
      54
      56
      68
      82
      54
      54
      64
      67
      54
      69
      73
      58
      57
      63
      53
      51
      72
      77
      82
     132
     173
     237
     277
     212
     141
      89
      62
      58
      55
      66
      71
      72
      69
      66
      46
      63
      73
      56
      54
      61
      56
      59
      62
      61
      52
      64
      62
      65
      51
      53
      60
      96
     316
    1026
    2483
    4721
    6096
    5566
    3610
    1735
     648
     196
     130
      77
      67
      47
      27
      42
      41
      38
      41
      33
      33
      36
      52
      59
      85
      83
      75
      56
      65
      50
      47
      50
      43
      51
      52
      47
      33
      24
      33
      44
      41
      41
      58
      92
     171
     216
     274
     246
     160
      91
      52
      38
      40
      35
      34
      40
      36
      27
      27
      34
      31
      38
      29
      33
      34
      26
      31
      37
      45
      22
      25
      37
      32
      41
      30
      38
      28
      26
      30
      34
      28
      28
      30
      31
      22
      31
      34
      26
      38
      50
      42
      40
      35
      48
      63
     174
     247
     242
     234
     142
      77
      48
      39
      31
      59
      79
      83
      72
      71
      51
      47
      43
      32
      29
      34
      30
      39
      28
      39
      20
      43
      38
      38
      52
      86
     118
     151
     186
     149
      87
      64
      45
      36
      50
      64
     108
     138
     147
     179
     137
     122
     120
      94
      86
      51
      42
      30
      33
      40
      32
      33
      29
      27
      28
      33
      38
      39
      19
      28
      35
      29
      31
      40
      34
      49
      34
      43
      45
      36
      20
      33
      34
      34
      23
      39
      21
      35
      38
      38
      39
      41
      31
      29
      23
      33
      42
      35
      43
      45
      25
      30
      27
      31
      28
      31
      33
      39
      22
      22
      33
      25
      22
      29
      29
      31
      33
      28
      22
      30
      28
      30
      30
      28
      26
      22
      24
      22
      34
      20
      24
      39
      48
      54
      68
      63
      56
      60
      31
      34
      41
      28
      41
      33
      18
      38
      35
      19
      25
      24
      20
      36
      23
      24
      33
      33
      29
      35
      28
      37
      30
      42
      32
      26
      34
      35
      28
      24
      19
      23
      24
      20
      39
      25
      36
      25
      28
      30
      22
      34
      40
      36
      27
      23
      23
      30
      37
      22
      26
      29
      35
      28
      28
      26
      36
      30
      25
      36
      25
      37
      27
      31
      25
      33
      35
      40
      47
      30
      41
      29
      33
      36
      30
      33
      39
      37
      29
      35
      24
      27
      33
      28
      34
      35
      32
      27
      29
      38
      27
      31
      28
      35
      29
      37
      32
      28
      27
      41
      24
      26
      29
      36
      34
      42
      28
      33
      30
      39
      41
      36
      32
      36
      38
      39
      61
      81
     103
      65
      53
      41
      33
      21
      35
      23
      32
      37
      31
      39
      47
      34
      37
      33
      34
      26
      30
      40
      30
      24
      34
      35
      33
      27
      26
      35
      36
      21
      34
      28
      19
      27
      33
      28
      23
      25
      31
      32
      27
      32
      52
      46
      51
      50
      33
      38
      27
      30
      24
      24
      27
      30
      17
      26
      22
      21
      36
      30
      29
      30
      18
      32
      31
      36
      26
      24
      24
      48
      29
      26
      31
      28
      26
      21
      38
      22
      31
      31
      20
      26
      25
      24
      26
      11
      22
      25
      22
      29
      22
      30
      29
      27
      29
      24
      21
      24
      26
      26
      24
      23
      27
      27
      14
      34
      22
      29
      24
      28
      31
      31
      22
      25
      21
      29
      30
      25
      24
      22
      27
      28
      23
      30
      18
      30
      38
      20
      26
      22
      22
      25
      25
      24
      22
      34
      17
      24
      26
      28
      26
      27
      27
      30
      24
      16
      30
      17
      23
      24
      21
      29
      28
      27
      23
      34
      21
      21
      26
      31
      24
      24
      29
      28
      25
      28
      13
      18
      22
      27
      19
      28
      29
      35
      43
      41
      37
      50
      39
      29
      26
      22
      31
      22
      22
      17
      17
      21
      20
      26
      17
      21
      24
      25
      24
      19
      26
      21
      26
      19
      24
      14
      23
      19
      36
      35
      26
      31
      22
      30
      25
      22
      21
      25
      13
      25
      24
      21
      28
      21
      37
      19
      24
      26
      24
      20
      19
      17
      23
      23
      27
      26
      13
      18
      18
      30
      22
      23
      21
      30
      19
      22
      22
      20
      30
      21
      16
      22
      22
      15
      22
      19
      17
      30
      19
      16
      16
      25
      25
      18
      21
      19
      26
      26
      25
      24
      20
      34
      17
      19
      23
      19
      34
      19
      26
      17
      22
      29
      21
      22
      16
      22
      16
      25
      22
      25
      21
      18
      20
      24
      19
      19
      24
      19
      23
      26
      30
      34
      37
      35
      24
      26
      26
      26
      24
      26
      28
      21
      22
      24
      19
      16
      20
      24
      33
      23
      20
      28
      28
      13
      24
      24
      15
      21
      19
      18
      25
      18
      19
      23
      24
      22
      26
      30
      24
      26
      26
      21
      16
      25
      19
      23
      27
      12
      24
      17
      21
      24
      21
      19
      13
      12
      27
      17
      23
      15
      22
      24
      24
      23
      19
      16
      20
      28
      18
      20
      25
      23
      27
      12
      23
      23
      17
      25
      16
      12
      18
      22
      19
      13
      22
      15
      25
      19
      12
      22
      15
      17
      29
      21
      10
      19
      17
      15
      22
      19
      18
      25
      11
      25
      11
      22
      24
      16
      22
      24
      20
      22
      17
      29
      26
      19
      16
      26
      21
      17
      21
      25
      24
      27
      36
      30
      36
      22
      34
      43
      47
      41
      40
      42
      37
      26
      25
      28
      20
      27
      20
      24
      14
      20
      24
      19
      23
      21
       9
      13
      17
      30
      17
      10
      15
      15
      18
      12
      10
      22
      16
      28
      31
      22
      19
      18
      17
      16
      15
      14
      24
      18
      23
      20
      10
      14
      22
      25
      18
      15
      16
      23
      12
      20
      19
      26
      12
      12
      28
      24
      11
      17
      12
      31
      14
      18
      15
      10
      11
      17
      24
      21
      21
      18
      10
      16
      11
      22
      14
      17
      17
      15
      13
      14
      18
      15
      20
      23
      16
      17
      16
      20
      20
      19
      15
      18
      22
      15
      22
      14
      14
      14
      21
      15
      14
      23
      17
      19
      13
      21
      18
      15
      21
      28
      20
      21
      19
      23
      20
      20
      17
      27
      16
      13
      20
      16
      20
      16
      15
      23
      32
      20
      18
      16
      19
      14
      19
      14
      22
      17
      16
      18
      24
      16
      18
      17
      22
      18
      20
      16
      20
      14
      21
      21
      14
      29
      28
      25
      15
      21
      19
      19
      29
      12
      19
      17
      14
      22
      21
      21
      19
      22
      20
      18
      17
      20
      17
      13
      13
      20
      19
      18
      13
      12
      15
      16
      24
      13
      15
      16
      18
      14
      16
      14
      20
      27
      17
      19
      12
      17
      21
      15
      15
      22
      19
      17
      13
      26
      12
      13
      13
      19
      14
      16
      15
      11
      15
      23
      13
      18
      17
      14
      19
      22
      15
      18
      15
       9
      16
      10
      18
      13
      24
      17
      20
      17
      15
      18
      19
      16
      16
      15
      26
      11
      18
      19
      10
      18
      13
      23
      20
      16
      21
      17
      18
      19
      10
      17
      21
      27
      16
      19
      11
      20
      16
      16
      18
      12
      16
      21
      19
      17
      20
      21
      20
      17
      19
      14
      23
      12
      22
      12
      13
      16
      15
      21
      16
      18
      17
      25
      14
      15
      18
      13
      20
      21
      20
      23
      15
      17
      16
      14
      16
      14
      28
      15
      24
      12
      10
      23
      21
      20
      18
      16
      21
      14
      14
      12
      24
      28
      21
      34
      26
      18
      30
      26
      25
      36
      38
      32
      42
      26
      33
      40
      42
      46
      38
      61
      51
      40
      57
      49
      72
      58
      55
      79
      83
      76
      81
      55
      54
      47
      46
      45
      48
      37
      34
      45
      57
      35
      33
      41
      16
      43
      31
      21
      23
      16
      24
      20
      22
      14
      17
      15
      17
      23
      17
      25
      15
      16
      19
      22
      13
      14
      21
      12
      17
      14
      20
      25
      20
      14
      17
      14
      10
      14
       8
       8
      17
      19
      20
      13
      13
       8
      12
      16
      15
      19
      14
      18
      14
      11
      17
      16
      15
      14
      13
       8
      24
      11
       9
      20
      15
      17
      23
      18
      16
      17
      15
      15
      14
      15
      18
      11
       9
      17
      11
      20
      19
      14
      10
      13
      14
      13
      14
       6
      19
      20
       9
      17
      15
      17
      11
      20
      14
      13
      10
      21
       9
      16
      17
      17
      16
      25
      22
      28
      22
      13
      21
       8
      18
      10
       6
      21
      17
      20
      17
      12
      20
      18
      22
      15
      12
      23
       9
      13
      15
      17
      11
      14
       8
      12
      15
      14
      19
      22
      13
      16
      14
      14
      20
      11
      19
      14
      15
      14
      13
      17
      12
      15
      10
      14
      17
      14
      19
      18
      19
      16
      13
      16
      16
      15
      14
      16
      10
      18
      22
      11
      13
      19
      19
      13
      16
      19
      19
      17
      17
      16
      20
      16
       5
      14
      17
      13
      19
      13
      14
      14
      16
      14
      10
      14
      10
      12
       9
      20
      16
      19
      12
      15
      14
      10
      12
      22
      16
      10
      22
      17
      15
      11
       7
      13
      10
       7
      24
      13
      10
      11
      14
      16
      10
      25
      10
      21
       8
      19
      18
      10
      15
      15
      15
      11
      21
      21
      14
      19
      13
      12
      23
      14
      16
      18
      16
      18
      19
      14
      15
      19
      17
       7
      13
      13
      14
      22
      11
       8
      10
      17
      15
      18
      12
      17
      23
      21
      19
      18
      22
      11
      23
      14
      14
      14
      18
      14
      17
      13
      15
       9
      15
      14
      19
      21
      16
      22
      16
      13
      11
      20
      19
      11
      12
      16
       9
      17
      18
      11
      25
      10
      12
      20
       9
      14
      10
      19
       9
      15
      18
      16
      17
      17
      14
      10
      22
      13
      11
      15
      16
       7
      11
      18
      16
      15
       8
       8
      18
      17
      12
      17
      10
      11
      15
      13
      15
      18
      11
      12
      19
      12
      10
      15
      13
      16
      17
       8
      16
      19
      13
      10
      13
      14
      14
      13
      10
      15
      16
      21
      15
      20
      36
      28
      38
      26
      11
      22
      17
      16
      21
      24
      12
      23
      15
      15
      15
      13
      16
      21
      13
       8
      18
      19
      16
      16
      13
      15
      21
      14
      12
      11
      13
      17
      14
      13
       7
      12
      22
      15
      14
      13
      18
      11
      14
      22
       7
      17
      13
      16
      18
      15
      16
      16
      11
      17
      11
       8
      14
      18
       6
      14
      14
      17
      11
      15
      15
      16
      11
      20
       9
      14
      14
       6
      26
      11
      12
      12
      11
      19
      13
      19
      20
      10
       9
      14
      14
      15
      17
      16
      12
      21
      13
      15
      11
      16
      21
      20
      14
      10
      14
      12
      14
      17
      21
      15
      15
      15
      12
      15
      17
      10
      14
      11
      12
      13
      12
      13
      18
      15
      22
      16
      14
      13
      19
      18
      12
      18
      16
      16
      17
      11
      16
      10
      14
      12
      13
      16
      16
      16
      10
      14
       7
      10
      12
      14
      19
      11
      13
      19
      12
      15
       9
      12
      11
       5
      20
      15
      12
      15
       9
      20
      14
      12
      12
       8
       8
      15
      15
      10
      12
      18
      10
      16
      11
      18
      17
      17
      12
       8
      17
      11
      11
      18
      20
      16
      18
      16
      14
      16
       7
      12
      15
      15
      10
      10
      15
      13
      20
       9
      18
       8
       8
      11
      14
      20
      14
      12
      14
      17
      13
      16
      14
       6
       6
      13
      14
      12
      11
       9
      13
      14
      17
      18
      13
      16
      14
      10
      12
       9
      12
      12
      10
      21
      14
      13
      12
      12
      17
      17
      10
      12
       5
      16
       9
       9
      16
      16
      20
      12
       6
      19
      11
      10
      15
      13
      17
      10
      14
       9
       8
      16
      10
       8
      15
      11
      14
      10
      14
      18
      14
      12
      13
       7
      17
       8
      14
      15
      21
      14
      15
      14
      12
      11
      11
      16
      10
      13
       6
      17
      11
      18
      14
      12
      14
      14
      11
      11
      12
      11
      15
      16
      11
      11
      15
      12
      16
      19
      24
      16
      15
      15
      11
      13
      16
      16
      11
      11
      13
      18
      13
      12
      15
      12
      25
      14
      17
      16
      14
      15
      14
      15
      10
      14
      10
      15
      12
      15
       8
       9
      19
      17
      12
      14
      16
      12
      12
       6
      10
      16
      13
      20
      10
      25
      16
       8
      19
       9
      14
      17
      14
      17
      14
      15
      13
      11
      13
      17
      13
      13
      16
       8
      17
      12
      13
      16
      11
      20
      14
      18
      26
      10
       9
       9
      17
      16
      13
      17
      16
      22
      13
      20
      11
      21
      18
      20
      15
      16
      20
      16
      21
      19
      19
      15
      18
      13
      17
      13
      10
      16
       9
      10
      15
      17
      17
      20
      17
      11
      11
      14
      20
      16
      20
      15
      15
      17
      17
       7
      22
      12
      13
      16
      18
      13
      13
       9
      11
      10
      23
      17
      14
      15
      13
      11
       9
      15
      13
      13
      10
      15
      12
      13
      10
      18
      13
      10
       9
      10
      12
      20
      10
      13
      18
      14
      15
      11
      23
      12
      15
       7
      11
      16
      17
      19
      17
      13
      10
      15
       8
      19
      16
      15
      18
      12
      13
      10
      17
       8
      11
      13
      13
      17
      21
      18
      15
      14
      12
      10
      11
      17
       8
      13
      14
      15
      17
      14
      16
      10
      15
      17
      14
      15
      14
      16
       6
      11
      14
      13
      13
      14
      10
      14
       9
      23
      14
       8
      11
      15
      16
      15
      14
      27
      24
      16
      28
      31
      20
      20
      17
      12
      14
      15
      13
      19
      18
      18
       9
      15
      18
      13
      14
      15
      11
      15
      10
      15
      15
      14
      13
      13
      10
      11
      17
      16
      12
       9
       9
      15
       5
      15
       8
      17
      15
      12
      11
      14
       9
      15
      10
      13
      18
      14
      11
      12
      11
      19
      11
      11
      16
      15
      20
       8
      16
      16
      13
      10
      17
      11
      13
       5
      12
      16
      16
      15
      16
      19
      13
      18
      12
      23
      11
      13
      14
      20
      13
      15
      15
      14
       9
      11
      14
      14
      21
      15
      20
      14
       6
      16
      17
      11
      14
      20
      10
      11
      17
      11
      18
      13
       8
      13
      12
      17
      15
      12
      15
      17
      15
      12
      12
      16
      12
      14
      15
      14
       9
      17
      14
      14
      21
      16
      16
      17
      18
      16
      14
      17
      11
      11
      19
      21
      13
      10
      13
      10
      12
      12
      12
      11
      10
       7
      17
      21
       6
      13
      18
      18
      14
       9
       9
      12
      12
      13
      15
       8
       8
      13
      12
      15
      20
      18
      10
      13
      17
      16
      20
      12
      18
      19
      14
      14
      13
      11
      15
      10
       9
      13
      12
      13
       8
      16
       9
      17
      14
       8
       7
      17
       7
      11
      17
      17
      13
      16
      17
      11
      22
      22
      15
      17
      13
      10
      16
      16
      16
      14
      15
      16
      11
      14
       9
      18
      12
      12
      15
      12
      11
      13
       9
      16
      12
      15
      11
       7
      19
      11
      17
      11
      12
      20
      13
      14
      16
      10
      11
       8
      14
      16
      21
      11
      20
       9
      16
      14
       9
      21
      17
      12
      17
      15
      18
      10
      15
      15
      13
      13
      16
       5
       8
      18
      12
      19
      13
       7
      13
       9
       7
      11
      16
      12
       9
      15
      17
       9
      17
      17
      21
       7
      11
       9
      21
      20
      13
      12
      14
      19
      13
      15
      23
      12
      10
      15
       8
      14
      12
      10
      13
      15
      16
      11
       7
      10
      14
      16
      13
      18
      13
      18
      14
      16
      14
       9
      12
      20
      15
      13
      14
      12
      20
      13
       9
      11
      13
      15
      11
      13
      16
      15
      15
       7
      10
      18
      10
      12
      19
      18
      12
      16
      10
       9
       9
       5
      11
       9
      15
      22
      15
      14
      19
      15
      15
      15
      10
      17
      12
      16
      10
      13
       8
      18
      11
       8
      12
      12
       9
      12
      17
      13
      11
      13
      13
      10
      13
      12
       5
       8
      17
       9
      13
      16
      11
       9
      12
      10
      16
      15
       8
      12
       7
       8
       7
      14
       5
      10
      11
       9
      13
       9
       1
      14
       8
       5
       9
      11
      10
      10
       9
      17
       4
       6
       8
      14
      14
      16
      16
       7
      10
      12
       9
      16
      11
      13
      13
       9
      11
       9
       7
      10
      16
       8
      12
       9
       9
      13
      18
      12
      11
      12
      14
      11
      12
      17
      16
      16
       9
      11
      14
      12
      15
      16
       9
      11
      12
       7
       9
       9
       8
      15
      12
      16
      10
       9
       8
       9
      12
      14
      13
      13
      11
       9
      14
      13
      12
       8
      19
       2
       7
      13
      13
      15
      14
      13
      11
       5
       9
       8
       7
      11
       9
       6
      11
       6
       7
       8
       8
       5
      11
      12
      12
      12
      11
       8
       8
       8
      10
       9
       6
      10
       8
      13
       7
       8
       5
      12
       5
      12
       5
      12
      10
      13
      10
      11
       3
       9
       9
       9
       8
      10
       5
       9
       9
       8
       8
       6
      10
       6
       3
       4
      14
       7
      10
       6
       7
      13
      10
      10
      15
       6
      12
       9
       8
       8
      13
       8
       8
      10
       8
      15
       9
      16
       8
      12
       6
       6
       9
       7
      12
       8
       4
      10
       9
       2
       6
       9
       4
      10
       8
       6
      12
      12
       8
       7
       8
       8
      10
       9
       7
       8
       8
       9
      11
       6
       8
       7
       5
      10
       6
       8
      10
       7
      10
       6
       4
       7
       7
      13
       8
       6
       8
      11
       8
       7
       7
       9
       4
       7
       9
       6
      11
       8
       6
       6
       5
       9
      11
       9
       8
      10
      10
       7
      10
       5
       3
       8
       8
       7
       4
       8
       8
      10
       6
      12
       5
       5
      13
       4
       4
       4
       9
       9
      12
       4
       7
       4
      10
      10
       7
       8
       4
       6
      10
       5
       4
       9
       8
       5
       5
       8
       6
      10
       9
       8
       6
       8
       5
       6
       9
       9
       6
      10
      13
       5
       6
       6
       6
       7
       8
       6
       8
       3
       8
      13
      13
       4
      11
       4
       7
       4
      11
       8
       4
       9
       3
       8
       4
       8
       4
       3
       7
      16
      10
      12
       8
       5
       6
       4
       8
       8
      11
       5
      12
       9
       7
      11
      16
       7
       6
       2
      10
       6
       3
      12
       8
       5
       5
       1
       7
       5
       4
       6
       6
       6
       6
       2
       4
       6
       4
       6
       8
       4
       6
       7
       3
       9
      10
      10
       6
       6
       2
       5
       8
       4
       4
       5
       9
       7
       4
       6
       4
       7
       6
       6
       2
       9
       4
       5
       4
       7
       5
       4
       7
      10
       6
       6
       4
       5
       8
       2
       3
       2
       6
       3
       4
       7
       9
       3
       4
       7
       4
       5
       3
       7
       7
       2
       4
       5
       4
       2
       6
       6
       3
       6
       4
      12
       5
       4
       8
       7
       5
       7
       4
       9
       3
       7
      11
       6
      13
      19
       2
      11
       9
       9
       7
       5
       4
       9
       7
       4
       5
       6
      10
       4
       8
       6
      12
       1
      10
       1
      10
       5
      13
       2
       7
       9
       9
       3
       4
       6
      10
       7
      11
      11
      12
      18
      11
      19
      20
      17
      15
      13
      13
      11
       9
      15
      12
       6
       6
       5
       7
       5
       7
       2
       4
       7
       8
       7
       6
       6
       8
       3
       5
       4
      12
       8
      11
      11
       5
       8
       7
       5
       4
       4
       5
       6
       9
       6
       6
      11
      12
       8
       2
       9
      15
      10
      17
      14
       9
      12
      11
      11
      15
      20
      22
      18
      29
      15
      24
      20
      22
      21
      17
      30
      42
      39
      33
      41
      50
      34
      47
      38
      55
      78
     103
     157
     176
     220
     260
     231
     191
     135
     115
      64
      67
      46
      55
      44
      48
      43
      17
      25
      28
      32
      29
      16
      16
      18
      19
      20
      22
      12
      12
      11
      16
       8
      10
       9
       9
       7
      13
       9
       9
       7
      11
       4
       7
       2
       3
       3
       7
       7
      10
       7
       4
       2
       9
       5
       6
       7
       6
       4
       4
       1
       6
       6
       8
       7
       3
       8
       4
       5
       3
       7
       5
       2
       3
       8
       6
       2
       4
       6
       6
       5
       4
       2
       4
      13
       7
       4
       5
       5
       5
       2
       4
       5
       8
       3
       9
       4
       8
       2
       8
       8
       8
      10
       5
       8
       5
       1
       7
       4
       6
       6
       6
       7
       7
       3
       2
       7
       2
       2
       6
       2
       4
       6
       4
       5
       3
       3
       6
       6
       3
       2
       2
       9
       8
       4
       1
       8
       4
      12
       4
       2
       5
       3
       5
       6
       7
       6
       4
       6
       4
       6
       4
       3
       4
       2
       3
       8
       7
       6
       5
       7
       1
       2
       4
       4
       3
       4
       5
       7
       6
       2
       5
       2
       2
       5
       5
       6
       5
       5
       2
       3
       4
       4
       4
       4
       4
       4
       1
       5
       3
       2
       6
       5
       6
       6
       8
       6
       8
       7
       4
       8
       3
       6
       4
       4
       7
       3
       8
       2
       4
       5
       5
      11
       3
       4
       5
       6
       7
       8
       2
       6
       2
       6
       5
       3
       5
       7
       7
       6
       3
       7
       4
       7
       5
       4
       8
       1
       5
       3
       4
       3
       5
       7
       4
       3
       3
       5
       8
       5
       3
       1
       5
       7
       2
       2
       5
       5
       9
       6
       4
       7
       6
       6
       9
       8
       6
       1
       8
       9
       4
       3
       6
       8
      10
       6
      10
       7
       6
       5
      10
       4
       6
       5
       1
       4
       4
       4
       6
       8
       4
       4
       2
       1
       9
       6
       5
       9
       3
       5
       5
       5
       3
       4
       4
       8
       1
      10
       4
       4
       6
       4
       9
       5
       1
       6
       5
       5
       9
       5
       4
       1
       2
       5
       4
       2
       7
       3
       2
       8
       8
       7
       3
       3
       9
       4
       5
       4
       2
       2
       8
       1
       8
       7
       5
       4
       6
       3
       3
      10
       4
       5
       2
       4
       6
       5
       7
       5
       0
       5
       3
       5
       3
       5
       6
       5
       3
       4
       5
       4
       3
       2
       4
       5
       5
       8
       5
       7
       5
       6
       3
       4
       5
       3
       7
       3
       3
       2
       8
       6
       3
       6
       4
       9
       4
       4
       4
       5
       6
       8
       6
       2
       3
       6
       9
      10
       6
       5
       2
       6
       5
       8
       7
       2
       7
       3
       2
       6
       6
       6
       3
       2
       4
       1
       4
       2
       1
       6
       4
       6
       7
       2
       5
       5
       3
       6
       6
       7
       1
       5
       3
       4
       2
       5
       3
       3
       2
       6
       5
       4
      11
       5
       3
       3
      11
       5
       2
       4
       5
       4
       6
       6
       3
       2
       2
       0
       4
       4
       5
       3
       5
       3
       7
       4
       8
       3
       4
       4
       3
       2
       3
       4
       6
       2
       2
       4
       1
       3
       5
       8
       4
       4
       5
       4
       4
       4
       4
       7
       2
       0
       7
       7
       5
       3
       6
       8
       5
       1
       1
       4
       5
       6
       6
       6
       8
       6
       9
      11
       3
       7
       2
       6
       4
       6
       6
       2
       6
       4
       7
       1
       5
       4
       5
       4
       6
       6
       6
       5
       2
       3
       4
       4
       2
       1
       4
       4
       4
       8
       4
       3
       1
       3
       6
       4
       4
       5
       4
       1
       4
       5
       2
       6
       3
       1
       3
       5
       8
       5
      10
       4
       7
       4
       4
       7
       3
       5
       5
       5
       0
       5
       6
       5
       4
       5
       7
       5
       7
       5
       3
       3
       5
       5
       5
       2
       1
       5
       4
       4
       3
       3
       8
       5
      10
       7
       6
       2
       6
       5
       2
       2
       6
       6
       2
       4
       6
       4
       4
       5
       7
       7
       4
       6
      12
       5
       5
       4
       5
       5
       3
       3
       3
      11
       5
       3
       4
       4
       2
       5
       4
       6
       2
       2
       1
       3
       6
       2
       4
       2
       1
       4
       6
       4
       1
       6
       5
       3
       4
       2
       3
       8
       6
       3
       3
       7
       0
       3
       2
       5
       4
       4
       3
       3
       2
       4
       6
       3
       7
       4
       6
       5
       4
       5
       4
       5
       4
       7
       3
       3
       3
       4
       2
       2
       2
       3
       6
       4
       2
       5
       5
       5
       5
       2
       7
       3
       4
       3
       4
       4
       4
       4
       4
       7
       4
       3
       5
       4
       3
       4
       2
       7
       5
       5
       4
       4
       3
       7
       4
       6
       6
      11
       3
       6
       6
       4
       0
       6
       6
       6
       6
       6
       3
       1
       8
       5
       6
       3
       4
       3
       6
       4
       3
       3
       5
       4
       0
       3
       1
       3
       4
       5
       3
      12
       4
       3
       4
       3
       2
       9
       6
       5
       3
       4
       5
       3
       1
       3
       3
       2
       6
       5
       3
       3
       3
       5
       9
       5
       2
       4
       3
       4
       5
       8
       6
       2
       5
       3
       4
       2
       6
       6
       5
       2
       6
       4
       2
       6
       3
       4
       8
       6
      10
       5
       3
       4
       1
       5
       5
       0
       7
       5
       1
       4
       6
       8
       2
       1
       4
       2
       6
       9
       6
       4
       4
       7
       2
       7
       3
       7
       0
       1
       2
       7
       3
       4
       2
       5
       3
       4
       6
       4
       4
       5
       5
       1
       6
       2
       5
       7
       5
       4
       3
       4
       1
       5
       3
       1
       6
       4
       2
       4
       3
       5
       5
       2
       7
       5
       6
       5
       3
       4
       7
       3
       2
       2
       8
       6
       6
       5
      10
       4
      12
       6
       9
       8
       8
      11
       5
       6
       8
       5
       9
       4
       4
       3
       3
       1
       4
       3
       4
       3
       7
       4
       4
       4
       5
       2
       6
       8
       2
      10
       6
       4
       6
       3
       0
       5
       8
       5
       3
       3
       7
       7
       1
       4
       8
       0
       2
       5
       2
       3
       6
       2
       1
       1
       7
       4
       3
       3
       3
       4
       4
       4
       3
       4
       4
       6
       7
       7
       2
       7
       3
       3
       4
       1
       4
       3
       4
       5
       4
       2
       8
       8
       3
       5
       5
       4
       2
       6
       8
       3
       3
       3
       2
       3
       2
       1
       8
       3
       4
       2
       7
       7
       1
       1
       2
       4
       6
       3
       4
       1
       9
       2
       4
       5
       5
       5
       4
       7
       5
       6
       2
       4
       5
       5
       2
       6
       3
       2
       4
       3
       4
       2
       7
       1
       4
       2
       5
       4
       4
       5
       2
       7
       7
       1
       4
       2
       4
       1
       3
       6
       3
       3
       8
       1
       3
       1
       5
       3
       0
       6
       6
       6
      12
       1
       5
       3
       0
       5
       2
       4
       1
       5
       4
       9
       3
       3
       6
       3
       4
       2
       3
       2
       1
       6
       2
       4
       5
       2
       2
       5
       2
       4
       5
       5
       5
       4
       7
       7
       3
       4
       5
       4
       3
       7
       5
       5
      10
       5
       5
       3
       4
       1
       3
       5
       2
       3
       3
       4
       2
       5
       5
       5
       2
       8
       2
      10
       1
       5
       6
       3
       6
       3
       4
       6
       2
       7
       3
      10
       1
       2
       2
       6
       6
       4
       7
       3
       5
       6
       8
       6
       5
       5
       5
       2
       5
       5
       5
       7
       0
       5
       2
       3
       6
       5
       4
      10
       3
       6
       7
       4
       8
       8
       1
       4
       2
       4
       8
       4
       6
       6
       3
       4
       2
       3
       9
       3
       6
       6
       1
       9
       7
       3
       6
       4
       4
       4
       4
       2
       3
       4
       6
       1
       6
       3
       4
       6
       5
       5
       6
       4
       4
       7
       5
       4
       2
       7
       3
       0
       1
       2
       5
       2
       3
       4
       3
       1
       4
       6
       2
       5
       5
       2
       5
       6
       3
      10
       0
       7
       1
       2
       4
       2
       1
       4
       2
       1
       4
       6
       3
       4
       6
       1
       1
       4
       7
       6
       4
       4
       5
       2
       0
       1
       3
       2
       4
       1
       2
       3
      10
       4
       3
       4
       2
       2
       4
       7
       3
       5
       2
       2
       5
       5
       3
       3
       1
       6
       7
       8
       3
       3
       3
       3
       3
       5
       6
       1
       3
       2
       4
       1
       3
       4
       8
       2
       2
       2
       2
       5
       6
       3
       5
       1
       6
       4
       8
       3
       6
       7
       4
       0
       5
       4
       8
       4
       3
       5
       0
       1
       3
       3
       4
       7
       4
       5
       3
       8
       4
       7
       3
       2
       2
       9
       7
       0
       4
       2
       6
       4
       4
       8
       5
       2
       4
       4
       5
       5
       1
       8
       4
       5
       1
       5
       3
       4
       7
       5
       4
       3
       3
       5
       6
       4
       6
       3
       1
       2
       6
       2
       2
       3
       6
       1
       6
       4
       4
       8
       3
       2
       8
       5
       3
       5
       3
       2
       3
       4
       2
       2
       5
       5
       1
       6
       6
       3
       5
       6
       1
       0
       2
       4
       2
       6
       5
       5
       3
       4
       3
       3
       4
       1
       1
       4
       2
       3
       2
       3
       3
       4
       1
       5
       3
       2
       6
       5
       4
       4
       3
       4
       2
       4
       4
       5
       1
       4
       6
       3
       3
       4
       0
       5
       3
       4
       3
       4
       3
       1
       2
       3
       2
       4
       2
       4
       1
       6
       2
       4
       5
       0
       3
       2
       4
       2
       3
       2
       3
       3
       5
       2
       5
       2
       5
       7
       3
       2
       4
       3
       3
       1
       2
       5
       2
       1
       5
       5
       5
       4
       3
       4
       4
       6
       2
       2
       6
       5
       3
       7
       4
       2
       3
       2
       2
       4
       0
       4
       3
       3
       1
       3
       3
       5
       5
       6
       6
       1
       2
       2
       2
       2
       2
       4
       4
       5
       2
       2
       1
       4
       4
       6
       3
       4
       3
       1
       2
       6
       6
       2
       0
       5
       5
       1
       7
       3
       3
       4
       5
       3
       4
       2
       1
       3
       7
       1
       3
       4
       4
       4
       4
       2
       3
       4
       5
       0
       3
       2
       3
       5
       3
       2
       2
       4
       3
       3
       4
       5
       3
       2
       2
       4
       3
       2
       1
       2
       1
       0
       6
       3
       1
       2
       3
       2
       4
       2
       3
       2
       2
       3
       4
       1
       2
       6
       3
       3
       4
       1
       4
       4
       4
       3
       7
       5
       3
       3
       2
       1
       3
       2
       1
       1
       3
       5
       1
       1
       1
       2
       4
       2
       3
       4
       5
       3
       6
       2
       3
       2
       4
       2
       0
       3
       2
       2
       3
       4
       4
       1
       4
       6
       4
       5
       2
       3
       2
       3
       5
       1
       5
       2
       4
       2
       4
       0
       4
       4
       2
       3
       6
       1
       4
       3
       3
       4
       4
       2
       2
       2
       5
       3
       3
       5
       7
       3
       4
       5
       4
       4
       2
       2
       2
       6
       2
       1
       4
       3
       1
       3
       2
       2
       2
       7
       1
       2
       4
       2
       2
       3
       2
       4
       3
       3
       4
       3
       1
       2
       3
       3
       3
       3
       0
       3
       7
       4
       5
       0
       3
       5
       6
       4
       2
       2
       3
       5
       3
       1
       2
       2
       1
       1
       3
       2
       5
       0
       3
       2
       2
       1
       6
       2
       5
       2
       6
       7
       5
       6
       5
       4
       4
       6
       3
       4
       1
       0
       0
       3
       0
       2
       2
       2
       5
       3
       4
       3
       4
       1
       2
       5
       3
       3
       0
       1
       0
       3
       6
       2
       4
       2
       5
       1
       3
       4
       1
       2
       3
       4
       2
       4
       2
       4
       3
       1
       1
       1
       2
       2
       2
       0
       2
       4
       5
       2
       1
       4
       2
       1
       1
       2
       1
       5
       1
       4
       2
       5
       2
       5
       3
       1
       5
       3
       3
       2
       0
       2
       2
       3
       3
       1
       3
       3
       2
       4
       1
       3
       2
       1
       0
       2
       1
       1
       4
       3
       5
       1
       0
       6
       1
       2
       2
       2
       4
       1
       5
       4
       0
       1
       2
       1
       2
       3
       5
       2
       2
       5
       1
       1
       6
       1
       7
       1
       7
       3
       5
       2
       2
       1
       7
       3
       2
       3
       3
       3
       4
       2
       1
       4
       7
       7
       5
       1
       3
       6
       7
       4
       4
       6
       7
       5
       1
       6
       6
       7
       4
       5
       5
       4
       8
       5
       4
       4
       7
       7
       7
      10
       9
       5
       3
      10
       7
       8
       6
       7
       6
       4
       3
       7
       2
      12
       6
       5
       7
       6
       3
       5
       4
       1
       5
       6
       8
       6
       8
       5
       5
       3
       3
       5
       4
       3
       7
       9
       7
       7
       5
       4
       2
       3
       4
       7
      11
       3
       4
       3
       8
       4
       5
       7
       3
       5
       6
       2
       8
       3
       6
       4
       2
       3
       8
       5
       2
       3
       0
       5
       3
       3
       2
       6
       6
       6
       5
       5
       3
       4
       6
       7
       5
       3
       2
       6
       2
       2
       8
       2
       1
       2
       5
       3
       1
       3
       5
       3
       3
       1
       3
       3
       7
       4
       1
       8
       4
       2
       4
       1
       3
       4
       2
       3
       3
       4
       2
       4
       1
       2
       4
       0
       2
       3
       4
       2
       3
       3
       3
       2
       0
       3
       5
       1
       1
       2
       3
       4
       6
       4
       0
       2
       1
       3
       2
       7
       3
       3
       2
       3
       2
       3
       1
       2
       1
       2
       3
       2
       1
       2
       2
       4
       2
       3
       3
       2
       5
       3
       2
       2
       1
       4
       8
       1
       2
       2
       2
       1
       3
       2
       1
       2
       1
       1
       3
       2
       3
       3
       1
       2
       3
       1
       2
       2
       2
       2
       1
       1
       2
       4
       2
       3
       0
       7
       1
       1
       3
       1
       2
       4
       2
       1
       4
       1
       4
       4
       1
       2
       3
       3
       5
       1
       0
       3
       2
       4
       4
       3
       3
       1
       3
       3
       3
       5
       4
       2
       2
       4
       3
       2
       2
       3
       1
       2
       1
       2
       2
       3
       5
       0
       4
       3
       3
       0
       1
       2
       4
       1
       2
       3
       3
       0
       2
       0
       3
       1
       2
       4
       2
       2
       3
       2
       2
       2
       4
       4
       4
       1
       1
       2
       2
       3
       3
       5
       9
       7
      12
      19
      21
      32
      13
       8
      16
       9
       4
       4
       4
       0
       2
       5
       1
       3
       3
       2
       7
       3
       3
       3
       2
       2
       3
       3
       1
       6
       3
       2
       3
       1
       3
       2
       1
       2
       4
       0
       3
       0
       0
       3
       5
       3
       4
       1
       0
       1
       3
       2
       3
       0
       2
       2
       2
       1
       4
       2
       2
       3
       1
       1
       3
       2
       1
       1
       1
       0
       0
       5
       3
       0
       1
       1
       1
       0
       5
       2
       0
       3
       6
       3
       3
       2
       2
       3
       3
       0
       3
       3
       1
       2
       2
       7
       0
       4
       3
       4
       1
       1
       3
       0
       1
       5
       5
       4
       1
       5
       1
       0
       3
       1
       4
       6
       3
       4
       2
       4
       5
       2
       0
       3
       1
       2
       2
       4
       4
       1
       2
       1
       1
       4
       3
       2
       4
       1
       1
       3
       0
       0
       3
       1
       4
       1
       3
       3
       1
       2
       0
       1
       2
       5
       2
       2
       1
       1
       3
       2
       0
       6
       0
       2
       3
       1
       4
       1
       3
       4
       3
       2
       0
       1
       3
       3
       3
       4
       3
       5
       2
       4
       1
       1
       4
       3
       1
       2
       3
       4
       0
       2
       4
       2
       3
       2
       0
       3
       3
       2
       3
       4
       3
       2
       4
       5
       2
       1
       4
       2
       1
       3
       7
       2
       4
       2
       2
       2
       1
       2
       3
       1
       1
       5
       1
       2
       1
       2
       3
       0
       2
       2
       5
       3
       1
       0
       1
       4
       4
       2
       3
       1
       1
       0
       3
       4
       2
       2
       2
       2
       3
       2
       3
       3
       3
       0
       2
       4
       4
       1
       2
       3
       3
       1
       3
       1
       4
       4
       3
       3
       3
       3
       1
       4
       2
       1
       2
       4
       1
       2
       1
       2
       2
       1
       3
       2
       2
       0
       3
       2
       1
       4
       1
       1
       3
       4
       1
       0
       1
       2
       1
       3
       3
       2
       1
       0
       3
       1
       1
       1
       2
       1
       1
       2
       0
       2
       3
       1
       2
       3
       7
       1
       4
       2
       4
       2
       1
       4
       0
       1
       3
       4
       0
       3
       0
       1
       2
       3
       1
       0
       1
       1
       3
       0
       1
       4
       5
       2
       0
       4
       3
       1
       0
       3
       1
       2
       5
       1
       2
       3
       2
       2
       1
       2
       3
       1
       1
       2
       2
       3
       0
       2
       0
       1
       1
       1
       1
       0
       1
       2
       1
       1
       2
       3
       1
       0
       1
       0
       2
       2
       2
       3
       2
       4
       4
       1
       0
       2
       4
       3
       4
       3
       1
       2
       3
       0
       2
       4
       3
       5
       2
       2
       2
       1
       2
       2
       5
       4
       2
       1
       2
       4
       3
       2
       3
       0
       3
       4
       0
       2
       3
       3
       4
       2
       4
       0
       1
       0
       3
       1
       1
       2
       4
       2
       4
       2
       1
       1
       5
       1
       4
       2
       3
       1
       1
       2
       2
       1
       1
       5
       0
       3
       4
       1
       1
       3
       3
       2
       0
       2
       2
       4
       1
       3
       3
       1
       1
       2
       1
       3
       2
       1
       7
       2
       1
       1
       3
       0
       2
       6
       2
       2
       0
       1
       5
       2
       3
       2
       0
       1
       2
       1
       1
       2
       1
       3
       1
       4
       2
       3
       1
       2
       2
       5
       3
       0
       2
       1
       0
       0
       2
       1
       3
       4
       2
       2
       0
       1
       1
       0
       1
       1
       2
       1
       2
       2
       1
       4
       2
       0
       1
       2
       1
       0
       1
       1
       4
       3
       2
       2
       2
       1
       1
       4
       2
       0
       1
       4
       2
       4
       1
       3
       2
       0
       2
       2
       2
       2
       3
       2
       3
       4
       3
       3
       2
       0
       4
       0
       0
       2
       3
       3
       2
       3
       3
       0
       2
       1
       3
       3
       1
       1
       1
       1
       3
       0
       2
       1
       1
       2
       3
       2
       4
       3
       1
       2
       1
       6
       4
       5
       1
       2
       1
       0
       3
       1
       1
       0
       3
       4
       0
       2
       0
       2
       2
       1
       2
       2
       3
       1
       1
       2
       7
       2
       1
       2
       0
       3
       1
       2
       4
       2
       0
       1
       2
       4
       4
       2
       1
       3
       1
       1
       3
       2
       1
       2
       3
       3
       4
       2
       2
       0
       2
       0
       1
       0
       4
       1
       3
       2
       2
       1
       1
       4
       2
       2
       2
       0
       2
       1
       1
       2
       0
       1
       2
       2
       1
       1
       2
       0
       2
       0
       4
       2
       3
       0
       2
       1
       2
       2
       2
       1
       2
       2
       1
       0
       3
       2
       0
       0
       5
       2
       1
       5
       0
       3
       1
       0
       1
       0
       1
       3
       1
       2
       1
       2
       1
       2
       4
       2
       1
       4
       1
       0
       2
       1
       1
       1
       2
       3
       3
       2
       2
       2
       2
       1
       2
       3
       2
       0
       3
       1
       2
       2
       0
       1
       1
       2
       3
       2
       1
       2
       1
       4
       3
       2
       3
       0
       2
       2
       0
       3
       1
       0
       2
       1
       2
       1
       1
       2
       3
       3
       2
       1
       2
       0
       0
       1
       2
       3
       1
       2
       0
       1
       0
       2
       1
       3
       2
       2
       1
       5
       2
       6
       1
       0
       1
       1
       0
       2
       3
       1
       3
       3
       3
       1
       2
       2
       3
       2
       5
       0
       2
       1
       3
       3
       1
       1
       2
       3
       1
       2
       1
       0
       0
       4
       1
       7
       1
       1
       2
       1
       2
       5
       1
       1
       4
       2
       2
       2
       3
       1
       0
       2
       3
       3
       4
       2
       3
       1
       1
       3
       4
       4
       0
       6
       2
       1
       3
       3
       1
       0
       2
       5
       4
       0
       4
       3
       1
       4
       1
       3
       7
       5
       4
       4
       4
       5
       2
       2
       8
       3
       5
       5
       1
       3
       2
       4
       5
       3
       3
       3
       1
       3
       0
       2
       1
       1
       3
       4
       3
       2
       2
       3
       2
       0
       0
       2
       3
       1
       1
       1
       2
       2
       3
       0
       5
       3
       6
       3
       2
       4
       1
       1
       0
       2
       1
       0
       1
       1
       2
       0
       0
       1
       3
       3
       3
       1
       1
       3
       2
       1
       1
       0
       4
       1
       1
       0
       0
       1
       1
       3
       2
       0
       5
       4
       6
       1
       2
       4
       2
       1
       1
       1
       3
       2
       1
       3
       1
       2
       3
       3
       0
       2
       1
       2
       1
       3
       0
       2
       0
       1
       1
       3
       3
       3
       1
       2
       1
       0
       0
       1
       1
       0
       3
       2
       1
       2
       0
       1
       1
       3
       6
       1
       2
       2
       1
       2
       1
       1
       0
       1
       1
       0
       2
       2
       0
       3
       0
       2
       3
       0
       4
       1
       3
       1
       2
       4
       5
       3
       2
       1
       0
       1
       2
       2
       1
       3
       0
       1
       3
       1
       0
       2
       0
       3
       1
       2
       5
       6
$ROI:
0
$PRESETS:
Live Time
86400
0
$ENER_FIT:
0.137869 0.366631
$MCA_CAL:
3
1.378689E-001 3.666307E-001 -4.415950E-008 keV
$SHAPE_CAL:
3
2.301834E+000 9.195991E-004 -5.357180E-008
