$SPEC_ID:
Molnar Range
$SPEC_REM:
DET# 1
DETDESC# HPGe Detector 1
AP# GammaVision Version 6.07
$DATE_MEA:
10/23/2015 10:20:33
$MEAS_TIM:
3600 3730
$DATA:
0 8191
       0
       0
       0
       0
    1664
    2483
    1368
     986
     782
     747
     841
     838
     940
     867
     890
    1035
    1054
    1149
    1259
    1305
    1362
    1406
    1412
    1439
    1419
    1357
    1359
    1389
    1320
    1204
    1099
    1010
    1028
     936
     747
     722
     704
     741
     914
     874
     591
     489
     452
     489
     463
     468
     570
     546
     537
     502
     444
     465
     501
     498
     489
     499
     550
     540
     588
     528
     538
     589
     633
     920
    2829
    6113
    5819
    2540
     886
     650
     798
    1171
    1328
    1823
    2179
    1828
    1225
     844
     754
     694
     745
     795
     877
     872
     906
     916
     965
    1028
    1074
    1248
    1376
    1392
    1347
    1339
    1384
    1482
    1535
    1683
    1822
    2006
    2109
    2252
    2499
    2790
    3024
    3271
    3463
    3659
    3952
    4145
    4512
    4797
    5134
    5544
    6511
    6992
    7710
    8370
    9352
    9742
   10124
   10758
   11415
   12349
   13347
   14673
   16154
   18039
   20518
   23797
   27641
   33242
   39287
   44771
   48905
   52841
   52274
   49224
   46080
   44359
   43325
   44275
   46913
   48761
   50179
   50746
   51166
   49913
   49148
   48252
   46747
   45480
   44065
   42271
   39419
   34031
   27086
   20052
   15592
   16612
   66439
  316784
  628796
  470233
  130044
   13365
     681
     184
     156
     165
     221
     188
     192
     203
     198
     199
     215
     227
     227
     225
     224
     223
     233
     259
     257
     275
     254
     267
     301
     357
     389
     346
     327
     370
     383
     407
     414
     460
     526
     511
     549
     565
     603
     641
     717
     670
     674
     669
     645
     632
     629
     653
     619
     559
     592
     545
     570
     528
     544
     499
     492
     458
     449
     415
     455
     462
     472
     423
     450
     456
     539
     518
     549
     482
     466
     476
     453
     486
     500
     533
     495
     500
     490
     533
     537
     503
     545
     502
     567
     534
     546
     542
     565
     547
     534
     537
     511
     575
     588
     524
     565
     655
     621
     662
     732
     715
     666
     848
    1912
    3834
    3705
    1791
     679
     495
     658
     743
     766
     561
     726
    2197
    4364
    4046
    1621
     386
     177
     192
     181
     166
     181
     209
     262
     227
     201
     189
     189
     186
     198
     210
     206
     166
     221
     245
     176
     188
     190
     228
     220
     228
     293
     305
     340
     371
     338
     261
     228
     205
     221
     222
     209
     271
     286
     274
     249
     274
     259
     315
     258
     213
     230
     231
     185
     209
     209
     311
     516
     705
     507
     328
     210
     367
    1097
    1949
    1677
     627
     176
      90
      76
      88
     127
     103
      86
     109
      89
      94
      98
      86
      90
     102
      92
     115
      94
      93
     108
      89
      88
     100
      80
      99
      96
      91
      83
      84
     105
      85
      80
      87
      94
      87
     102
     119
      99
      93
      97
      87
      93
      88
     103
     102
     100
      99
      90
      93
      92
     103
      94
      85
     105
     134
     259
     419
     356
     186
      88
      81
      78
      79
      90
      96
     119
     133
     141
     105
      97
      74
      81
      94
      75
      66
      88
      83
      84
      71
      94
     109
      82
      68
      84
      76
      96
      95
      80
      77
      84
      91
      79
      85
      89
      76
      74
      91
      96
      90
      72
      62
      90
      91
      76
      94
     128
     128
      92
     104
      99
     111
      88
      79
      76
      80
      87
      92
     111
     181
     228
     174
      96
      77
      67
      70
      70
      52
      76
      65
      67
      78
      72
      81
      70
      93
      86
      82
      75
      86
      64
      63
      57
      80
      75
      87
      67
      68
      67
      71
      79
      77
      73
      69
      70
      72
      75
      66
      81
      58
      73
      75
      80
      83
      63
      77
      65
      70
      75
      69
      65
      64
      62
      59
      60
      74
      70
      78
      66
      69
      58
      86
      73
      59
      62
      52
      66
      64
      76
      72
      68
      63
      65
      54
      79
      74
      73
      63
      81
      65
      53
      71
      79
      62
      53
      64
      59
      41
      61
      56
      52
      64
      60
      62
      61
      64
      64
      60
      54
      61
      58
      72
     131
     313
     718
     812
     501
     153
      43
      50
      29
      40
      38
      43
      43
      48
      46
      38
      41
      45
      48
      56
      46
      33
      43
      43
      47
      31
      44
      52
      41
      45
      35
      48
      40
      36
      30
      42
      39
      34
      73
      95
      70
      50
      48
      41
      23
      35
      41
      40
      39
      37
      36
      51
      49
      32
      48
      47
      29
      33
      43
      47
      38
      46
      37
      44
      34
      38
      24
      29
      33
      40
      34
      42
      27
      34
      47
      32
      37
      29
      32
      48
      40
      30
      30
      34
      33
      36
      44
      31
      33
      36
      25
      32
      39
      33
      37
      28
      26
      33
      35
      33
      26
      39
      32
      32
      47
      36
      21
      43
      32
      40
      41
      39
      32
      33
      32
      35
      28
      41
      37
      40
      32
      33
      35
      37
      34
      22
      27
      25
      40
      28
      33
      31
      28
      31
      31
      31
      17
      27
      32
      36
      30
      26
      27
      30
      33
      35
      42
      37
      37
      18
      18
      20
      28
      25
      30
      33
      39
      25
      34
      36
      35
      23
      38
      39
      52
      49
      48
      31
      35
      28
      35
      25
      29
      29
      29
      30
      33
      32
      27
      29
      24
      31
      38
      31
      24
      27
      46
      37
      36
      35
      24
      33
      46
      33
      32
      34
      28
      27
      20
      22
      31
      21
      28
      22
      29
      38
      29
      23
      28
      26
      23
      29
      26
      28
      30
      25
      25
      15
      33
      17
      25
      21
      25
      29
      35
      24
      16
      29
      30
      25
      33
      25
      32
      24
      34
      45
      35
      21
      28
      19
      30
      26
      18
      24
      17
      22
      19
      18
      32
      25
      24
      23
      34
      50
      41
      40
      33
      17
      23
      22
      19
      22
      25
      22
      32
      21
      21
      20
      30
      25
      26
      32
      31
      19
      27
      25
      24
      22
      28
      19
      21
      28
      29
      30
      68
     115
     139
      95
      59
      31
      20
      21
      15
      20
      18
      16
      19
      15
      22
      33
      18
      20
      20
      25
      23
      16
      24
      25
      22
      26
      29
      25
      43
      69
     113
     179
     112
      74
      40
      20
      20
      17
      24
      15
      20
      28
      27
      21
      20
      21
      19
      19
      22
      22
      15
      16
      19
      13
      18
      29
      68
     133
     129
      93
      44
      24
      28
      36
     126
     333
     481
     332
     146
      45
      15
      19
       8
      17
      15
      11
      17
      15
      20
      20
      30
      26
      22
      14
      13
      10
      11
      14
      12
      17
       6
      16
      17
      15
      17
      14
      14
      13
      11
      12
      19
      11
       9
      14
      16
       8
      18
       7
      20
      17
      14
      14
       9
      15
      10
      16
       7
       8
      12
       9
      14
       8
      11
      14
      13
      12
      11
      14
      14
      15
      18
      11
      11
      15
      11
      10
      19
      12
      17
      12
      13
       6
       8
      11
      15
       7
      10
      12
      11
      20
      11
      12
      13
      15
      52
      95
     171
     204
     128
      47
      14
      21
      39
      63
      58
      22
      19
      12
       9
       8
       9
      10
       9
       7
      17
      16
      35
      78
     128
     108
      69
      29
      10
      10
       6
       8
      11
       7
      13
       5
       6
       8
       8
       9
       5
       8
      15
      31
      46
      11
      17
      14
       8
       6
      13
       6
       9
       5
       6
      11
       9
       4
       8
      14
      10
       6
      15
      10
      16
      12
       7
      10
       9
      13
       7
       5
      11
      15
      18
       4
      11
      14
       9
       6
      14
      16
      11
      18
      20
      14
       8
      11
       6
      13
       5
       9
       8
      16
      12
       7
      11
      12
      10
       8
       8
      13
      13
      11
       6
       6
       9
       6
       6
       7
       9
      10
       9
      10
      11
       8
      13
      12
       8
       8
       8
      11
      20
       8
       9
       9
       9
       5
       9
       5
      12
      11
      19
      14
      17
      13
      17
      11
      10
      14
      22
      19
      29
      23
      11
       7
       8
       6
      12
      12
       6
       9
       7
       7
       8
      10
      11
      10
      12
      18
      36
      34
      18
      11
      12
       6
       6
       7
      13
       4
      12
       5
       7
      10
       9
       7
       9
       5
       9
       5
       6
       8
      12
      10
       9
       6
       7
       6
       6
      11
       6
       8
       9
       8
       7
      11
      12
      17
      10
      13
       9
      13
       9
      12
      13
      11
      10
       6
       6
       5
       8
       3
      10
       7
       5
       3
       6
       4
       4
      11
       7
      11
      11
      10
       8
      12
       8
       4
       5
      11
       7
       7
       9
       9
       7
       8
      21
      24
       9
      16
       9
      10
       9
       5
       4
       8
       7
       8
      17
       7
      11
      11
       7
       8
       5
       7
       7
       9
       6
      11
      14
       7
      11
       9
      12
      18
       5
      11
       5
      11
       9
      14
       8
       5
      17
      10
      11
      12
       8
       9
       9
       7
       9
      12
       6
       9
      13
       8
       9
      15
      16
      16
      20
      19
      19
      19
      18
      22
      20
      15
      15
      19
      15
      20
      15
      12
      14
      17
      17
      16
      19
      11
      14
      17
      12
      15
       9
      12
      22
      13
       7
      12
       8
      16
      10
       9
      10
       5
       9
       4
      10
       8
       7
       6
       7
       6
       8
       6
      12
      10
      11
       8
       2
      10
      10
       7
       5
       7
       6
       4
       8
       7
       5
       3
       7
       9
       5
       4
       4
       4
       8
       8
       3
       8
       6
       1
       4
       7
       3
       3
       5
       4
       4
       4
       7
       6
       7
       7
       5
       7
       1
       3
       7
       6
       5
      13
      10
      10
      17
      19
      14
      16
      20
      21
      13
       8
      12
       9
       8
      12
       4
       4
       3
       3
       5
       7
       7
       5
       4
       7
       5
       4
       7
       3
       3
       2
      11
       6
       4
       0
       6
       3
       5
       8
       8
      11
       4
       8
       4
       3
       7
       6
       7
       3
       4
       7
       7
       6
       6
       7
       6
       5
       6
       6
       6
       7
       5
       6
       6
       9
       4
       2
       1
       5
       4
       5
       8
       5
       8
       5
       9
       4
       6
       5
       7
       2
       5
       4
       3
       4
       5
       4
       7
       4
       3
       4
       0
       5
       5
       4
       2
       3
       3
       3
       9
       6
       4
       2
       6
       7
       3
       5
       1
       8
       7
       2
       1
       1
       2
       4
       0
       3
       3
       1
       4
       4
       3
       5
       6
       3
       4
       5
       0
       4
       5
       5
       7
       7
       6
       4
       1
       5
       1
       6
       5
       4
       4
       1
       3
       4
       2
       2
       8
       4
       8
       4
       3
       2
       4
       5
       3
       5
       3
       4
       1
       4
       4
       6
       2
       3
       3
       7
       4
       2
       3
       1
       3
       5
       7
       8
       1
       9
       6
       8
       7
       4
       5
       3
       0
       3
       4
       4
       3
       2
       2
       5
       3
       2
       5
       3
       2
       1
       5
       1
       1
       7
       4
       5
       6
       4
       4
       4
       3
       3
       4
       5
       3
       1
       6
       2
       1
       5
       4
       2
       5
       2
      10
       8
       9
       8
       4
       1
       6
       3
       2
       2
       2
       1
       3
       6
       1
       5
       4
       4
       5
       5
       9
       7
      11
       2
       3
       3
       3
       5
       6
       6
       2
       6
       1
       3
       1
       2
       5
       5
       4
       0
       3
       9
       3
       2
       2
       1
       3
       1
       5
       0
       2
       2
       0
       8
       4
       5
       3
       3
       5
       2
       3
       1
       0
       6
       2
       3
       5
       1
       4
       6
       3
       2
       6
       4
       7
       2
       2
       8
      18
      36
      45
      30
      16
       8
       2
       1
       4
       4
       3
       4
       2
       4
       3
       2
       2
       4
       2
       2
       5
       1
       6
       3
       3
       2
       5
       2
       7
       3
       2
       1
       2
       2
       2
       1
       3
       3
       2
       2
       3
       2
       3
       1
       3
       3
       3
       3
       2
       2
       3
       6
       3
       2
       5
       1
       1
       3
       1
       2
       4
       2
       3
       4
       6
       4
       6
       2
       3
       4
       4
       1
       2
       3
       0
       0
       2
       0
       3
       3
       3
       4
       2
       6
       0
       3
       5
       1
       4
       2
       0
       5
       5
      12
      26
      33
      13
      11
       4
       2
       4
       1
       3
       2
       2
       2
       4
       2
       3
       3
       1
       1
       3
       3
       0
       4
      11
      33
      79
     168
     219
     190
     116
      47
       4
       7
       3
       3
       2
       4
       1
       4
       2
       1
       4
       5
       1
       3
       2
       2
       0
       2
       2
       2
       2
       1
       1
       4
       0
       1
       4
       1
       3
       1
       2
       3
       4
       3
       1
       4
       2
       3
       1
       0
       3
       3
       0
       5
       6
       1
       2
       3
       1
       0
       2
       3
       0
       0
       0
       4
       2
       1
       0
       1
       1
       0
       1
       3
       3
       4
       9
      17
      22
      18
       4
       3
       5
       2
       2
       2
       2
       2
       2
       3
       1
       2
       5
       3
       4
       1
       4
       4
       3
       4
       1
       4
       2
       3
       3
       1
       5
       2
       2
       2
       1
       2
       1
       0
       0
       2
       1
       1
       2
       3
       2
       1
       4
       1
       2
       0
       1
       1
       1
       5
       0
       3
       4
       2
       5
       2
       1
       2
       3
       3
       1
       0
       6
       0
       3
       4
       1
       1
       0
       1
       2
       0
       1
       2
       3
       4
       1
       2
       1
       0
       3
       0
       0
       1
       5
      11
      25
      67
     104
      91
      75
      36
      12
       3
       1
       0
       0
       0
       2
       1
       1
       3
       0
       0
       0
       3
       1
       0
       0
       0
       2
       1
       0
       2
       0
       2
       0
       1
       1
       3
       0
       1
       0
       0
       2
       1
       0
       1
       1
       0
       7
       2
       4
       1
       4
       0
       2
       1
       0
       2
       1
       3
       2
       0
       0
       1
       1
       0
       2
       0
       1
       2
       1
       2
       1
       0
       0
       0
       1
       1
       0
       2
       0
       2
       5
       1
       0
       1
       1
       0
       0
       1
       0
       1
       0
       0
       1
       1
       0
       2
       4
       2
       1
       3
       0
       0
       2
       0
       2
       1
       2
       1
       1
       0
       3
       1
       2
       1
       2
       0
       1
       0
       2
       0
       2
       0
       0
       0
       2
       4
       3
       2
       5
       4
       3
       3
       2
       0
       1
       4
       4
       1
       6
       3
       1
       4
       3
       1
       2
       1
       3
       1
       2
       2
       2
       1
       0
       2
       0
       0
       3
       0
       1
       1
       0
       2
       2
       2
       0
       4
       1
       0
       3
       2
       0
       3
       0
       0
       1
       1
       2
       0
       1
       1
       0
       1
       0
       0
       1
       0
       3
       1
       0
       0
       2
       1
       1
       1
       2
       1
       1
       0
       0
       2
       0
       2
       2
       1
       2
       1
       1
       0
       1
       3
       0
       1
       0
       1
       0
       1
       4
       0
       1
       1
       0
       4
       0
       2
       2
       0
       2
       2
       1
       1
       0
       2
       2
       3
       3
       0
       1
       1
       0
       1
       1
       0
       2
       0
       1
       1
       1
       1
       2
       0
       2
       2
       0
       1
       1
       0
       1
       0
       0
       1
       3
       2
       0
       0
       1
       1
       3
       0
       1
       0
       2
       1
       1
       1
       0
       0
       0
       1
       0
       0
       1
       2
       1
       1
       1
       0
       1
       1
       0
       0
       0
       1
       0
       1
       1
       2
       1
       2
       1
       0
       0
       1
       2
       1
       2
       0
       1
       0
       2
       2
       0
       0
       0
       2
       0
       1
       0
       1
       2
       1
       0
       0
       0
       2
       1
       0
       1
       2
       2
       1
       1
       1
       3
       0
       0
       1
       2
       0
       0
       0
       1
       0
       0
       1
       1
       2
       3
       1
       1
       2
       0
       1
       1
       1
       0
       0
       1
       0
       1
       1
       0
       2
       0
       0
       1
       1
       2
       2
       0
       0
       0
       3
       0
       2
       1
       0
       1
       1
       2
       0
       0
       3
       1
       1
       1
       1
       0
       0
       2
       1
       1
       0
       0
       0
       1
       1
       0
       0
       1
       2
       2
       0
       1
       2
       1
       1
       1
       1
       0
       3
       2
       2
       1
       0
       0
       0
       0
       0
       2
       0
       0
       0
       1
       0
       0
       0
       2
       0
       0
       0
       0
       3
       1
       0
       1
       0
       1
       0
       0
       1
       1
       1
       0
       3
       1
       1
       1
       0
       4
       0
       0
       0
       0
       1
       2
       0
       0
       0
       0
       1
       1
       2
       1
       0
       0
       1
       1
       1
       0
       0
       0
       1
       1
       0
       0
       0
       1
       0
       0
       0
       1
       0
       0
       5
       1
       2
       1
       0
       0
       1
       1
       0
       0
       0
       1
       1
       0
       0
       1
       1
       1
       0
       1
       1
       0
       0
       0
       1
       0
       1
       0
       1
       0
       1
       1
       0
       0
       2
       0
       1
       1
       2
       2
       1
       2
       1
       0
       0
       1
       0
       2
       3
       0
       0
       0
       0
       1
       0
       0
       0
       1
       1
       1
       1
       0
       1
       0
       2
       2
       0
       1
       0
       0
       0
       1
       0
       3
       0
       1
       0
       2
       0
       0
       1
       0
       0
       1
       0
       1
       0
       3
       1
       1
       0
       1
       0
       0
       2
       1
       1
       1
       1
       1
       0
       3
       0
       1
       0
       0
       0
       0
       2
       2
       1
       0
       0
       0
       0
       0
       1
       0
       1
       0
       0
       1
       1
       0
       2
       1
       0
       0
       1
       2
       2
       0
       2
       1
       1
       1
       1
       0
       0
       1
       1
       1
       0
       0
       0
       2
       0
       0
       1
       0
       1
       0
       1
       0
       0
       2
       0
       1
       0
       0
       1
       1
       0
       0
       0
       0
       1
       1
       1
       1
       0
       0
       2
       0
       1
       2
       1
       0
       2
       0
       1
       2
       0
       1
       1
       1
       1
       0
       2
       4
       0
       0
       2
       1
       0
       0
       0
       1
       1
       1
       1
       1
       0
       0
       0
       0
       0
       0
       1
       2
       2
       1
       0
       1
       0
       1
       1
       1
       1
       2
       0
       1
       2
       0
       0
       1
       2
       1
       2
       0
       0
       0
       0
       0
       0
       0
       0
       0
       1
       0
       0
       0
       1
       1
       2
       1
       3
       1
       0
       0
       0
       1
       2
       0
       0
       1
       1
       0
       1
       0
       0
       2
       1
       0
       0
       0
       0
       0
       2
       1
       0
       0
       0
       2
       1
       2
       1
       1
       2
       1
       2
       0
       3
       0
       1
       0
       0
       2
       1
       1
       0
       0
       1
       0
       1
       2
       2
       2
       1
       0
       0
       1
       0
       0
       0
       0
       1
       1
       1
       2
       0
       0
       0
       1
       1
       0
       0
       1
       1
       0
       1
       1
       0
       0
       1
       2
       0
       1
       0
       2
       0
       1
       0
       0
       1
       0
       0
       0
       0
       0
       3
       0
       0
       2
       2
       0
       1
       1
       1
       0
       0
       3
       0
       0
       0
       0
       1
       0
       1
       0
       2
       0
       0
       0
       1
       0
       2
       2
       0
       1
       0
       0
       0
       0
       0
       2
       1
       2
       0
       1
       1
       0
       0
       0
       2
       1
       0
       0
       0
       0
       0
       1
       0
       1
       0
       1
       0
       1
       2
       1
       1
       2
       1
       1
       1
       2
       1
       0
       0
       2
       0
       0
       2
       1
       0
       0
       2
       1
       0
       0
       2
       1
       1
       0
       1
       0
       2
       0
       0
       0
       2
       0
       0
       0
       2
       1
       0
       1
       0
       1
       0
       0
       0
       0
       0
       1
       1
       3
       0
       0
       0
       0
       0
       0
       1
       1
       0
       1
       1
       0
       1
       0
       3
       1
       0
       0
       2
       2
       0
       0
       1
       1
       2
       0
       1
       0
       0
       1
       0
       0
       1
       0
       0
       0
       0
       0
       0
       2
       1
       1
       1
       1
       2
       0
       2
       0
       1
       1
       1
       0
       1
       0
       1
       0
       1
       0
       1
       1
       0
       2
       1
       0
       2
       1
       0
       1
       0
       0
       0
       0
       0
       0
       1
       1
       0
       0
       0
       0
       1
       0
       0
       0
       0
       1
       1
       0
       1
       0
       1
       0
       0
       1
       1
       0
       0
       0
       0
       1
       0
       1
       0
       1
       0
       0
       0
       2
       0
       1
       0
       0
       1
       0
       0
       0
       0
       1
       0
       1
       1
       0
       1
       1
       0
       1
       0
       0
       1
       1
       3
       0
       0
       0
       0
       0
       2
       1
       0
       0
       1
       2
       1
       0
       2
       0
       0
       0
       1
       1
       0
       0
       0
       1
       0
       1
       1
       2
       0
       3
       0
       0
       0
       2
       0
       0
       1
       0
       0
       1
       0
       1
       0
       1
       3
       0
       1
       1
       1
       2
       1
       2
       0
       1
       3
       2
       4
       0
       3
       1
       1
       1
       2
       1
       1
       1
       1
       1
       4
       0
       1
       1
       1
       2
       1
       2
       0
       1
       0
       2
       0
       0
       3
       1
       1
       0
       0
       0
       0
       0
       2
       1
       1
       0
       1
       1
       2
       0
       0
       0
       0
       1
       3
       2
       0
       0
       0
       0
       0
       0
       0
       0
       1
       1
       0
       0
       0
       0
       1
       0
       0
       0
       0
       0
       0
       1
       1
       0
       0
       0
       0
       2
       1
       1
       0
       0
       0
       0
       1
       0
       0
       1
       0
       1
       0
       0
       0
       0
       1
       0
       0
       0
       0
       0
       1
       0
       0
       0
       1
       0
       0
       0
       2
       3
       0
       0
       0
       0
       0
       1
       0
       0
       1
       0
       1
       0
       0
       0
       0
       1
       0
       1
       1
       0
       0
       0
       1
       0
       0
       0
       0
       0
       0
       0
       1
       0
       0
       1
       1
       0
       0
       0
       1
       0
       0
       1
       0
       0
       1
       2
       2
       2
       1
       0
       0
       0
       0
       1
       0
       1
       0
       1
       1
       1
       2
       0
       0
       1
       1
       1
       1
       0
       2
       1
       0
       0
       1
       0
       1
       1
       1
       0
       0
       3
       0
       0
       0
       0
       0
       0
       1
       0
       2
       0
       0
       1
       2
       0
       1
       0
       0
       1
       1
       0
       0
       0
       0
       0
       0
       2
       0
       0
       1
       1
       1
       0
       0
       1
       1
       0
       0
       2
       2
       2
       0
       2
       1
       1
       0
       1
       0
       0
       1
       0
       0
       0
       0
       0
       0
       0
       1
       0
       0
       0
       1
       0
       0
       0
       0
       1
       0
       0
       1
       0
       0
       0
       1
       0
       1
       0
       0
       1
       0
       0
       1
       0
       2
       1
       0
       1
       0
       0
       0
       1
       0
       0
       0
       0
       0
       0
       1
       2
       1
       0
       0
       2
       2
       0
       1
       2
       0
       1
       1
       0
       2
       1
       1
       0
       0
       1
       1
       0
       0
       0
       1
       0
       0
       0
       0
       0
       0
       0
       0
       1
       0
       0
       0
       0
       0
       0
       0
       1
       0
       3
       2
       1
       0
       1
       0
       0
       0
       0
       1
       0
       0
       0
       0
       1
       0
       0
       0
       2
       0
       0
       1
       1
       0
       1
       0
       1
       1
       0
       0
       1
       3
       0
       1
       1
       0
       0
       0
       0
       0
       1
       0
       0
       1
       0
       1
       1
       1
       2
       0
       1
       0
       1
       1
       0
       0
       0
       2
       1
       0
       0
       1
       0
       0
       1
       0
       0
       0
       1
       0
       2
       0
       0
       1
       1
       0
       1
       2
       0
       1
       0
       1
       0
       0
       0
       0
       0
       1
       1
       1
       0
       0
       0
       1
       1
       0
       0
       0
       0
       1
       1
       2
       0
       1
       0
       1
       0
       0
       0
       1
       0
       1
       1
       0
       1
       1
       0
       1
       0
       0
       0
       0
       0
       1
       0
       0
       0
       0
       1
       0
       1
       0
       0
       0
       0
       0
       1
       1
       1
       0
       1
       0
       0
       1
       0
       0
       0
       2
       1
       0
       0
       0
       1
       2
       0
       0
       1
       0
       0
       0
       0
       0
       0
       1
       0
       1
       0
       0
       2
       0
       0
       1
       0
       0
       0
       0
       0
       0
       0
       0
       0
       0
       0
       0
       0
       1
       0
       0
       0
       2
       0
       0
       0
       0
       1
       0
       0
       0
       0
       0
       1
       3
       0
       1
       0
       0
       1
       0
       0
       0
       0
       0
       0
       0
       0
       0
       1
       0
       0
       1
       0
       0
       0
       1
       1
       0
       0
       1
       0
       0
       0
       0
       0
       2
       2
       1
       1
       0
       2
       0
       0
       0
       1
       0
       0
       0
       2
       0
       0
       0
       0
       0
       0
       0
       0
       2
       1
       1
       0
       0
       0
       0
       2
       0
       0
       0
       0
       1
       1
       2
       0
       0
       1
       1
       0
       2
       0
       0
       0
       1
       1
       0
       1
       1
       0
       0
       1
       0
       1
       0
       0
       0
       1
       1
       0
       0
       0
       0
       0
       0
       0
       0
       2
       1
       0
       0
       0
       0
       0
       0
       0
       0
       0
       0
       0
       0
       1
       0
       0
       2
       2
       0
       0
       0
       0
       0
       0
       0
       0
       2
       0
       0
       1
       0
       0
       0
       0
       0
       1
       0
       0
       1
       0
       0
       0
       0
       1
       0
       2
       1
       1
       0
       0
       1
       1
       0
       0
       1
       0
       0
       0
       1
       1
       1
       0
       0
       0
       0
       0
       0
       0
       0
       1
       1
       0
       1
       0
       2
       1
       0
       0
       0
       0
       0
       0
       2
       1
       0
       0
       0
       0
       1
       0
       1
       1
       0
       0
       1
       0
       0
       1
       1
       1
       1
       0
       0
       1
       1
       0
       1
       0
       0
       0
       0
       0
       1
       2
       2
       0
       2
       0
       0
       1
       1
       0
       1
       0
       0
       0
       0
       0
       2
       1
       0
       0
       0
       0
       0
       2
       1
       0
       0
       0
       0
       0
       1
       0
       0
       0
       1
       1
       1
       0
       0
       1
       1
       0
       1
       0
       0
       1
       0
       0
       1
       0
       1
       0
       0
       0
       1
       1
       0
       1
       0
       0
       1
       0
       0
       0
       0
       0
       0
       0
       2
       0
       1
       1
       0
       0
       0
       0
       0
       0
       0
       0
       0
       0
       1
       1
       1
       1
       0
       0
       1
       1
       1
       1
       0
       0
       0
       0
       0
       0
       1
       1
       0
       0
       0
       0
       0
       0
       0
       1
       0
       0
       0
       0
       0
       0
       0
       1
       0
       1
       0
       2
       0
       0
       0
       1
       0
       0
       0
       0
       0
       1
       0
       1
       0
       0
       0
       0
       1
       0
       0
       0
       0
       1
       1
       0
       0
       0
       0
       0
       0
       2
       0
       0
       0
       1
       0
       1
       2
       0
       0
       1
       1
       0
       0
       1
       2
       1
       2
       1
       0
       0
       0
       0
       0
       0
       1
       1
       1
       0
       1
       1
       0
       0
       1
       0
       1
       2
       0
       0
       1
       0
       1
       1
       0
       0
       1
       0
       1
       1
       0
       1
       0
       0
       0
       0
       0
       0
       1
       0
       0
       1
       0
       3
       1
       0
       2
       1
       1
       1
       1
       0
       1
       1
       0
       0
       1
       0
       0
       1
       0
       0
       1
       0
       0
       1
       1
       0
       1
       0
       0
       2
       0
       2
       0
       0
       0
       1
       1
       0
       2
       1
       0
       0
       1
       0
       1
       0
       0
       0
       0
       0
       0
       1
       0
       0
       0
       1
       1
       0
       0
       0
       0
       1
       0
       0
       0
       0
       0
       0
       0
       0
       1
       1
       1
       0
       1
       0
       0
       0
       0
       0
       0
       0
       0
       1
       3
       0
       0
       0
       0
       2
       0
       0
       2
       0
       2
       0
       0
       0
       0
       0
       2
       0
       0
       1
       0
       0
       0
       2
       0
       1
       0
       1
       0
       0
       0
       0
       0
       0
       0
       0
       0
       1
       0
       1
       0
       1
       2
       1
       2
       1
       0
       0
       0
       0
       0
       0
       1
       0
       0
       1
       0
       0
       0
       0
       2
       1
       1
       1
       0
       0
       1
       2
       0
       0
       0
       0
       0
       1
       0
       3
       0
       0
       0
       0
       0
       1
       0
       1
       0
       0
       0
       0
       0
       0
       1
       1
       0
       0
       1
       0
       1
       0
       0
       0
       1
       0
       1
       0
       4
       0
       0
       0
       0
       0
       0
       0
       0
       0
       1
       2
       0
       0
       0
       1
       1
       2
       0
       0
       1
       1
       0
       0
       0
       1
       0
       0
       1
       3
       0
       0
       1
       0
       0
       0
       1
       1
       0
       0
       0
       0
       0
       0
       0
       1
       0
       0
       0
       2
       0
       1
       0
       0
       1
       1
       0
       0
       1
       2
       0
       0
       1
       0
       1
       0
       0
       0
       1
       0
       1
       0
       0
       0
       2
       0
       1
       0
       0
       0
       1
       0
       0
       0
       3
       0
       0
       0
       0
       0
       2
       1
       0
       1
       1
       0
       0
       0
       0
       0
       1
       1
       0
       0
       0
       0
       0
       0
       0
       0
       0
       1
       0
       0
       2
       0
       0
       0
       0
       0
       0
       0
       0
       0
       0
       0
       2
       0
       0
       0
       0
       0
       0
       0
       0
       0
       1
       0
       0
       1
       0
       0
       0
       0
       0
       0
       1
       0
       0
       1
       0
       1
       0
       0
       0
       1
       0
       0
       1
       0
       1
       0
       1
       0
       0
       0
       0
       1
       0
       1
       0
       0
       0
       0
       0
       1
       0
       0
       0
       0
       1
       1
       0
       2
       0
       0
       0
       0
       0
       0
       2
       0
       0
       2
       1
       1
       0
       3
       0
       1
       0
       0
       0
       0
       0
       1
       0
       0
       0
       0
       0
       0
       0
       1
       0
       0
       0
       2
       0
       0
       0
       0
       0
       0
       0
       0
       1
       0
       0
       1
       1
       0
       0
       1
       0
       1
       0
       0
       0
       0
       0
       0
       0
       0
       0
       0
       0
       0
       0
       0
       0
       1
       0
       0
       0
       0
       0
       0
       0
       0
       0
       0
       0
       0
       0
       1
       1
       0
       1
       0
       0
       0
       0
       0
       1
       0
       0
       1
       1
       0
       1
       0
       0
       1
       0
       2
       0
       0
       1
       0
       0
       0
       2
       0
       1
       0
       0
       0
       0
       2
       1
       0
       0
       0
       0
       0
       1
       0
       0
       0
       1
       0
       0
       0
       0
       0
       0
       0
       0
       1
       0
       0
       1
       0
       0
       0
       0
       0
       0
       0
       0
       1
       1
       0
       0
       0
       0
       0
       0
       0
       1
       1
       0
       0
       1
       0
       0
       0
       0
       0
       0
       0
       0
       1
       0
       0
       0
       0
       0
       0
       0
       0
       1
       0
       0
       0
       0
       1
       0
       0
       0
       1
       0
       1
       0
       0
       0
       1
       0
       2
       0
       0
       0
       1
       0
       0
       0
       0
       1
       0
       0
       0
       0
       0
       0
       1
       0
       0
       0
       0
       0
       1
       0
       0
       0
       0
       0
       0
       0
       0
       0
       0
       2
       0
       3
       1
       0
       0
       0
       0
       0
       0
       0
       1
       0
       0
       0
       0
       0
       0
       1
       0
       0
       0
       0
       0
       0
       0
       0
       0
       0
       0
       0
       0
       1
       0
       1
       0
       1
       0
       0
       0
       0
       0
       1
       0
       0
       0
       0
       0
       0
       0
       0
       0
       1
       0
       0
       0
       0
       0
       0
       0
       0
       0
       0
       0
       0
       0
       0
       0
       0
       0
       1
       0
       0
       1
       1
       0
       1
       1
       0
       1
       0
       0
       1
       0
       1
       0
       0
       0
       0
       0
       0
       1
       0
       2
       0
       0
       0
       0
       0
       0
       0
       1
       0
       0
       0
       0
       0
       0
       0
       0
       0
       1
       0
       0
       0
       0
       0
       0
       1
       0
       0
       0
       0
       0
       0
       2
       0
       0
       0
       0
       0
       0
       0
       0
       0
       0
       0
       1
       0
       0
       0
       1
       0
       0
       0
       0
       0
       0
       0
       1
       0
       0
       1
       1
       0
       1
       0
       0
       1
       0
       2
       1
       0
       0
       0
       1
       1
       0
       0
       0
       1
       1
       0
       0
       0
       0
       0
       1
       0
       1
       0
       1
       1
       1
       0
       0
       0
       0
       0
       0
       0
       0
       0
       1
       0
       0
       0
       0
       1
       0
       1
       0
       0
       1
       0
       0
       0
       0
       0
       0
       0
       0
       0
       0
       0
       0
       1
       0
       0
       0
       0
       1
       0
       0
       0
       1
       0
       1
       0
       0
       0
       0
       0
       1
       0
       0
       1
       0
       1
       0
       1
       0
       0
       0
       0
       0
       0
       1
       0
       0
       0
       0
       0
       0
       0
       0
       0
       0
       0
       0
       0
       0
       0
       0
       0
       0
       0
       0
       0
       1
       0
       0
       0
       0
       0
       0
       0
       0
       0
       0
       2
       0
       0
       0
       0
       1
       0
       0
       1
       0
       0
       0
       1
       0
       0
       0
       1
       0
       3
       2
       1
       2
       6
       2
       3
       1
       1
       2
       0
       0
       1
       0
       0
       0
       0
       0
       2
       0
       0
       0
       2
       1
       0
       2
       0
       0
       1
       1
       1
       1
       0
       0
       0
       0
       0
       0
       0
       1
       0
       0
       0
       0
       0
       1
       0
       0
       1
       0
       0
       0
       0
       0
       0
       1
       0
       1
       0
       0
       0
       0
       1
       1
       0
       0
       0
       0
       0
       0
       0
       1
       0
       1
       1
       0
       0
       0
       0
       0
       0
       1
       0
       0
       0
       0
       0
       2
       1
       0
       0
       0
       1
       0
       0
       0
       0
       0
       0
       0
       0
       0
       0
       0
       0
       0
       0
       2
       0
       0
       0
       1
       0
       0
       0
       0
       0
       0
       1
       0
       0
       1
       0
       0
       0
       0
       0
       1
       0
       0
       0
       1
       0
       0
       0
       0
       1
       0
       1
       0
       0
       0
       1
       0
       0
       0
       0
       0
       1
       0
       0
       1
       0
       0
       0
       0
       0
       0
       0
       0
       0
       0
       0
       0
       0
       0
       0
       1
       0
       0
       0
       0
       0
       0
       1
       0
       0
       0
       0
       1
       0
       2
       0
       0
       0
       0
       0
       0
       0
       0
       0
       0
       0
       0
       0
       1
       0
       1
       0
       0
       1
       0
       0
       0
       0
       1
       0
       0
       0
       0
       0
       0
       0
       2
       0
       0
       0
       1
       0
       0
       1
       0
       0
       0
       0
       1
       0
       0
       0
       0
       0
       0
       0
       1
       0
       1
       0
       0
       1
       0
       1
       1
       0
       0
       0
       0
       0
       1
       0
       0
       0
       0
       0
       0
       0
       0
       0
       0
       0
       0
       0
       0
       0
       0
       0
       1
       0
       1
       0
       0
       0
       0
       0
       0
       0
       0
       0
       0
       0
       0
       0
       0
       0
       0
       0
       0
       1
       0
       0
       0
       0
       0
       0
       1
       0
       0
       0
       0
       0
       1
       1
       0
       0
       0
       0
       0
       1
       0
       0
       0
       1
       0
       0
       0
       0
       0
       0
       0
       1
       0
       0
       0
       0
       0
       0
       0
       0
       1
       0
       2
       0
       0
       0
       1
       0
       0
       0
       0
       0
       0
       0
       1
       0
       0
       0
       0
       1
       1
       0
       0
       0
       0
       0
       0
       0
       0
       0
       0
       0
       0
       0
       0
       0
       0
       0
       1
       0
       0
       1
       0
       0
       0
       0
       0
       0
       0
       0
       0
       0
       1
       0
       0
       0
       0
       0
       0
       0
       0
       0
       0
       0
       0
       0
       0
       0
       0
       0
       0
       0
       0
       1
       0
       0
       0
       0
       0
       0
       0
       1
       0
       1
       1
       0
       1
       0
       0
       1
       0
       1
       0
       0
       0
       0
       1
       0
       0
       0
       0
       0
       0
       0
       0
       0
       0
       0
       0
       0
       0
       0
       0
       0
       0
       0
       0
       0
       0
       1
       0
       0
       0
       0
       0
       0
       1
       0
       0
       0
       0
       0
       0
       0
       0
       0
       0
       0
       0
       0
       0
       1
       0
       2
       0
       0
       0
       1
       1
       0
       0
       0
       0
       0
       0
       0
       0
       0
       0
       0
       0
       1
       0
       0
       1
       0
       0
       0
       0
       1
       0
       0
       0
       0
       0
       0
       0
       0
       0
       0
       0
       0
       0
       0
       0
       0
       2
       0
       1
       0
       0
       0
       0
       1
       0
       0
       0
       0
       0
       0
       1
       0
       0
       0
       1
       0
       0
       1
       0
       0
       1
       0
       0
       0
       1
       0
       0
       0
       0
       0
       0
       1
       0
       1
       0
       0
       1
       0
       0
       0
       0
       0
       0
       0
       0
       0
       0
       0
       0
       0
       0
       0
       0
       1
       0
       0
       0
       0
       2
       0
       0
       0
       1
       0
       0
       0
       1
       0
       0
       0
       0
       0
       0
       1
       0
       0
       0
       0
       1
       0
       0
       0
       0
       0
       0
       0
       0
       0
       1
       0
       0
       0
       1
       0
       0
       0
       0
       1
       0
       0
       0
       0
       0
       0
       0
       0
       0
       0
       1
       1
       1
       0
       0
       0
       0
       0
       0
       1
       0
       0
       0
       0
       1
       0
       1
       1
       0
       0
       0
       0
       0
       0
       0
       0
       0
       0
       0
       0
       0
       1
       0
       0
       0
       0
       0
       0
       0
       0
       0
       0
       0
       0
       0
       0
       0
       0
       0
       0
       0
       0
       0
       0
       0
       1
       0
       0
       0
       0
       0
       1
       0
       0
       0
       0
       0
       0
       1
       1
       0
       0
       0
       0
       0
       0
       1
       1
       1
       0
       0
       0
       0
       0
       0
       1
       1
       0
       0
       0
       0
       0
       0
       0
       0
       0
       0
       1
       0
       0
       0
       0
       0
       0
       0
       0
       1
       0
       0
       0
       0
       0
       0
       0
       0
       0
       0
       1
       0
       0
       0
       0
       0
       0
       1
       0
       0
       1
       0
       0
       0
       0
       0
       0
       0
       0
       0
       0
       0
       0
       0
       0
       0
       0
       0
       0
       1
       0
       0
       0
       0
       0
       0
       0
       1
       0
       2
       0
       0
       0
       0
       0
       0
       1
       0
       0
       0
       0
       0
       0
       0
       1
       0
       1
       0
       0
       0
       0
       0
       0
       1
       0
       0
       0
       0
       0
       0
       0
       0
       0
       0
       0
       0
       0
       0
       0
       0
       0
       0
       0
       0
       0
       0
       0
       0
       0
       0
       0
       0
       0
       0
       1
       0
       0
       0
       0
       0
       0
       0
       0
       0
       0
       1
       1
       0
       0
       0
       0
       0
       0
       0
       0
       0
       0
       0
       0
       0
       0
       0
       0
       0
       0
       0
       0
       0
       0
       0
       1
       0
       0
       0
       0
       0
       0
       0
       0
       0
       0
       0
       0
       1
       0
       0
       1
       0
       0
       0
       0
       0
       0
       0
       0
       0
       0
       1
       0
       0
       0
       0
       0
       0
       0
       0
       0
       0
       2
       0
       1
       0
       0
       0
       0
       0
       0
       0
       0
       0
       0
       0
       0
       0
       1
       0
       0
       0
       0
       0
       1
       0
       0
       0
       0
       0
       0
       0
       0
       0
       1
       0
       0
       0
       0
       0
       0
       0
       0
       0
       0
       0
       0
       0
       0
       0
       0
       0
       1
       0
       0
       0
       0
       0
       0
       1
       0
       1
       0
       0
       0
       0
       0
       0
       1
       0
       0
       0
       0
       0
       0
       0
       0
       0
       0
       0
       0
       1
       0
       0
       0
       0
       1
       0
       0
       0
       0
       0
       0
       0
       0
       1
       0
       0
       0
       0
       0
       0
       1
       1
       0
       0
       0
       0
       0
       0
       0
       0
       0
       0
       0
       0
       0
       0
       1
       0
       0
       0
       0
       0
       0
       1
       0
       0
       0
       0
       0
       1
       0
       0
       0
       0
       1
       0
       0
       0
       0
       0
       0
       0
       0
       0
       0
       0
       0
       0
       0
       0
       1
       0
       0
       1
       0
       1
       0
       0
       0
       0
       0
       0
       0
       1
       0
       0
       1
       0
       0
       0
       0
       0
       0
       0
       0
       0
       0
       0
       0
       0
       0
       0
       0
       0
       0
       0
       0
       0
       0
       0
       0
       2
       0
       0
       0
       0
       0
       0
       0
       0
       0
       1
       0
       0
       0
       0
       0
       0
       0
       0
       0
       0
       0
       0
       0
       0
       0
       0
       0
       0
       0
       0
       1
       0
       0
       0
       1
       1
       0
       0
       0
       0
       0
       0
       0
       1
       0
       2
       0
       0
       0
       0
       0
       0
       0
       0
       0
       0
       1
       0
       0
       0
       0
       0
       0
       0
       0
       0
       0
       1
       0
       1
       0
       1
       0
       0
       0
       0
       0
       0
       0
       0
       0
       0
       0
       0
       0
       0
       0
       0
       0
       0
       0
       0
       0
       0
       1
       0
       0
       0
       0
       1
       1
       1
       0
       0
       0
       0
       0
       1
       0
       1
       0
       0
       0
       0
       0
       0
       0
       0
       0
       1
       0
       0
       0
       0
       1
       0
       0
       0
       0
       1
       0
       0
       0
       0
       0
       0
       0
       0
       0
       0
       0
       0
       0
       0
       1
       0
       0
       0
       0
       0
       1
       1
       1
       0
       0
       0
       0
       0
       0
       0
       0
       0
       1
       1
       0
       0
       0
       0
       0
       0
       1
       0
       1
       0
       0
       0
       0
       0
       0
       1
       0
       0
       0
       0
       0
       0
       0
       0
       0
       0
       0
       0
       0
       0
       0
       0
       0
       0
       1
       0
       0
       0
       0
       0
       0
       0
       0
       1
       0
       0
       0
       0
       0
       0
       0
       0
       0
       0
       0
       0
       0
       0
       0
       0
       1
       1
       1
       1
       0
       0
       0
       0
       1
       1
       0
       0
       0
       0
       0
       0
       0
       0
       0
       1
       0
       0
       0
       0
       0
       0
       0
       0
       0
       0
       0
       0
       0
       0
       1
       1
       1
       0
       0
       0
       0
       0
       0
       0
       0
       0
       0
       0
       0
       0
       0
       0
       1
       0
       0
       1
       0
       0
       0
       0
       2
       1
       0
       0
       0
       0
       0
       1
       0
       0
       0
       0
       0
       0
       0
       0
       0
       0
       0
       0
       0
       0
       0
       0
       0
       0
       0
       0
       0
       0
       0
       0
       0
       1
       0
       0
       1
       0
       0
       0
       1
       0
       0
       0
       0
       0
       0
       0
       0
       1
       0
       0
       0
       0
       0
       0
       0
       0
       0
       0
       0
       1
       0
       1
       0
       0
       0
       0
       0
       0
       1
       0
       0
       0
       0
       1
       0
       0
       0
       0
       0
       0
       0
       0
       0
       0
       1
       0
       0
       0
       0
       0
       0
       0
       0
       1
       0
       0
       0
       0
       0
       0
       0
       0
       0
       0
       1
       0
       1
       0
       0
       0
       0
       0
       0
       0
       0
       0
       1
       0
       0
       0
       0
       0
       0
       0
       0
       0
       0
       1
       0
       1
       0
       1
       0
       0
       1
       0
       0
       0
       0
       0
       1
       0
       0
       0
       0
       1
       0
       0
       0
       2
       0
       0
       0
       0
       0
       0
       0
       0
       0
       0
       0
       0
       0
       0
       0
       0
       0
       0
       0
       0
       0
       0
       0
       0
       0
       0
       0
       0
       0
       0
       0
       0
       0
       0
       0
       0
       0
       0
       0
       0
       0
       1
       0
       0
       0
       0
       0
       0
       0
       0
       0
       0
       0
       0
       1
       0
       0
       0
       0
       0
       0
       0
       0
       0
       0
       0
       0
       0
       0
       0
       0
       0
       0
       0
       0
       0
       0
       0
       0
       0
       0
       0
       0
       0
       0
       0
       0
       0
       0
       0
       0
       0
       0
       0
       0
       0
       0
       0
       0
       1
       0
       0
       0
       0
       0
       0
       0
       0
       0
       0
       0
       1
       0
       0
       0
       0
       0
       0
       0
       0
       0
       0
       0
       1
       0
       0
       0
       1
       0
       0
       0
       0
       0
       0
       1
       0
       0
       0
       0
       0
       0
       1
       0
       0
       0
       0
       0
       0
       0
       0
       0
       0
       0
       0
       0
       1
       0
       0
       0
       1
       0
       0
       0
       1
       0
       0
       0
       0
       0
       0
       0
       0
       0
       0
       0
       0
       0
       0
       0
       0
       0
       0
       0
       0
       0
       0
       0
       0
       0
       0
       1
       0
       0
       0
       0
       0
       1
       0
       0
       0
       1
       0
       0
       1
       0
       0
       0
       0
       0
       0
       0
       0
       0
       0
       0
       0
       0
       0
       0
       0
       1
       0
       0
       0
       0
       1
       0
       1
       0
       1
       0
       0
       0
       0
       0
       0
       0
       0
       0
       0
       1
       0
       0
       0
       0
       0
       0
       0
       0
       0
       0
       0
       0
       1
       0
       0
       0
       0
       0
       0
       0
       0
       1
       1
       0
       0
       0
       1
       0
       0
       0
       0
       0
       0
       0
       0
       0
       0
       0
       0
       0
       0
       0
       0
       0
       0
       0
       0
       0
       0
       0
       0
       0
       0
       0
       0
       0
       0
       1
       0
       0
       0
       0
       0
       0
       0
       0
       0
       0
       0
       0
       0
       0
       0
       0
       0
       0
       0
       0
       0
       0
       0
       0
       1
       0
       0
       0
       0
       0
       0
       0
       0
       0
       0
       0
       1
       1
       0
       0
       0
       0
       0
       0
       0
       1
       0
       0
       1
       0
       0
       1
       1
       0
       0
       0
       0
       0
       0
       0
       0
       1
       1
       0
       1
       0
       0
       0
       0
       0
       1
       0
       0
       0
       1
       1
       1
       0
       0
       0
       0
       0
       0
       0
       1
       0
       0
       0
       0
       0
       0
       0
       0
       0
       0
       0
       0
       0
       0
       0
       0
       0
       0
       1
       0
       0
       0
       0
       0
       2
       0
       0
       0
       0
       0
       0
       0
       0
       0
       0
       0
       0
       0
       0
       0
       0
       1
       0
       0
       0
       0
       0
       0
       0
       0
       0
       0
       0
       0
       0
       0
       0
       0
       0
       0
       0
       0
       0
       1
       0
       0
       0
       0
       1
       0
       0
       0
       0
       0
       0
       0
       0
       0
       0
       0
       0
       0
       1
       0
       0
       0
       0
       0
       1
       0
       0
       0
       0
       0
       1
       0
       1
       0
       0
       0
       0
       0
       0
       0
       0
       0
       0
       0
       0
       0
       1
       0
       0
       0
       1
       0
       0
       0
       0
       0
       0
       0
       0
       0
       0
       0
       0
       0
       0
       0
       1
       0
       0
       0
       0
       0
       0
       0
       1
       0
       1
       0
       0
       0
       0
       0
       0
       1
       0
       1
       0
       0
       0
       0
       1
       0
       0
       0
       0
       0
       0
       0
       1
       0
       0
       0
       0
       0
       0
       0
       0
       0
       0
       0
       0
       0
       0
       0
       0
       0
       0
       0
       0
       0
       0
       0
       0
       0
       0
       0
       0
       0
       0
       0
       1
       0
       0
       0
       0
       0
       0
       0
       0
       1
       0
       0
       1
       0
       0
       0
       0
       0
       1
       1
       1
       0
       0
       1
       0
       0
       0
       0
       0
       0
       0
       0
       0
       0
       0
       0
       0
       0
       0
       0
       0
       0
       1
       0
       0
       0
       0
       0
       0
       0
       0
       0
       0
       0
       0
       0
       1
       0
       0
       0
       0
       0
       0
       0
       0
       0
       0
       0
       0
       0
       0
       0
       0
       0
       0
       0
       0
       0
       0
       0
       0
       0
       0
       0
       0
       1
       0
       0
       1
       2
       2
       0
       1
       0
       0
       0
       0
       0
       0
       0
       0
       0
       0
       0
       0
       0
       0
       0
       0
       0
       0
       0
       0
       0
       0
       0
       1
       0
       0
       0
       0
       0
       0
       0
       0
       0
       0
       0
       0
       1
       0
       0
       1
       0
       0
       0
       0
       0
       0
       0
       0
       0
       0
       0
       0
       0
       0
       1
       0
       0
       0
       0
       0
       0
       0
       0
       0
       0
       0
       0
       0
       0
       0
       0
       0
       0
       0
       0
       0
       0
       0
       0
       0
       0
       0
       1
       0
       0
       0
       0
       0
       0
       0
       0
       0
       0
       0
       0
       0
       0
       2
       0
       0
       0
       0
       0
       0
       0
       1
       0
       1
       0
       0
       0
       0
       0
       0
       0
       0
       0
       0
       0
       0
       0
       0
       0
       0
       0
       0
       0
       0
       0
       0
       0
       1
       0
       0
       0
       0
       0
       2
       0
       0
       0
       0
       0
       0
       0
       0
       0
       0
       0
       0
       0
       0
       0
       0
       1
       0
       0
       1
       0
       0
       0
       0
       0
       0
       0
       0
       0
       0
       0
       0
       0
       1
       0
       0
       0
       1
       0
       0
       1
       0
       0
       0
       0
       0
       0
       0
       0
       0
       1
       0
       0
       1
       1
       0
       0
       0
       0
       0
       0
       1
       0
       0
       0
       0
       0
       0
       0
       0
       0
       0
       0
       0
       1
       0
       0
       0
       0
       0
       1
       1
       0
       0
       0
       0
       0
       0
       0
       0
       0
       0
       0
       0
       0
       0
       0
       0
       0
       0
       0
       0
       0
       0
       0
       0
       0
       0
       0
       0
       0
       0
       1
       0
       0
       0
       0
       0
       0
       0
       0
       0
       0
       0
       0
       0
       0
       0
       0
       0
       0
       0
       0
       0
       0
       0
       0
       0
       0
       0
       1
       1
       0
       0
       0
       0
       0
       0
       0
       0
       0
       0
       0
       0
       0
       0
       0
       0
       0
       0
       0
       0
       0
       0
       0
       0
       0
       0
       0
       0
       0
       0
       0
       0
       0
       0
       0
       0
       0
       1
       0
       0
       0
       0
       0
       0
       0
       0
       0
       1
       0
       0
       0
       0
       0
       0
       0
       0
       0
       0
       0
       0
       0
       0
       0
       0
       0
       0
       0
       0
       0
       0
       0
       0
       0
       0
       0
       0
       0
       0
       0
       0
       0
       0
       0
       1
       0
       0
       0
       0
       1
       0
       0
       0
       0
       0
       0
       0
       0
       0
       0
       0
       0
       0
       0
       1
       0
       0
       0
       0
       0
       0
       0
       0
       0
       0
       0
       0
       1
       0
       0
       0
       0
       0
       0
       0
       0
       0
       1
       0
       0
       0
       0
       0
       0
       0
       0
       0
       0
       0
       0
       0
       0
       0
       0
       0
       0
       0
       0
       0
       0
       0
       0
       0
       0
       0
       0
       0
       0
       1
       0
       0
       1
       0
       0
       0
       0
       0
       0
       0
       0
       0
       0
       0
       0
       1
       0
       0
       1
       0
       1
       0
       0
       0
       0
       0
       0
       0
       0
       0
       0
       0
       0
       0
       0
       0
       0
       0
       0
       0
       0
       0
       0
       0
       0
       0
       0
       0
       0
       0
       0
       0
       1
       0
       0
       0
       0
       0
       0
       0
       0
       0
       0
       0
       0
       0
       1
       0
       0
       0
       0
       0
       0
       0
       0
       0
       0
       0
       0
       0
       0
       0
       0
       0
       0
       0
       0
       0
       0
       0
       0
       0
       0
       0
       0
       0
       0
       0
       0
       0
       0
       0
       0
       0
       0
       0
       1
       0
       0
       0
       0
       0
       0
       0
       0
       1
       0
       0
       0
       0
       0
       0
       0
       0
       0
       0
       0
       0
       0
       0
       0
       1
       0
       0
       0
       0
       0
       1
       0
       0
       0
       0
       0
       0
       0
       0
       0
       1
       0
       0
       0
       0
       0
       0
       0
       0
       0
       1
       0
       0
       0
       0
       0
       0
       0
       0
       0
       0
       0
       0
       0
       0
       0
       0
       0
       0
       0
       0
       0
       0
       0
       0
       0
       0
       0
       0
       0
       0
       0
       0
       1
       0
       0
       0
       0
       0
       1
       0
       0
       0
       0
       1
       0
       0
       0
       0
       0
       0
       0
       0
       0
       0
       0
       0
       0
       0
       0
       0
       0
       0
       0
       0
       0
       0
       0
       0
       0
       0
       0
       0
       0
       0
       0
       0
       0
       0
       0
       0
       1
       0
       0
       0
       0
       0
       0
       0
       0
       0
       0
       0
       0
       0
       0
       1
       0
       0
       1
       0
       0
       0
       0
       0
       0
       0
       1
       0
       0
       0
       0
       0
       0
       0
       0
       0
       0
       0
       0
       0
       0
       0
       0
       0
       0
       0
       0
       0
       0
       0
       0
       0
       0
       0
       0
       0
       0
       0
       0
       0
       0
       0
       0
       0
       0
       0
       1
       0
       0
       0
       0
       0
       1
       0
       0
       0
       0
       0
       0
       1
       0
       0
       0
       0
       0
       0
       0
       0
       0
       0
       0
       0
       0
       0
       0
       0
       0
       0
       0
       0
       0
       0
       0
       0
       0
       0
       0
       0
       0
       0
       0
       0
       0
       0
       0
       0
       0
       1
       0
       0
       0
       0
       0
       0
       0
       0
       0
       0
       0
       0
       0
       0
       0
       0
       0
       0
       0
       0
       1
       0
       0
       0
       0
       0
       0
       1
       0
       0
       0
       0
       0
       0
       0
       0
       0
       1
       0
       1
       0
       0
       0
       0
       0
       1
       0
       0
       0
       0
       0
       0
       0
       0
       0
       0
       0
       0
       0
       0
       0
       0
       0
       0
       0
       0
       0
       0
       0
       0
       0
       0
       0
       0
       1
       0
       0
       0
       1
       0
       1
       0
       0
       0
       0
       0
       1
       0
       0
       0
       0
       0
       0
       0
       1
       0
       0
       0
       0
       0
       0
       0
       0
       0
       0
       0
       1
       0
       0
       1
       0
       0
       0
       0
       1
       0
       0
       0
       0
       0
       1
       0
       0
       0
       0
       0
       0
       0
       0
       0
       0
       0
       0
       0
       0
       0
       1
       0
       0
       0
       0
       0
       0
       0
       0
       0
       0
       0
       0
       0
       0
       1
       0
       0
       1
       0
       0
       2
       0
       0
       0
       0
       0
       0
       0
       0
       0
       0
       0
       1
       0
       0
       0
       0
       0
       0
       0
       0
       0
       0
       0
       0
       0
       0
       0
       0
       1
       0
       0
       0
       0
       0
       0
       0
       0
       0
       0
       0
       0
       0
       0
       0
       0
       0
       0
       0
       0
       0
       0
       0
       0
       0
       0
       0
       0
       0
       0
       0
       0
       0
       0
       0
       0
       0
       0
       0
       0
       0
       0
       0
       0
       0
       1
       0
       0
       0
       0
       0
       0
       0
       0
       0
       0
       0
       0
       0
       1
       0
       0
       0
       0
       0
       0
       0
       0
       0
       0
       0
$ROI:
0
$PRESETS:
Live Time
3600
0
$ENER_FIT:
0.137869 0.366631
$MCA_CAL:
3
1.378689E-001 3.666307E-001 -4.415950E-008 keV
$SHAPE_CAL:
3
2.301834E+000 9.195991E-004 -5.357180E-008
