$SPEC_ID:
No sample description was entered.
$SPEC_REM:
DET# 1
DETDESC# HPGe Detector 1
AP# GammaVision Version 6.07
$DATE_MEA:
10/23/2015 08:25:16
$MEAS_TIM:
3600 3737
$DATA:
0 8191
       0
       0
       0
       1
    2008
    2280
    1265
     885
     793
     802
     778
     861
     890
     902
     953
    1021
    1126
    1232
    1297
    1349
    1367
    1422
    1443
    1481
    1439
    1544
    1426
    1446
    1389
    1302
    1227
    1170
    1099
     901
     781
     799
     734
     746
     960
     893
     613
     525
     502
     491
     570
     574
     621
     844
     772
     631
     487
     522
     516
     578
     522
     548
     620
     626
     630
     667
     662
     607
     658
     894
    2625
    6015
    6028
    2721
     915
     695
     946
    1438
    1805
    1903
    2277
    1895
    1161
     878
     775
     832
     800
     823
     833
     872
     871
     957
     949
    1002
    1150
    1215
    1418
    1536
    1348
    1350
    1442
    1474
    1555
    1694
    1788
    1956
    2116
    2298
    2553
    2702
    2954
    3233
    3357
    3745
    4076
    4237
    4522
    4775
    5249
    5752
    6523
    7028
    7544
    8407
    9466
    9745
   10097
   10558
   11778
   12554
   13326
   14472
   16091
   17976
   20215
   23342
   27439
   32849
   39063
   44481
   49315
   53160
   52897
   49521
   46799
   44347
   43707
   44609
   47090
   48846
   50457
   51455
   51020
   50814
   49668
   48619
   47315
   46279
   44733
   43358
   40038
   35325
   28275
   21420
   16405
   17044
   65731
  321365
  674028
  536391
  158887
   17800
     905
     242
     197
     162
     188
     202
     215
     217
     196
     203
     236
     214
     194
     200
     216
     225
     247
     254
     258
     267
     257
     286
     312
     297
     385
     337
     340
     359
     396
     394
     422
     462
     531
     535
     539
     561
     615
     677
     753
     752
     681
     613
     619
     637
     613
     605
     641
     600
     569
     603
     603
     490
     480
     512
     498
     472
     456
     465
     450
     432
     421
     459
     446
     435
     527
     499
     548
     486
     468
     485
     513
     522
     516
     518
     538
     514
     554
     534
     521
     490
     543
     520
     510
     534
     558
     554
     567
     556
     536
     572
     549
     560
     559
     618
     606
     588
     618
     709
     824
     819
     711
     817
    1878
    3801
    3927
    2019
     668
     494
     617
     788
     766
     552
     762
    2077
    4565
    4386
    1929
     475
     190
     198
     176
     157
     181
     223
     256
     228
     198
     205
     176
     189
     185
     216
     243
     218
     210
     194
     209
     209
     211
     228
     213
     236
     281
     320
     371
     382
     342
     267
     213
     216
     226
     224
     220
     249
     262
     277
     240
     252
     335
     316
     257
     236
     237
     225
     222
     209
     208
     261
     485
     684
     587
     329
     264
     362
    1050
    1965
    1872
     704
     191
     113
      96
      78
     118
      87
      95
      98
     104
      86
      91
     111
      85
      99
     100
      90
      74
      98
      99
      84
      82
     112
      82
      92
     104
      94
     107
      78
      80
      79
     103
      91
      87
     100
      94
     105
      94
      92
      98
     100
     108
      75
      80
      91
      81
      86
     105
      91
     124
     100
      83
      95
      86
     139
     267
     452
     361
     198
     127
      88
      91
      91
      81
      93
     126
     140
     126
      97
      95
      87
      72
      73
     109
      98
      98
      85
      59
      86
      88
      81
      86
      82
      87
      92
      86
      86
      80
      91
      91
      73
      88
      81
      77
     114
      98
      70
      95
      81
      84
      82
      82
      97
      82
     108
     113
     148
     112
      88
      97
      86
      84
      66
      71
      81
      77
      98
     121
     196
     260
     180
     114
      91
      84
      75
      71
      74
      67
      63
      72
      70
      75
      77
      87
      98
      90
      80
      74
      77
      73
     113
      80
      76
      80
      89
      73
      71
      67
      79
      71
      79
      64
      71
      77
      84
      63
      79
      60
      75
      74
      57
      80
      61
      78
      64
      82
      74
      64
      74
      68
      72
      71
      67
      52
      65
      73
      53
      70
      91
      83
      76
      71
      83
      66
      77
      68
      53
      62
      80
      58
      57
      62
      66
      72
      54
      64
      82
      73
      60
      61
      60
      60
      63
      65
      65
      71
      50
      72
      62
      66
      51
      64
      56
      75
      59
      59
      89
      67
      59
      57
      56
     107
     269
     717
     877
     479
     198
      59
      58
      46
      35
      32
      45
      32
      35
      43
      48
      45
      36
      39
      41
      59
      39
      43
      34
      37
      37
      46
      44
      42
      52
      45
      44
      44
      37
      33
      42
      32
      50
      63
      73
      68
      54
      40
      44
      42
      32
      39
      26
      39
      40
      39
      38
      37
      36
      43
      32
      42
      34
      33
      43
      39
      36
      31
      42
      46
      41
      32
      37
      46
      31
      28
      42
      41
      24
      40
      31
      36
      41
      44
      39
      34
      44
      36
      39
      31
      37
      38
      42
      38
      22
      35
      26
      34
      34
      32
      40
      34
      33
      31
      31
      28
      33
      36
      25
      29
      22
      39
      43
      31
      45
      28
      36
      29
      27
      44
      37
      26
      32
      23
      29
      39
      21
      25
      34
      37
      33
      31
      35
      37
      32
      27
      33
      30
      37
      27
      27
      24
      34
      42
      25
      26
      30
      33
      22
      21
      39
      35
      33
      29
      33
      23
      26
      29
      22
      32
      32
      27
      30
      42
      35
      25
      51
      21
      26
      61
      54
      45
      47
      30
      15
      21
      28
      44
      31
      31
      26
      21
      41
      33
      25
      30
      31
      30
      26
      21
      28
      35
      29
      35
      24
      31
      24
      40
      26
      32
      28
      29
      29
      29
      23
      32
      24
      18
      25
      30
      22
      34
      23
      32
      24
      26
      28
      23
      29
      20
      24
      31
      30
      34
      22
      27
      30
      24
      26
      30
      26
      33
      32
      29
      22
      32
      32
      37
      35
      47
      49
      34
      17
      18
      24
      42
      23
      40
      20
      23
      39
      25
      22
      31
      35
      32
      26
      52
      40
      53
      37
      45
      29
      21
      29
      20
      23
      35
      26
      20
      29
      24
      29
      23
      27
      24
      19
      22
      20
      21
      30
      18
      21
      30
      21
      22
      24
      22
      42
      63
     114
     145
     122
      57
      34
      29
      18
      27
      22
      22
      21
      21
      20
      15
      24
      20
      20
      24
      17
      19
      25
      24
      23
      23
      26
      24
      29
      28
      70
     129
     168
     115
      60
      34
      19
      33
      27
      18
      17
      18
      24
      16
      25
      19
      20
      25
      22
      19
      13
      17
      17
      24
      31
      17
      30
      58
     137
     142
     126
      59
      20
      12
      33
     131
     325
     472
     361
     176
      56
      29
       9
      14
      19
      19
      14
      20
      20
      31
      28
      27
      28
      14
      15
      12
      16
      11
      21
      17
      16
      14
      15
      10
      12
      14
      15
      12
      12
       5
      16
      10
      15
       9
      12
       7
      15
      10
      12
      17
      19
      17
      20
       8
       9
       8
       9
      14
      17
      15
      16
      11
      13
      10
      14
      11
      11
      14
      18
      14
      11
       7
      18
      14
      10
       8
      14
       7
      16
      15
      14
      13
       8
      15
      16
      19
      16
      17
      12
      16
      11
      16
      12
      12
      14
      32
     107
     172
     168
     140
      54
      25
      36
      42
      63
      51
      27
      10
       5
       8
      13
      11
       9
       7
      13
      12
       9
      28
      63
     116
     118
      67
      25
      15
      10
       3
      11
       7
      15
      10
       8
       4
      12
      15
       8
       8
      11
      18
      26
      35
      30
      14
       6
       6
       7
       7
      10
       9
      11
      11
      17
      18
      11
      11
       5
      17
      13
       8
      11
      16
       9
       7
      10
      12
       5
      11
       7
      12
       4
       9
      11
      10
       9
       8
      10
       9
       9
       5
       9
      11
      12
       7
      10
      13
      11
       9
       9
       8
      17
      12
      11
       8
       8
       3
       7
      11
      15
       8
      11
      22
      13
      12
      17
      11
      12
       6
      15
      11
       5
       8
       9
       9
       7
       8
      11
       8
      13
       7
       7
      12
      12
       9
       9
      15
       9
      15
      14
      14
       8
      17
      14
       6
      12
       7
      13
      25
      26
      24
      14
       9
       6
       4
      10
       7
      12
      10
      11
       2
       7
      11
       8
       4
       4
      12
      19
      28
      24
      19
      15
      13
      10
      11
      10
      11
       7
      12
       4
       7
       4
       9
       7
      10
       7
      12
       9
       9
       6
       3
       9
       9
       7
      10
       5
       8
      15
       7
       6
       9
       8
      11
       8
      11
      16
      14
       9
      19
      10
       6
      10
      12
       8
      14
       5
       6
       8
      14
       7
       6
      10
       8
       3
       7
      16
       6
       7
       8
      11
      11
       5
       4
       6
       2
       6
       7
       3
       8
      12
      17
       7
       6
       6
      13
      18
      15
      15
       9
       7
       4
      10
       9
      12
       7
      13
       9
      10
       9
      10
      13
       9
      14
       5
       6
       5
       6
       8
       8
       9
      15
       4
       8
       6
       7
      12
       8
       7
      14
      19
       7
      11
      12
      15
      15
      11
      15
      13
       5
      10
      11
      15
      11
      15
      13
      20
      15
      13
      18
      15
      15
      15
      14
      17
      20
      28
      12
      17
      14
      19
      10
      12
      20
       8
      16
      14
      18
      12
      21
      13
      12
      11
      10
       9
      15
      12
      10
       5
       8
      12
       7
       7
      12
      10
      12
      10
      12
      11
       7
       8
      10
      10
       9
       8
       9
       6
       9
       4
       6
       6
       7
      10
       5
       4
       9
       8
       5
       2
       5
       6
       7
       5
       6
       4
       7
       4
       7
       8
       4
       5
       5
       7
      10
       6
      11
       6
       7
       5
       5
       7
       7
       6
       8
       2
       5
       3
       7
       7
       4
       6
      13
       6
       5
      10
       9
       6
      12
      11
      18
      12
      18
      17
      17
      13
       9
      11
       6
       8
       7
      10
       4
       6
       4
       7
       4
       4
       6
       5
       3
       9
       3
       4
       4
       7
       3
       5
       3
      10
       6
       4
       7
       5
       1
       6
       4
       4
       3
       7
       3
       6
       5
       6
       5
       3
       3
       5
       5
       5
       5
       4
       4
       6
       5
       7
       8
       5
       6
       6
       5
       6
       5
       8
       9
       3
       5
       4
       7
       5
       3
       3
       3
       5
       5
       3
       5
       7
       5
       2
       4
       2
       8
       6
       8
       3
       5
       6
       4
       5
       4
       2
       7
       2
       1
       3
       5
       6
       5
       2
       0
       2
       8
       4
       3
       4
       6
       3
       3
       2
       9
       3
       6
       5
       5
       5
       8
       3
       3
       3
       1
       9
       3
       0
       5
       4
       6
       7
       4
       5
       6
       8
       1
       1
       4
       4
       8
       2
       6
       0
       4
       3
       1
       2
       1
       3
       0
       6
       3
       3
       3
       1
       4
       3
       4
       4
       4
       1
       6
       0
       4
       7
       4
       4
       7
       0
       6
       4
       3
       2
       3
       5
       6
       5
       6
       0
       4
       6
       2
       5
       6
       3
       5
       3
       3
       6
       4
       8
       3
       2
       5
       4
      11
       6
       5
       2
       4
       3
       5
       7
       2
       1
       5
       2
       1
       4
       5
       4
       3
       3
       5
       7
       3
       4
       5
       2
       6
       6
       7
       2
       7
       2
       5
       5
       4
       3
       3
       0
       6
       1
       2
       1
       6
       1
       7
       7
       8
       5
       6
       5
       4
       3
       4
       2
       4
       5
       3
       4
       2
       4
       4
       2
       3
       3
       3
       3
       2
       5
       4
       3
       4
       4
       1
       2
       6
       4
       3
       4
       4
       7
      10
       9
       7
       3
       2
       5
       1
       7
       1
       0
       4
       4
       4
       1
       3
       4
       2
       6
       1
       4
       2
       0
       6
       9
      18
      38
      37
      33
      21
      12
       5
       2
       0
       4
       4
       5
       3
       7
       6
       2
       3
       3
       3
       4
       1
       1
       7
       4
       3
       3
       2
       3
       2
       4
       4
       5
       3
       5
       0
       1
       3
       1
       5
       0
       6
       5
       1
       4
       4
       2
       3
       6
       2
       3
       1
       0
       3
       4
       4
       5
       4
       4
       2
       2
       5
       6
       8
       8
       6
       8
       7
       0
       3
       3
       3
       2
       4
       2
       3
       2
       2
       4
       2
       2
       1
       4
       0
       4
       1
       2
       3
       1
       2
       0
       6
       3
       6
      18
      16
      23
      24
       6
       5
       2
       2
       3
       1
       0
       3
       5
       1
       1
       2
       3
       2
       2
       1
       4
       3
       6
       5
      21
      69
     149
     213
     180
     117
      60
      23
       4
       1
       0
       1
       1
       2
       4
       2
       2
       2
       4
       1
       0
       1
       4
       1
       3
       2
       1
       2
       1
       1
       2
       2
       3
       1
       0
       2
       1
       1
       0
       3
       5
       3
       1
       1
       3
       0
       4
       2
       5
       1
       1
       3
       2
       3
       1
       0
       3
       2
       0
       1
       1
       1
       0
       2
       0
       2
       0
       0
       0
       3
       2
       2
       5
       7
      20
      17
      19
      14
       5
       5
       1
       3
       0
       4
       4
       1
       2
       8
       8
       6
       0
       2
       2
       2
       4
       3
       4
       7
       3
       8
       2
       3
       3
       3
       1
       5
       2
       0
       0
       0
       1
       3
       2
       3
       2
       4
       2
       1
       1
       2
       1
       3
       1
       2
       2
       2
       0
       2
       0
       1
       3
       4
       4
       3
       1
       5
       3
       2
       2
       1
       2
       1
       0
       0
       3
       1
       1
       1
       2
       1
       0
       2
       0
       1
       0
       2
       1
       1
       1
       1
       4
       1
       4
      22
      65
      84
     119
      77
      40
      21
      10
       4
       3
       3
       1
       1
       4
       0
       1
       2
       1
       1
       0
       2
       4
       2
       1
       4
       0
       1
       0
       2
       0
       0
       0
       0
       1
       0
       1
       1
       1
       1
       0
       2
       5
       2
       4
       8
       6
       0
       0
       1
       1
       1
       2
       0
       1
       1
       0
       1
       0
       2
       0
       1
       0
       0
       0
       1
       0
       2
       0
       0
       0
       1
       3
       0
       1
       2
       1
       1
       2
       1
       0
       1
       1
       0
       0
       1
       2
       1
       1
       3
       0
       0
       0
       2
       2
       2
       5
       6
       2
       1
       3
       1
       0
       0
       0
       3
       1
       2
       2
       0
       1
       0
       1
       2
       3
       2
       3
       0
       1
       2
       2
       1
       2
       2
       1
       2
       2
       3
       2
       1
       2
       1
       2
       1
       2
       4
       4
       2
       4
       1
       6
       3
       2
       1
       3
       2
       0
       4
       2
       1
       1
       3
       0
       2
       0
       1
       0
       0
       2
       0
       1
       0
       1
       0
       0
       0
       0
       1
       0
       0
       0
       0
       1
       2
       1
       1
       2
       0
       1
       2
       1
       2
       0
       0
       0
       1
       0
       1
       2
       1
       1
       2
       0
       0
       1
       2
       2
       0
       0
       1
       0
       2
       2
       1
       2
       2
       0
       0
       1
       0
       0
       2
       2
       0
       0
       0
       2
       3
       0
       1
       1
       2
       0
       0
       6
       3
       3
       2
       1
       1
       1
       1
       0
       0
       0
       0
       0
       0
       0
       0
       2
       0
       0
       0
       4
       0
       1
       1
       0
       1
       2
       0
       1
       0
       0
       1
       2
       1
       0
       0
       1
       1
       1
       1
       0
       0
       0
       0
       0
       0
       2
       3
       1
       1
       0
       2
       0
       0
       2
       0
       1
       0
       1
       0
       0
       0
       2
       0
       1
       3
       0
       2
       1
       0
       2
       1
       2
       1
       2
       1
       1
       1
       1
       0
       0
       0
       1
       1
       1
       0
       2
       0
       0
       0
       1
       2
       0
       0
       0
       0
       1
       1
       0
       0
       0
       0
       1
       1
       1
       0
       2
       0
       1
       2
       0
       2
       1
       1
       1
       0
       0
       1
       1
       1
       0
       3
       2
       2
       2
       0
       2
       0
       2
       3
       2
       3
       2
       0
       0
       0
       1
       0
       0
       1
       0
       2
       2
       0
       0
       1
       1
       2
       2
       1
       1
       0
       0
       0
       2
       2
       2
       2
       1
       1
       0
       1
       0
       4
       2
       0
       0
       1
       3
       0
       1
       1
       0
       1
       0
       0
       1
       1
       1
       0
       1
       1
       4
       0
       1
       1
       0
       0
       1
       0
       2
       2
       0
       1
       0
       0
       2
       1
       1
       1
       1
       1
       1
       0
       1
       3
       1
       1
       0
       2
       0
       1
       1
       0
       1
       2
       1
       0
       3
       0
       0
       0
       0
       1
       0
       1
       1
       1
       1
       1
       1
       1
       1
       1
       0
       0
       0
       0
       1
       1
       0
       0
       0
       0
       1
       2
       1
       1
       1
       1
       1
       1
       0
       0
       0
       1
       1
       0
       0
       2
       2
       1
       2
       3
       1
       1
       1
       1
       1
       2
       0
       0
       1
       0
       2
       0
       1
       0
       0
       0
       0
       1
       0
       0
       1
       1
       0
       2
       0
       1
       1
       1
       1
       1
       0
       0
       4
       0
       2
       2
       2
       1
       0
       0
       0
       0
       0
       0
       0
       0
       1
       1
       1
       0
       1
       2
       1
       0
       0
       1
       1
       0
       1
       2
       1
       1
       1
       3
       0
       0
       0
       2
       2
       1
       2
       1
       1
       0
       0
       1
       0
       1
       0
       0
       2
       1
       1
       1
       2
       1
       0
       0
       0
       1
       2
       2
       0
       0
       1
       2
       1
       0
       2
       1
       1
       1
       2
       0
       0
       1
       2
       0
       0
       1
       2
       0
       0
       1
       3
       0
       3
       2
       1
       1
       0
       2
       0
       1
       0
       0
       0
       0
       0
       2
       1
       1
       1
       0
       1
       1
       0
       2
       1
       1
       1
       1
       1
       0
       0
       0
       1
       0
       3
       1
       0
       0
       0
       1
       0
       1
       2
       0
       0
       0
       1
       0
       2
       1
       0
       0
       1
       0
       2
       0
       0
       1
       1
       0
       1
       1
       1
       0
       1
       0
       1
       0
       0
       1
       0
       1
       0
       0
       0
       1
       0
       1
       0
       2
       1
       0
       0
       2
       1
       0
       1
       0
       0
       2
       0
       1
       0
       0
       0
       0
       3
       1
       1
       1
       0
       0
       0
       0
       1
       0
       0
       0
       1
       0
       0
       1
       0
       0
       0
       0
       0
       0
       0
       1
       1
       3
       1
       0
       0
       0
       0
       1
       0
       1
       0
       0
       1
       0
       0
       0
       0
       0
       0
       2
       1
       2
       0
       1
       1
       0
       1
       0
       1
       0
       1
       1
       0
       2
       0
       1
       0
       2
       1
       0
       0
       2
       0
       0
       1
       0
       3
       1
       1
       1
       1
       2
       0
       1
       1
       4
       2
       1
       0
       1
       2
       0
       1
       0
       0
       0
       1
       0
       1
       0
       1
       1
       1
       0
       1
       1
       1
       0
       0
       0
       1
       1
       0
       0
       0
       1
       0
       0
       0
       0
       0
       0
       0
       0
       1
       1
       0
       0
       2
       1
       0
       1
       1
       1
       1
       0
       0
       0
       0
       0
       0
       1
       0
       1
       1
       1
       0
       0
       1
       0
       0
       0
       1
       0
       2
       1
       0
       0
       1
       2
       0
       3
       0
       1
       0
       0
       0
       2
       1
       0
       0
       0
       2
       0
       0
       0
       1
       1
       1
       0
       0
       0
       2
       0
       1
       0
       1
       2
       0
       0
       2
       0
       3
       2
       0
       3
       1
       1
       0
       0
       0
       2
       1
       2
       1
       0
       3
       0
       2
       0
       0
       1
       0
       1
       1
       0
       0
       0
       0
       0
       1
       1
       1
       0
       1
       1
       1
       1
       0
       1
       0
       2
       1
       2
       1
       1
       0
       1
       1
       0
       0
       0
       1
       0
       1
       1
       1
       0
       0
       0
       1
       0
       0
       0
       0
       0
       1
       1
       1
       0
       1
       1
       1
       1
       1
       0
       0
       0
       2
       0
       0
       1
       2
       0
       1
       0
       0
       3
       1
       0
       2
       1
       0
       1
       0
       1
       0
       0
       0
       0
       0
       0
       0
       0
       1
       0
       0
       0
       0
       1
       0
       1
       2
       0
       0
       0
       0
       1
       0
       3
       1
       0
       0
       1
       2
       1
       1
       0
       1
       1
       0
       1
       2
       0
       1
       2
       0
       1
       1
       2
       0
       0
       0
       1
       0
       0
       0
       1
       0
       2
       0
       1
       1
       0
       0
       1
       0
       0
       1
       0
       1
       0
       2
       0
       0
       1
       0
       1
       1
       0
       2
       0
       0
       0
       1
       0
       0
       0
       0
       0
       3
       1
       2
       1
       0
       0
       2
       1
       1
       0
       0
       0
       0
       0
       0
       0
       2
       0
       0
       2
       1
       0
       0
       0
       1
       0
       0
       0
       1
       0
       1
       4
       0
       1
       2
       1
       1
       1
       0
       1
       0
       0
       2
       1
       0
       1
       2
       0
       0
       2
       2
       1
       2
       0
       1
       4
       0
       2
       2
       1
       2
       0
       1
       3
       1
       2
       0
       0
       1
       0
       1
       1
       0
       1
       0
       1
       1
       0
       2
       0
       0
       1
       0
       0
       0
       1
       1
       0
       2
       0
       0
       1
       2
       0
       0
       1
       0
       2
       0
       0
       1
       0
       0
       1
       0
       0
       0
       1
       0
       1
       2
       0
       2
       0
       1
       2
       0
       0
       2
       1
       1
       0
       0
       0
       0
       0
       0
       0
       0
       1
       1
       1
       0
       1
       1
       0
       0
       1
       0
       0
       0
       1
       0
       0
       1
       0
       0
       0
       1
       0
       0
       0
       1
       0
       0
       1
       0
       0
       1
       0
       0
       1
       0
       0
       0
       0
       0
       2
       0
       1
       0
       1
       0
       0
       1
       0
       1
       1
       0
       1
       0
       0
       0
       1
       0
       2
       1
       0
       0
       0
       0
       0
       0
       0
       0
       0
       0
       1
       0
       1
       1
       1
       0
       1
       0
       0
       0
       0
       0
       0
       1
       0
       0
       0
       1
       0
       0
       1
       2
       0
       0
       1
       0
       0
       0
       1
       1
       0
       0
       0
       0
       0
       0
       0
       1
       1
       0
       1
       0
       0
       0
       1
       0
       0
       0
       1
       1
       0
       2
       1
       0
       1
       0
       0
       1
       0
       1
       1
       2
       1
       0
       2
       0
       0
       0
       1
       0
       2
       0
       0
       0
       0
       0
       0
       2
       0
       0
       0
       2
       1
       0
       0
       0
       1
       0
       1
       1
       0
       1
       1
       2
       2
       0
       0
       0
       1
       0
       0
       0
       0
       0
       0
       1
       1
       0
       0
       0
       2
       0
       1
       1
       0
       1
       2
       0
       0
       0
       0
       0
       1
       1
       0
       0
       0
       0
       0
       0
       0
       1
       1
       1
       1
       1
       0
       0
       0
       1
       0
       0
       0
       0
       1
       1
       0
       1
       1
       2
       2
       1
       3
       0
       1
       0
       2
       2
       0
       1
       2
       0
       1
       0
       0
       0
       0
       0
       0
       0
       0
       1
       2
       0
       1
       0
       0
       1
       1
       0
       1
       2
       2
       1
       1
       0
       2
       0
       1
       0
       1
       0
       1
       0
       0
       0
       0
       1
       0
       2
       0
       1
       0
       0
       1
       0
       0
       0
       0
       1
       1
       0
       1
       0
       2
       0
       0
       0
       1
       0
       1
       0
       0
       1
       0
       1
       0
       0
       1
       1
       0
       0
       0
       0
       0
       0
       2
       0
       1
       0
       1
       2
       0
       0
       1
       1
       1
       0
       0
       1
       2
       0
       1
       1
       0
       0
       1
       0
       0
       1
       1
       2
       2
       1
       0
       0
       1
       1
       1
       1
       0
       0
       1
       1
       1
       1
       0
       0
       0
       0
       0
       0
       0
       0
       0
       0
       0
       2
       1
       0
       1
       1
       0
       3
       0
       0
       0
       0
       0
       0
       0
       0
       1
       0
       1
       0
       1
       1
       1
       0
       0
       0
       1
       0
       1
       0
       2
       2
       0
       2
       0
       1
       0
       0
       0
       1
       1
       0
       0
       0
       1
       0
       1
       1
       0
       0
       0
       0
       1
       0
       0
       0
       0
       1
       5
       0
       1
       0
       1
       0
       0
       0
       0
       1
       3
       0
       0
       0
       0
       2
       0
       0
       0
       2
       1
       0
       0
       0
       1
       0
       0
       1
       1
       0
       1
       0
       0
       0
       1
       1
       1
       1
       0
       0
       1
       1
       0
       1
       0
       0
       2
       1
       0
       0
       0
       0
       0
       0
       0
       1
       1
       1
       2
       1
       1
       0
       0
       1
       0
       0
       2
       0
       5
       1
       0
       0
       1
       1
       0
       1
       1
       1
       0
       1
       0
       1
       1
       0
       1
       0
       1
       1
       1
       0
       1
       0
       1
       0
       1
       0
       0
       0
       0
       0
       0
       0
       1
       0
       0
       1
       0
       0
       0
       0
       1
       1
       1
       0
       1
       1
       0
       1
       0
       1
       0
       0
       0
       1
       0
       0
       1
       0
       0
       1
       0
       0
       0
       0
       0
       0
       3
       0
       0
       0
       0
       0
       0
       0
       3
       0
       0
       0
       0
       1
       2
       0
       0
       0
       0
       2
       0
       0
       0
       1
       1
       0
       0
       0
       1
       0
       1
       1
       1
       2
       0
       0
       0
       0
       0
       0
       0
       0
       0
       1
       0
       1
       0
       1
       0
       0
       0
       0
       0
       0
       1
       0
       1
       0
       0
       0
       0
       1
       0
       1
       0
       1
       1
       0
       0
       0
       0
       0
       1
       0
       1
       0
       0
       0
       0
       1
       0
       1
       0
       1
       0
       0
       0
       0
       1
       0
       0
       0
       0
       0
       1
       0
       0
       0
       2
       0
       0
       0
       0
       0
       0
       0
       0
       0
       0
       0
       1
       0
       1
       1
       0
       0
       0
       0
       0
       0
       1
       0
       1
       0
       0
       2
       1
       0
       0
       1
       0
       0
       2
       0
       2
       0
       2
       0
       1
       0
       0
       2
       0
       0
       1
       0
       1
       0
       0
       0
       0
       0
       1
       0
       2
       1
       0
       0
       0
       0
       0
       2
       1
       0
       0
       0
       0
       1
       0
       0
       1
       0
       0
       0
       1
       0
       0
       0
       0
       0
       0
       0
       0
       0
       0
       0
       0
       0
       0
       0
       0
       0
       2
       1
       1
       1
       1
       1
       0
       0
       0
       1
       0
       0
       0
       1
       0
       0
       0
       1
       1
       0
       0
       0
       1
       1
       1
       0
       0
       0
       1
       0
       1
       0
       0
       0
       1
       0
       0
       0
       0
       0
       0
       1
       0
       0
       0
       0
       1
       0
       0
       0
       1
       1
       0
       1
       0
       0
       0
       0
       0
       1
       0
       0
       0
       0
       0
       1
       0
       0
       0
       1
       1
       0
       0
       0
       0
       0
       0
       0
       0
       0
       0
       0
       0
       0
       1
       0
       2
       0
       1
       0
       1
       0
       1
       0
       1
       0
       0
       0
       0
       0
       0
       0
       1
       0
       0
       0
       1
       1
       2
       0
       0
       0
       0
       0
       0
       0
       0
       1
       0
       0
       0
       0
       1
       2
       1
       1
       1
       0
       2
       0
       0
       1
       0
       0
       0
       0
       0
       0
       2
       0
       0
       2
       0
       1
       1
       3
       0
       1
       0
       1
       1
       1
       1
       1
       0
       1
       0
       0
       3
       1
       0
       1
       0
       0
       0
       0
       0
       0
       1
       1
       0
       2
       0
       1
       0
       1
       0
       0
       0
       1
       0
       1
       0
       0
       0
       0
       0
       0
       0
       0
       0
       0
       1
       2
       1
       0
       0
       0
       0
       0
       2
       0
       0
       1
       1
       1
       2
       0
       0
       0
       0
       0
       1
       0
       0
       0
       1
       0
       1
       0
       0
       1
       1
       0
       3
       0
       0
       0
       2
       0
       0
       0
       0
       0
       0
       0
       1
       2
       1
       0
       0
       1
       1
       0
       1
       0
       0
       0
       1
       0
       0
       0
       0
       0
       1
       0
       1
       0
       1
       0
       0
       0
       1
       1
       0
       1
       0
       0
       0
       1
       1
       1
       1
       0
       0
       0
       1
       0
       1
       1
       0
       0
       0
       1
       0
       1
       0
       0
       0
       0
       0
       0
       0
       0
       0
       1
       0
       0
       2
       0
       2
       0
       1
       0
       0
       0
       0
       0
       1
       1
       1
       0
       0
       0
       1
       0
       0
       0
       0
       0
       0
       1
       0
       0
       1
       0
       1
       0
       0
       0
       0
       0
       0
       0
       1
       0
       0
       0
       0
       0
       0
       0
       0
       0
       0
       0
       0
       0
       0
       0
       1
       1
       0
       2
       0
       0
       0
       0
       2
       0
       0
       1
       1
       0
       0
       0
       3
       0
       0
       1
       0
       0
       0
       0
       0
       1
       0
       0
       0
       1
       0
       0
       1
       0
       1
       0
       0
       0
       0
       0
       0
       1
       0
       0
       0
       0
       1
       0
       0
       0
       3
       0
       0
       0
       2
       0
       0
       1
       0
       0
       1
       0
       1
       0
       0
       0
       1
       2
       3
       0
       0
       0
       0
       0
       0
       0
       0
       0
       0
       1
       1
       0
       1
       0
       0
       0
       0
       0
       1
       0
       0
       0
       0
       1
       0
       0
       0
       1
       0
       0
       1
       0
       0
       1
       0
       0
       0
       0
       0
       0
       0
       0
       0
       0
       0
       1
       0
       1
       0
       1
       1
       0
       0
       1
       0
       0
       0
       0
       1
       0
       0
       1
       0
       0
       0
       0
       0
       0
       0
       0
       0
       0
       0
       0
       0
       0
       0
       2
       0
       0
       0
       1
       0
       0
       0
       0
       0
       1
       0
       0
       0
       0
       0
       1
       0
       0
       0
       1
       1
       0
       1
       0
       0
       0
       0
       2
       0
       1
       0
       1
       0
       0
       0
       0
       0
       0
       0
       1
       1
       0
       0
       0
       0
       0
       0
       1
       0
       0
       0
       0
       0
       0
       1
       0
       1
       1
       0
       0
       1
       0
       0
       1
       1
       0
       1
       1
       2
       0
       0
       0
       0
       0
       0
       0
       0
       0
       0
       0
       1
       0
       0
       0
       0
       0
       0
       0
       0
       1
       0
       0
       0
       0
       0
       0
       0
       0
       0
       0
       0
       0
       0
       1
       0
       1
       0
       0
       1
       0
       1
       0
       0
       0
       0
       0
       0
       0
       0
       0
       0
       0
       0
       1
       0
       0
       0
       0
       0
       1
       0
       0
       2
       1
       1
       0
       0
       0
       0
       0
       0
       0
       1
       1
       0
       1
       0
       0
       0
       1
       0
       0
       0
       0
       0
       1
       1
       0
       0
       0
       1
       0
       0
       0
       0
       1
       0
       0
       0
       1
       0
       0
       0
       0
       1
       1
       2
       0
       0
       0
       1
       1
       0
       1
       1
       0
       0
       0
       1
       0
       0
       1
       0
       0
       0
       0
       0
       0
       0
       0
       0
       1
       0
       0
       0
       0
       0
       0
       0
       0
       0
       1
       0
       0
       0
       0
       0
       1
       0
       0
       0
       0
       0
       0
       0
       0
       0
       2
       0
       0
       0
       0
       0
       0
       1
       0
       0
       1
       0
       0
       0
       0
       0
       0
       0
       1
       0
       0
       0
       0
       1
       1
       0
       1
       0
       0
       0
       0
       0
       0
       1
       0
       0
       0
       0
       3
       0
       0
       0
       0
       2
       1
       0
       0
       0
       0
       0
       0
       1
       1
       0
       0
       0
       0
       1
       0
       0
       0
       0
       0
       1
       0
       1
       1
       1
       0
       0
       0
       0
       0
       0
       0
       1
       0
       0
       0
       0
       0
       1
       0
       1
       0
       0
       0
       1
       0
       0
       0
       0
       1
       0
       1
       0
       0
       0
       2
       0
       0
       0
       0
       0
       0
       2
       0
       0
       1
       2
       0
       0
       0
       0
       0
       0
       0
       0
       0
       0
       0
       0
       0
       0
       0
       0
       1
       0
       0
       0
       0
       0
       0
       0
       0
       0
       0
       0
       0
       1
       0
       0
       1
       0
       0
       0
       1
       0
       0
       1
       0
       0
       0
       0
       0
       0
       0
       1
       0
       0
       0
       0
       1
       0
       0
       0
       0
       0
       2
       0
       0
       0
       0
       0
       0
       1
       0
       0
       0
       0
       0
       0
       1
       2
       0
       2
       0
       1
       0
       1
       0
       0
       1
       3
       0
       1
       0
       0
       1
       0
       0
       0
       1
       0
       0
       0
       0
       0
       0
       0
       0
       0
       0
       1
       0
       0
       1
       0
       0
       0
       0
       0
       0
       0
       0
       0
       1
       0
       0
       1
       0
       0
       0
       0
       0
       1
       0
       2
       0
       0
       2
       0
       0
       0
       0
       1
       0
       0
       2
       0
       0
       0
       1
       0
       0
       0
       0
       0
       0
       1
       0
       0
       0
       1
       0
       0
       0
       0
       0
       1
       0
       0
       0
       0
       1
       0
       0
       0
       0
       0
       0
       0
       0
       1
       1
       0
       0
       0
       1
       0
       0
       0
       0
       0
       0
       2
       0
       1
       1
       4
       0
       0
       0
       0
       0
       0
       0
       0
       3
       1
       1
       2
       7
      10
       3
       5
       3
       5
       2
       4
       0
       1
       0
       1
       2
       1
       0
       2
       0
       1
       2
       1
       0
       1
       0
       1
       1
       0
       0
       0
       0
       0
       1
       0
       0
       0
       1
       1
       2
       1
       0
       0
       0
       0
       1
       0
       0
       0
       0
       0
       0
       1
       0
       0
       2
       0
       1
       0
       0
       0
       0
       0
       0
       0
       0
       0
       0
       0
       0
       0
       0
       0
       0
       1
       0
       0
       1
       1
       1
       0
       0
       1
       0
       1
       0
       1
       0
       0
       1
       1
       0
       0
       0
       1
       0
       0
       0
       0
       1
       0
       0
       0
       1
       0
       0
       0
       0
       0
       2
       0
       0
       0
       0
       1
       0
       1
       0
       0
       0
       0
       0
       0
       0
       0
       0
       0
       0
       0
       0
       0
       1
       1
       0
       0
       0
       0
       0
       0
       0
       0
       0
       0
       0
       0
       1
       0
       0
       0
       0
       0
       1
       0
       0
       0
       0
       0
       0
       0
       0
       0
       1
       0
       0
       0
       1
       0
       0
       0
       1
       1
       0
       0
       1
       0
       1
       0
       0
       1
       1
       0
       0
       0
       0
       0
       0
       0
       0
       1
       0
       1
       0
       0
       0
       0
       0
       0
       1
       0
       0
       0
       0
       1
       0
       0
       0
       0
       1
       0
       1
       0
       0
       0
       0
       0
       0
       1
       0
       0
       0
       1
       0
       0
       1
       0
       0
       0
       0
       0
       0
       0
       1
       0
       0
       0
       0
       0
       0
       0
       0
       0
       0
       0
       0
       0
       0
       0
       0
       0
       0
       0
       0
       0
       0
       0
       0
       0
       0
       0
       0
       1
       0
       0
       0
       0
       1
       0
       1
       0
       0
       0
       0
       0
       0
       0
       0
       0
       1
       0
       1
       1
       0
       0
       2
       0
       0
       0
       0
       0
       0
       0
       1
       0
       0
       0
       0
       0
       0
       0
       0
       0
       2
       0
       0
       1
       0
       0
       0
       0
       0
       0
       1
       0
       0
       0
       0
       1
       0
       0
       0
       0
       0
       0
       0
       0
       0
       0
       0
       0
       0
       0
       0
       1
       0
       0
       0
       0
       0
       1
       0
       0
       0
       1
       0
       0
       0
       1
       0
       0
       0
       0
       0
       0
       0
       0
       0
       0
       0
       0
       0
       0
       0
       0
       1
       0
       0
       0
       0
       1
       0
       0
       0
       0
       0
       0
       0
       0
       0
       1
       0
       0
       0
       1
       0
       0
       0
       0
       0
       0
       0
       0
       0
       0
       0
       0
       0
       0
       0
       0
       0
       0
       0
       0
       0
       2
       0
       0
       0
       0
       0
       0
       1
       0
       0
       0
       0
       0
       0
       0
       0
       0
       0
       0
       0
       0
       1
       0
       0
       0
       0
       0
       0
       0
       0
       0
       0
       0
       0
       0
       1
       0
       0
       0
       1
       0
       0
       0
       0
       0
       0
       0
       0
       0
       0
       0
       0
       1
       0
       0
       1
       0
       0
       0
       0
       0
       0
       2
       0
       0
       0
       0
       0
       0
       0
       0
       0
       0
       1
       0
       0
       0
       0
       0
       0
       0
       0
       0
       0
       0
       0
       0
       0
       0
       0
       0
       0
       0
       1
       0
       0
       1
       0
       1
       0
       0
       0
       0
       0
       0
       0
       0
       0
       0
       0
       0
       0
       0
       0
       0
       0
       0
       1
       0
       0
       0
       0
       0
       0
       0
       0
       0
       0
       0
       0
       0
       0
       0
       1
       2
       0
       0
       0
       0
       0
       0
       0
       0
       0
       0
       0
       0
       0
       0
       0
       0
       1
       0
       0
       0
       1
       0
       1
       1
       0
       0
       0
       0
       0
       0
       0
       0
       0
       1
       0
       0
       1
       0
       1
       0
       0
       0
       1
       0
       0
       0
       0
       0
       0
       0
       0
       0
       0
       0
       0
       0
       0
       0
       0
       0
       0
       0
       0
       1
       0
       0
       0
       0
       1
       0
       0
       1
       0
       0
       0
       0
       0
       1
       0
       0
       0
       0
       0
       0
       0
       0
       0
       1
       0
       0
       0
       0
       0
       0
       1
       1
       0
       0
       0
       0
       0
       0
       0
       0
       0
       1
       0
       0
       0
       0
       0
       0
       0
       0
       1
       0
       0
       0
       0
       1
       0
       0
       1
       1
       0
       0
       1
       0
       1
       0
       0
       0
       1
       0
       0
       0
       1
       0
       1
       0
       0
       0
       0
       0
       0
       0
       2
       0
       0
       0
       0
       1
       0
       1
       1
       0
       0
       0
       0
       0
       0
       0
       0
       0
       0
       0
       0
       1
       0
       1
       0
       0
       0
       0
       0
       0
       0
       0
       0
       0
       0
       0
       0
       0
       0
       2
       0
       0
       0
       0
       0
       0
       0
       0
       0
       0
       0
       0
       0
       1
       0
       0
       0
       0
       0
       0
       0
       0
       0
       0
       0
       0
       0
       0
       0
       0
       0
       0
       0
       0
       0
       0
       0
       0
       0
       0
       0
       0
       0
       0
       0
       1
       0
       0
       0
       0
       0
       0
       0
       0
       1
       0
       0
       0
       0
       0
       0
       0
       0
       0
       1
       0
       0
       0
       0
       0
       0
       0
       0
       0
       0
       0
       0
       0
       0
       2
       1
       0
       1
       0
       0
       0
       0
       0
       0
       0
       0
       0
       0
       0
       0
       0
       0
       0
       0
       0
       0
       0
       1
       0
       0
       0
       0
       1
       0
       0
       0
       0
       0
       0
       0
       0
       0
       1
       0
       0
       0
       1
       0
       0
       0
       0
       1
       0
       0
       0
       0
       0
       0
       0
       0
       0
       1
       0
       0
       0
       0
       0
       0
       0
       0
       1
       0
       0
       0
       0
       0
       1
       0
       0
       1
       0
       0
       0
       0
       0
       0
       0
       0
       2
       0
       0
       0
       0
       0
       0
       0
       1
       1
       0
       0
       0
       0
       0
       0
       0
       0
       0
       0
       0
       0
       0
       0
       0
       1
       0
       1
       1
       0
       0
       0
       2
       0
       0
       0
       1
       0
       0
       0
       0
       0
       1
       1
       0
       0
       0
       0
       0
       0
       0
       0
       0
       1
       0
       0
       0
       0
       0
       0
       2
       0
       1
       0
       0
       0
       0
       0
       0
       1
       0
       1
       0
       0
       0
       0
       0
       0
       0
       0
       0
       0
       0
       0
       0
       0
       0
       0
       0
       1
       0
       0
       0
       0
       0
       0
       0
       0
       0
       0
       0
       0
       0
       0
       0
       0
       2
       0
       0
       0
       0
       0
       0
       0
       0
       0
       0
       0
       0
       0
       0
       0
       0
       0
       1
       0
       0
       0
       1
       0
       0
       0
       0
       1
       0
       0
       1
       0
       0
       0
       0
       0
       0
       0
       0
       0
       0
       0
       0
       0
       0
       0
       0
       0
       1
       0
       0
       0
       0
       0
       0
       1
       0
       1
       0
       0
       0
       0
       1
       0
       0
       2
       0
       0
       1
       0
       0
       0
       0
       0
       0
       1
       0
       0
       0
       0
       0
       0
       1
       0
       0
       0
       1
       0
       0
       0
       1
       0
       0
       1
       0
       0
       0
       1
       0
       0
       0
       0
       0
       0
       0
       0
       0
       0
       0
       0
       0
       1
       0
       1
       0
       0
       0
       0
       0
       0
       0
       0
       0
       0
       0
       0
       1
       0
       0
       0
       0
       0
       1
       0
       1
       0
       1
       1
       0
       0
       0
       0
       1
       0
       0
       1
       0
       0
       0
       0
       0
       0
       0
       0
       0
       0
       1
       0
       0
       0
       0
       0
       1
       0
       0
       0
       0
       1
       0
       0
       0
       0
       0
       0
       0
       0
       0
       0
       0
       0
       2
       0
       0
       0
       0
       0
       0
       1
       0
       0
       0
       1
       0
       1
       2
       1
       0
       1
       0
       0
       0
       0
       0
       0
       2
       0
       0
       0
       0
       0
       0
       0
       0
       0
       0
       0
       0
       0
       0
       0
       0
       0
       0
       0
       0
       0
       0
       0
       0
       0
       0
       1
       0
       0
       0
       0
       0
       0
       0
       0
       0
       0
       0
       0
       0
       0
       0
       1
       0
       0
       0
       0
       0
       0
       0
       1
       2
       0
       1
       0
       0
       1
       0
       0
       0
       0
       0
       0
       0
       0
       0
       0
       0
       0
       0
       1
       0
       0
       0
       0
       0
       0
       0
       0
       0
       0
       2
       1
       0
       0
       0
       0
       0
       1
       0
       0
       1
       0
       0
       0
       0
       1
       1
       0
       0
       0
       0
       0
       0
       0
       0
       0
       0
       0
       0
       0
       1
       0
       0
       0
       0
       0
       0
       0
       0
       0
       0
       0
       0
       0
       1
       1
       0
       0
       0
       0
       0
       0
       1
       0
       0
       0
       0
       0
       0
       0
       0
       0
       0
       0
       0
       0
       1
       0
       0
       0
       0
       0
       0
       0
       0
       0
       0
       0
       0
       0
       0
       0
       0
       0
       0
       0
       0
       0
       1
       0
       1
       0
       0
       0
       1
       0
       0
       0
       0
       0
       1
       0
       0
       0
       1
       0
       0
       0
       0
       0
       0
       0
       0
       0
       0
       0
       0
       0
       0
       0
       0
       0
       1
       0
       0
       0
       0
       0
       0
       0
       0
       0
       0
       0
       0
       0
       0
       0
       0
       0
       1
       0
       0
       0
       0
       0
       0
       0
       0
       0
       0
       0
       0
       0
       1
       0
       0
       0
       0
       0
       1
       0
       0
       0
       0
       0
       0
       0
       0
       0
       0
       0
       0
       0
       0
       0
       0
       0
       1
       0
       0
       0
       0
       0
       1
       0
       0
       0
       0
       0
       0
       0
       0
       0
       0
       1
       0
       0
       0
       0
       0
       0
       0
       0
       0
       1
       0
       0
       0
       0
       0
       0
       0
       0
       0
       0
       0
       1
       0
       1
       0
       0
       0
       0
       0
       0
       0
       1
       0
       1
       0
       1
       0
       0
       0
       0
       0
       0
       0
       0
       0
       0
       0
       0
       0
       0
       0
       0
       0
       0
       0
       0
       0
       0
       0
       0
       0
       0
       0
       0
       0
       0
       0
       0
       0
       1
       0
       0
       0
       0
       0
       0
       0
       0
       0
       0
       0
       0
       0
       1
       0
       0
       0
       0
       0
       0
       0
       0
       0
       0
       0
       0
       0
       0
       0
       1
       0
       1
       2
       0
       0
       0
       0
       0
       0
       0
       0
       0
       0
       0
       0
       0
       0
       0
       0
       1
       0
       0
       0
       0
       0
       1
       0
       0
       0
       0
       0
       0
       0
       1
       0
       0
       0
       0
       0
       0
       0
       0
       0
       1
       0
       0
       0
       0
       0
       0
       0
       0
       0
       0
       0
       0
       0
       0
       0
       0
       0
       0
       0
       1
       0
       0
       0
       0
       0
       0
       0
       0
       0
       0
       0
       0
       0
       0
       0
       0
       0
       0
       0
       0
       0
       0
       0
       0
       0
       0
       0
       1
       1
       0
       0
       0
       0
       1
       0
       0
       0
       0
       0
       1
       0
       0
       0
       0
       0
       0
       0
       0
       1
       0
       0
       0
       0
       0
       0
       0
       0
       0
       0
       1
       0
       0
       0
       0
       0
       0
       0
       0
       0
       0
       0
       0
       0
       0
       0
       0
       0
       0
       0
       0
       1
       0
       0
       0
       0
       0
       0
       0
       0
       0
       0
       0
       0
       0
       0
       0
       0
       0
       0
       0
       0
       0
       0
       0
       0
       0
       0
       0
       0
       1
       0
       0
       1
       0
       0
       0
       0
       0
       0
       0
       0
       0
       0
       1
       0
       0
       0
       0
       0
       0
       0
       0
       0
       0
       0
       0
       0
       0
       0
       0
       0
       0
       0
       0
       0
       0
       0
       0
       0
       0
       0
       0
       0
       0
       0
       1
       0
       0
       0
       0
       0
       0
       0
       0
       0
       0
       1
       0
       0
       0
       0
       0
       0
       0
       0
       0
       0
       0
       0
       0
       0
       0
       1
       0
       1
       1
       0
       0
       0
       0
       0
       0
       0
       0
       0
       1
       0
       0
       0
       0
       0
       0
       0
       0
       0
       0
       0
       0
       0
       0
       0
       0
       0
       0
       0
       0
       0
       0
       0
       0
       0
       0
       0
       0
       0
       0
       0
       0
       0
       0
       0
       0
       0
       0
       0
       0
       0
       0
       0
       0
       0
       0
       0
       0
       0
       0
       1
       1
       0
       0
       0
       0
       0
       0
       0
       0
       1
       0
       0
       0
       0
       1
       0
       0
       0
       0
       0
       0
       1
       0
       1
       0
       0
       0
       0
       0
       1
       0
       1
       0
       0
       0
       0
       0
       0
       0
       0
       1
       1
       0
       1
       0
       0
       0
       0
       0
       0
       0
       1
       0
       0
       0
       0
       0
       0
       1
       0
       0
       0
       0
       0
       1
       0
       0
       0
       0
       0
       0
       0
       0
       0
       1
       0
       0
       0
       0
       0
       1
       0
       0
       0
       0
       0
       0
       0
       0
       0
       0
       0
       0
       0
       0
       0
       1
       0
       0
       0
       0
       0
       0
       0
       0
       0
       0
       1
       0
       0
       1
       0
       0
       0
       0
       0
       0
       0
       0
       0
       0
       0
       0
       0
       0
       0
       0
       0
       0
       0
       0
       0
       0
       0
       0
       0
       0
       0
       0
       0
       0
       0
       0
       0
       0
       0
       0
       0
       0
       0
       0
       0
       0
       0
       0
       0
       1
       0
       0
       0
       0
       0
       0
       0
       0
       0
       0
       0
       0
       0
       1
       0
       0
       0
       0
       0
       0
       0
       0
       0
       0
       0
       0
       0
       0
       0
       0
       0
       0
       0
       1
       0
       0
       0
       1
       1
       0
       0
       0
       1
       0
       0
       0
       0
       0
       0
       0
       0
       0
       0
       0
       0
       0
       0
       0
       0
       0
       0
       0
       1
       0
       0
       0
       0
       0
       0
       0
       0
       0
       0
       0
       0
       0
       0
       1
       0
       1
       0
       0
       0
       0
       0
       0
       0
       0
       0
       0
       0
       1
       0
       0
       0
       0
       0
       0
       1
       0
       0
       0
       0
       0
       0
       0
       0
       0
       0
       0
       0
       0
       0
       0
       1
       0
       0
       0
       0
       0
       0
       0
       0
       0
       0
       0
       0
       0
       0
       0
       0
       0
       0
       1
       0
       1
       0
       0
       0
       0
       0
       0
       0
       0
       0
       0
       0
       0
       1
       0
       0
       0
       0
       1
       0
       1
       0
       0
       1
       1
       1
       2
       0
       0
       1
       1
       0
       0
       0
       0
       0
       0
       0
       0
       0
       0
       0
       0
       0
       0
       0
       0
       0
       0
       0
       0
       0
       0
       0
       0
       0
       0
       0
       0
       0
       0
       0
       0
       0
       1
       0
       0
       0
       0
       0
       0
       0
       0
       0
       0
       0
       0
       0
       0
       0
       0
       0
       0
       0
       0
       0
       0
       0
       0
       0
       0
       1
       0
       0
       1
       0
       0
       0
       0
       0
       0
       0
       0
       0
       0
       0
       0
       0
       0
       0
       0
       0
       0
       0
       0
       1
       0
       0
       0
       0
       0
       1
       1
       0
       0
       0
       0
       0
       0
       0
       0
       0
       0
       0
       0
       0
       0
       0
       0
       0
       0
       0
       0
       0
       0
       0
       0
       0
       0
       1
       0
       0
       0
       0
       0
       0
       0
       0
       0
       0
       0
       0
       1
       0
       0
       0
       0
       0
       0
       0
       0
       0
       0
       0
       0
       0
       1
       0
       0
       0
       0
       0
       0
       0
       0
       0
       0
       1
       0
       1
       0
       0
       0
       0
       0
       0
       0
       0
       0
       0
       0
       0
       0
       0
       1
       0
       0
       0
       0
       1
       0
       0
       0
       0
       0
       0
       0
       0
       0
       0
       0
       0
       0
       0
       0
       0
       0
       0
       0
       0
       0
       0
       0
       1
       0
       0
       0
       0
       0
       0
       0
       0
       0
       0
       0
       0
       0
       0
       0
       0
       0
       0
       0
       0
       0
       0
       0
       0
       0
       0
       0
       0
       0
       1
       0
       0
       1
       0
       0
       0
       0
       0
       0
       0
       0
       0
       1
       0
       0
       0
       0
       0
       0
       0
       0
       0
       0
       0
       0
       0
       0
       0
       0
       0
       0
       0
       0
       0
       0
       0
       0
       0
       0
       0
       0
       0
       0
       0
       0
       0
       0
       0
       1
       0
       0
       0
       0
       0
       0
       1
       0
       0
       0
       0
       0
       0
       0
       0
       0
       0
       0
       0
       0
       1
       0
       0
       0
       0
       0
       0
       0
       0
       0
       0
       0
       0
       0
       0
       0
       0
       0
       0
       0
       0
       0
       0
       0
       0
       0
       0
       0
       0
       0
       0
       2
       0
       0
       0
       0
       0
       0
       0
       0
       0
       0
       0
       0
       0
       0
       0
       0
       0
       0
       0
       0
       0
       0
       0
       0
       0
       0
       0
       0
       0
       0
       0
       0
       0
       1
       0
       0
       1
       0
       1
       0
       0
       0
       0
       0
       0
       0
       1
       0
       0
       0
       0
       0
       0
       0
       0
       0
       0
       0
       0
       0
       0
       0
       1
       0
       0
       0
       0
       0
       0
       0
       0
       0
       0
       0
       0
       0
       0
       0
       0
       0
       0
       0
       0
       0
       0
       0
       0
       0
       0
       0
       0
       0
       0
       0
       0
       0
       0
       0
       0
       0
       1
       1
       1
       0
       0
       0
       1
       0
       0
       0
       1
       1
       0
       0
       0
       0
       0
       0
       0
       2
       0
       0
       0
       0
       1
       0
       0
       0
       0
       0
       0
       0
       0
       0
       0
       0
       0
       0
       0
       0
       0
       0
       0
       0
       0
       0
       0
       0
       0
       0
       0
       0
       0
       0
       0
       0
       1
       0
       2
       0
       0
       0
       0
       0
       0
       0
       0
       0
       0
       0
       0
       0
       0
       0
       0
       0
       0
       1
       0
       0
       0
       1
       0
       0
       0
       0
       0
       0
       0
       0
       0
       0
       0
       0
       0
       0
       0
       0
       0
       0
       0
       0
       0
       0
       0
       0
       0
       0
       0
       0
       0
       0
       0
       0
       0
       0
       0
       0
       0
       0
       0
       0
       0
       0
       0
       0
       0
       0
       0
       0
       0
       1
       0
       0
       1
       0
       0
       0
       0
       0
       0
       0
       0
       1
       0
       1
       0
       1
       0
       0
       0
       0
       0
       0
       0
       0
       0
       0
       0
       0
       1
       0
       0
       0
       0
       0
       0
       0
       0
       0
       1
       0
       1
       0
       0
       0
       0
       0
       0
       0
       0
       0
       0
       0
       0
       0
       0
       0
       0
       0
       0
       0
       0
       0
       0
       0
       0
       0
       0
       0
       0
       0
       0
       0
       0
       0
       0
       0
       0
       0
       0
       0
       0
       0
       0
       0
       0
       0
       0
       0
       0
       0
       0
       0
       0
       0
       0
       0
       0
       0
       2
       0
       0
       0
       0
       0
       1
       1
       0
       0
       0
       0
       0
       0
       0
       0
       0
       0
       0
       0
       0
       0
       0
       0
       0
       0
       0
       1
       0
       0
       0
       0
       0
       0
       0
       0
       0
       0
       0
       0
       0
       0
       0
       0
       0
       0
       0
       0
       0
       0
       0
       0
       0
       0
       0
       0
       0
       0
       0
       0
       0
       0
       0
       0
       0
       0
       0
       0
       0
       0
       0
       0
       1
       0
       0
       0
       0
       0
       0
       0
       0
       0
       0
       0
       0
       0
       0
       0
       0
       0
       0
       0
       0
       0
       0
       0
       0
       0
       0
       0
       0
       0
       0
       0
       0
       1
       0
       0
       0
       0
       0
       0
       0
       0
       0
       0
       0
       0
       0
       0
       0
       0
       0
       0
       1
       0
       0
       0
       0
       1
       0
       0
       0
       2
       0
       0
       0
       0
       0
       0
       0
       0
       0
       0
       0
       0
       0
       0
       0
       1
       0
       0
       0
       0
       0
       0
       0
       0
       0
       1
       0
       0
       0
       1
       0
       0
       0
       0
       0
       0
       0
       0
       1
       0
       0
       0
       0
       0
       0
       0
       0
       1
       0
       0
       1
       0
       0
       0
       0
       0
       0
       1
       0
       0
       0
       0
       0
       0
       0
       0
       0
       0
       0
       0
       0
       0
       0
       0
       0
       0
       0
       0
       0
       0
       0
       0
       0
       0
       0
       0
       1
       0
       0
       0
       0
       0
       0
       0
       0
       0
       0
       0
       0
       0
       0
       0
       0
       1
       0
       0
       0
       0
       0
       0
       0
       0
       0
       0
       0
       0
       0
       0
       0
       1
       0
       0
       0
       0
       0
       0
       0
       0
       0
       0
       0
       1
       0
       0
       0
       0
       0
       0
       0
       0
       0
       0
       0
       0
       0
       0
       0
       0
       0
       0
       0
       0
       0
       0
       0
       1
       0
       1
       0
       0
       0
       0
       0
       0
       0
       0
       0
       0
       0
       0
       0
       0
       0
       0
       0
       0
       0
       1
       0
       0
       0
       0
       0
       1
       0
       1
       0
       0
       0
       0
       0
       0
       0
       0
       0
       0
       0
       0
       0
       0
       0
       0
       0
       0
       0
       0
       0
       0
       0
       0
       0
       0
       0
       0
       0
       0
       0
       0
       0
       0
       0
       0
       0
       0
       0
       0
       0
       0
       0
       0
       0
       0
       0
       0
       0
       0
       0
       0
       0
       0
       0
       0
       0
       0
       0
       0
       0
       0
       0
       0
       0
       0
       0
       0
$ROI:
0
$PRESETS:
Live Time
3600
0
$ENER_FIT:
0.137869 0.366631
$MCA_CAL:
3
1.378689E-001 3.666307E-001 -4.415950E-008 keV
$SHAPE_CAL:
3
2.301834E+000 9.195991E-004 -5.357180E-008
