$SPEC_ID:
No sample description was entered.
$SPEC_REM:
DET# 1
DETDESC# HPGe Detector 1
AP# GammaVision Version 6.07
$DATE_MEA:
10/28/2015 11:50:37
$MEAS_TIM:
3600 3743
$DATA:
0 8191
       0
       0
       0
       0
    1778
    2229
    1086
     849
     743
     742
     804
     850
     886
     931
    1007
     955
    1134
    1167
    1322
    1364
    1435
    1510
    1564
    1465
    1513
    1567
    1568
    1473
    1453
    1365
    1279
    1218
    1061
     990
     796
     711
     684
     734
     925
     868
     655
     470
     453
     513
     562
     523
     630
     773
     758
     620
     502
     478
     507
     511
     530
     513
     629
     648
     664
     642
     650
     593
     642
     952
    2731
    6111
    6217
    2717
     873
     692
     988
    1726
    2076
    2088
    2299
    1866
    1119
     844
     744
     729
     796
     795
     751
     819
     906
     857
     868
    1017
    1034
    1191
    1481
    1504
    1272
    1324
    1440
    1458
    1502
    1656
    1745
    1866
    2039
    2196
    2448
    2678
    2845
    3100
    3395
    3551
    3823
    4064
    4172
    4708
    5066
    5631
    6153
    6979
    7396
    8254
    9361
    9744
   10121
   10590
   11455
   12225
   13291
   14398
   16041
   17917
   20060
   23094
   27462
   32642
   38623
   43963
   49008
   52402
   52166
   49069
   45983
   43786
   43022
   44180
   46403
   47938
   49440
   50427
   50181
   50047
   48629
   47727
   46185
   45003
   44209
   42159
   39882
   34909
   27844
   21330
   16667
   17840
   73249
  360432
  745230
  579207
  167121
   17924
     880
     201
     198
     182
     220
     191
     224
     205
     210
     196
     211
     237
     194
     214
     233
     240
     247
     278
     273
     253
     274
     313
     302
     331
     359
     398
     331
     382
     364
     387
     427
     444
     524
     586
     533
     520
     599
     670
     812
     742
     670
     646
     612
     667
     637
     648
     617
     598
     596
     562
     563
     507
     508
     516
     472
     473
     483
     440
     439
     435
     410
     468
     438
     499
     534
     564
     539
     474
     449
     458
     459
     515
     504
     511
     474
     526
     549
     499
     471
     554
     528
     558
     518
     526
     545
     542
     561
     596
     568
     567
     565
     544
     567
     566
     606
     596
     589
     698
     839
     791
     662
     849
    1835
    3949
    4237
    1957
     731
     520
     615
     875
     740
     595
     800
    2262
    4482
    4620
    1874
     483
     198
     206
     166
     207
     225
     226
     257
     231
     197
     179
     178
     197
     184
     191
     210
     212
     218
     209
     240
     233
     207
     217
     233
     254
     293
     303
     350
     364
     331
     250
     244
     208
     220
     222
     242
     272
     260
     258
     245
     273
     349
     319
     265
     228
     201
     199
     204
     172
     224
     292
     556
     730
     570
     284
     204
     397
    1123
    2138
    1804
     735
     220
      98
      98
      94
      96
      87
      93
      89
     100
      87
     105
      86
      79
      96
      97
      92
     103
      86
     100
      92
      98
      94
      85
     100
     106
      84
      97
      80
      94
     101
     103
      87
      95
     107
     102
      98
      79
      94
      95
     104
      98
      85
     105
      86
     100
     100
      80
     134
     103
     106
      92
      91
      79
     123
     292
     430
     404
     194
      88
      95
      96
      94
      77
      94
     122
     142
     102
      94
      75
      97
      86
      75
      92
      99
     102
      69
      88
      89
      78
      94
      92
      75
      80
      92
      80
      96
      96
     100
      86
      78
      70
      83
      91
      91
      76
      89
      77
      99
      86
      83
      85
      85
      87
     122
     138
     124
      95
      96
     108
     101
      85
      80
      88
      74
     100
      81
     120
     188
     222
     164
     121
      77
      69
      85
      74
      87
      76
      82
      80
      79
      73
      81
      84
      94
      83
      89
      78
      68
      85
      77
      68
      71
      64
      76
      79
      80
      63
      79
      80
      67
      73
      88
      61
      85
      73
      79
      65
      66
      71
      70
      82
      73
      51
      90
      70
      84
      76
      70
      69
      69
      77
      64
      72
      66
      56
      83
      69
      77
      94
      94
      95
      64
      67
      62
      60
      62
      60
      73
      62
      69
      56
      61
      61
      61
      82
      66
      67
      62
      59
      66
      53
      87
      81
      59
      63
      50
      65
      60
      60
      69
      82
      65
      60
      55
      80
      52
      65
      55
      66
      67
     115
     300
     710
     852
     495
     162
      70
      38
      34
      41
      46
      33
      47
      49
      50
      49
      49
      34
      36
      42
      34
      40
      45
      46
      48
      52
      49
      45
      34
      39
      47
      43
      39
      39
      51
      48
      48
      38
      66
      66
      71
      56
      34
      31
      31
      29
      36
      32
      26
      49
      45
      40
      34
      35
      37
      34
      32
      43
      38
      27
      35
      48
      50
      44
      31
      47
      50
      34
      27
      30
      38
      39
      32
      26
      32
      39
      39
      40
      48
      41
      30
      32
      24
      31
      36
      46
      35
      43
      29
      26
      27
      40
      23
      34
      36
      34
      30
      32
      25
      28
      31
      28
      29
      24
      26
      47
      33
      29
      35
      31
      37
      31
      35
      40
      34
      29
      35
      22
      32
      39
      39
      24
      24
      39
      30
      34
      39
      28
      32
      33
      39
      24
      29
      24
      27
      34
      28
      23
      26
      33
      40
      28
      27
      36
      35
      30
      30
      33
      33
      27
      28
      28
      26
      41
      26
      43
      41
      51
      33
      39
      44
      32
      38
      40
      47
      58
      48
      36
      36
      26
      26
      33
      27
      30
      27
      32
      31
      33
      27
      29
      29
      26
      31
      22
      26
      30
      32
      33
      32
      37
      26
      39
      31
      31
      37
      30
      29
      23
      27
      20
      35
      21
      18
      31
      28
      32
      27
      24
      23
      26
      28
      23
      23
      24
      26
      24
      29
      16
      21
      22
      33
      34
      21
      29
      39
      35
      23
      24
      29
      30
      38
      37
      39
      40
      29
      35
      23
      20
      22
      22
      33
      34
      29
      25
      33
      24
      24
      32
      29
      39
      22
      25
      33
      40
      61
      41
      20
      25
      29
      21
      32
      33
      25
      29
      26
      27
      32
      20
      25
      24
      23
      24
      27
      19
      25
      26
      22
      20
      23
      28
      22
      24
      27
      30
      58
     119
     143
     119
      63
      36
      30
      26
      35
      18
      19
      27
      17
      32
      17
      15
      14
      24
      25
      15
      24
      19
      24
      23
      28
      26
      18
      27
      32
      72
     131
     153
     118
      69
      32
      15
      24
      20
      22
      24
      24
      23
      19
      20
      18
      19
      27
      20
      15
      21
      19
      20
      22
      24
      20
      41
      71
     125
     172
     120
      67
      37
      21
      49
     140
     317
     462
     413
     173
      48
      21
      14
      27
      20
      13
      18
      23
      17
      20
      27
      26
      25
      15
      12
      13
       5
      13
      15
      19
      18
      14
      15
      15
      10
      17
       8
      12
      10
      19
      19
       9
      15
      13
      15
      16
      17
      18
      19
      17
      24
      19
      10
      13
      20
      16
      18
      10
      12
      13
      18
      15
      15
      16
      15
      13
      12
      12
      13
      12
      15
      10
      11
      15
      10
      12
      12
      12
      12
       9
      14
      16
      11
      15
      13
      18
       4
       9
      20
      14
      15
      15
      16
      11
      18
      38
      91
     166
     183
     116
      63
      28
      22
      32
      54
      43
      26
      18
      13
       7
      15
      13
       6
       8
       7
      14
      25
      38
      87
     119
     132
      68
      29
      12
       7
       9
       9
       7
      13
       7
      11
       8
      14
      12
       8
      10
      10
      17
      35
      29
      24
      25
      10
      16
       8
      10
      12
       7
      12
       8
       8
       7
      11
      10
      10
      12
       9
      11
      18
      13
      12
      12
      10
      10
      10
       8
      10
      11
       5
       4
      10
      10
      10
       7
       8
       9
       9
      14
      11
      16
      11
      13
      11
       5
      17
       7
       7
       8
       7
       9
      15
      11
       6
       8
       8
       6
       7
      10
       5
       7
      12
      10
       9
       6
       7
       8
       8
       4
       5
       7
       8
       7
      13
       5
      12
       8
      18
       8
      11
       9
      11
      11
       7
       7
      13
      10
      10
      11
      18
      23
      11
       9
      10
       9
      19
      21
      31
      28
      13
      10
      15
       9
       6
      11
       7
       8
      12
      11
      12
      17
       8
      11
      11
      15
      25
      33
      24
      13
      12
      11
       7
       8
       9
      11
       8
      11
      14
       7
      10
      10
      13
       7
       9
       9
      11
      13
       9
       9
      10
      11
       8
       8
      11
       5
      10
       9
       8
      10
       7
       7
      14
      12
      15
      14
      10
      13
      10
       7
       9
      12
      15
       8
      14
       6
       7
      14
      13
       5
       9
       9
       5
       7
      10
      14
      10
      11
      12
       5
      12
      10
       5
       9
       8
       5
      15
      13
       5
      12
      11
       4
      14
      10
      16
      20
      16
      10
       6
       6
       6
      10
      10
      10
       7
      12
       9
       7
      15
       9
       7
       4
       9
       9
       7
       8
      14
      12
       9
      12
      11
       6
       9
      10
       8
       9
      13
       8
      11
      12
      12
      10
      11
       9
      11
       9
      11
      11
      11
      11
      11
       6
      13
      16
      10
      14
      10
      10
      21
      12
      15
      18
      16
      15
      12
      15
      11
      11
      21
      18
      18
      15
      14
      18
      11
      18
      19
      15
      13
      12
      15
      16
      16
      12
      11
       7
       3
      12
      10
       4
      11
      19
       7
       6
      11
      12
       8
      12
       6
       6
       8
      13
       4
       4
       8
      10
       8
       5
       1
       8
       6
       6
       8
       3
       7
       8
       6
       9
       5
       4
       9
       4
      10
       5
       9
       6
       6
       8
       4
       4
       7
       7
       6
       9
       7
       3
       8
       8
       4
       7
       4
       4
       4
       7
       4
       4
       7
       9
       4
       7
       5
       6
       6
      10
       6
      11
      18
      18
      19
      12
      15
      18
      14
       7
       7
       5
       7
      11
       5
       5
       4
       4
       3
       9
      12
       5
       5
       4
       5
       6
       7
       6
       7
       7
       8
       6
       3
       5
       6
       7
       9
       4
       3
       1
       5
       7
       3
       5
       3
       3
       8
       4
       7
       4
       6
      12
       8
       3
       4
       8
       5
       5
       2
       5
       2
       4
       1
       3
       4
       6
       5
       3
       3
       1
       3
       6
       2
       7
       6
       6
       5
       5
       5
       0
       3
       4
       6
       8
       4
       5
       6
       6
       9
       7
       5
       4
       4
       3
       5
       4
       5
       3
       8
       3
       6
       3
       0
       7
       3
       5
       7
       3
       2
       1
      10
       3
       2
       2
       4
       4
       2
       8
       4
       2
       5
       3
       5
       5
       2
       5
       2
       5
       3
       7
       6
       2
       2
       3
       2
       3
       5
       3
       2
       3
       4
       6
       1
       3
       7
       4
       4
       3
       2
       5
       4
       1
       1
       3
       4
       4
       5
       2
       6
       3
       0
       5
       0
       1
       5
       6
       5
       1
       1
       9
       4
       4
       3
       1
       7
       3
       6
       3
       3
       5
       6
       7
       5
       2
       5
       4
       4
       5
       1
       3
       0
       7
       3
       4
       2
       3
       4
       3
       4
       5
       6
      11
       3
       2
       2
       3
       5
       5
       2
       3
       3
       5
       6
       2
       4
       6
       2
       2
       3
       6
       5
       6
       2
       8
       2
       3
       4
       2
       3
       3
       2
       2
       4
       4
       3
       5
       4
       3
       6
      11
      13
       6
       4
       6
       3
       1
       5
       1
       0
       3
       5
       1
       8
       2
       3
       1
       3
       3
       1
       3
       0
       3
       3
       4
       2
       2
       4
       5
       8
       3
       3
       4
       4
       4
       4
       2
       4
       3
       2
       4
       2
       2
       5
       4
       0
       7
       1
       4
       3
       2
       3
       0
       4
      10
       3
       5
       7
      25
      40
      31
      29
      18
       6
       3
       4
       2
       3
       3
       6
       1
       2
       1
       6
       4
       2
       5
       2
       3
       1
       1
       2
       5
       2
       5
       3
       6
       4
       2
       1
       2
       6
       2
       1
       3
       5
       1
       3
       5
       4
       3
       1
       1
       5
       1
       4
       0
       4
       1
       3
       3
       5
       2
       0
       2
       1
       1
       4
       2
       4
       4
       4
       6
       5
       3
       5
       3
       2
       3
       3
       4
       2
       0
       1
       5
       3
       0
       3
       0
       2
       4
       2
       4
       2
       4
       3
       0
       5
       2
       1
      11
      14
      26
      15
      15
       9
       4
       4
       3
       3
       4
       0
       2
       4
       3
       3
       3
       2
       2
       4
       1
       2
       3
       5
       8
      32
      74
     124
     209
     183
     110
      47
      14
       4
       2
       1
       0
       1
       0
       3
       0
       3
       4
       2
       3
       0
       1
       1
       4
       2
       0
       2
       0
       1
       4
       2
       2
       2
       2
       1
       2
       2
       0
       2
       3
       0
       1
       1
       0
       2
       2
       1
       2
       1
       4
       2
       6
       1
       3
       5
       2
       0
       1
       2
       2
       1
       0
       2
       4
       3
       2
       3
       4
       3
       2
       1
       1
       6
       9
      19
      12
       8
      10
       5
       0
       0
       1
       1
       1
       2
       2
       2
       3
       2
       5
       3
       2
       3
       3
       6
       1
       3
       3
       3
       0
       5
       2
       2
       1
       2
       1
       3
       2
       2
       0
       3
       0
       0
       4
       1
       4
       2
       1
       3
       2
       2
       6
       3
       2
       2
       2
       3
       2
       0
       4
       5
       6
       2
       2
       3
       3
       1
       1
       1
       0
       0
       2
       3
       2
       1
       2
       2
       1
       1
       1
       4
       2
       1
       1
       2
       4
       0
       2
       1
       1
       4
       1
      13
      30
      58
      76
      80
      69
      48
      21
       8
       5
       3
       0
       2
       1
       4
       0
       2
       2
       2
       4
       4
       2
       0
       2
       2
       0
       2
       1
       1
       0
       5
       0
       1
       0
       3
       3
       1
       1
       1
       0
       0
       1
       0
       5
       2
       4
       8
       5
       3
       1
       4
       3
       1
       1
       0
       1
       2
       1
       1
       4
       1
       4
       2
       1
       5
       0
       0
       0
       0
       0
       2
       0
       0
       3
       0
       2
       1
       2
       0
       0
       1
       0
       2
       2
       0
       2
       0
       2
       1
       1
       1
       0
       1
       2
       1
       5
       7
       6
       3
       3
       0
       1
       0
       1
       0
       2
       3
       2
       0
       1
       1
       0
       4
       1
       1
       2
       0
       0
       1
       1
       1
       2
       1
       0
       2
       2
       2
       3
       4
       5
       2
       1
       3
       2
       1
       1
       7
       1
       0
       4
       4
       3
       1
       3
       1
       1
       0
       3
       3
       0
       0
       0
       1
       1
       0
       0
       1
       1
       0
       0
       0
       1
       3
       2
       0
       0
       4
       1
       0
       1
       2
       0
       1
       1
       2
       1
       1
       1
       1
       0
       1
       3
       2
       1
       0
       2
       2
       1
       1
       0
       1
       0
       2
       0
       0
       1
       2
       1
       1
       0
       2
       0
       0
       2
       2
       0
       1
       1
       0
       1
       0
       0
       0
       0
       3
       2
       0
       3
       0
       3
       1
       2
       2
       5
       0
       2
       1
       3
       2
       0
       1
       1
       0
       0
       2
       0
       0
       0
       3
       1
       1
       2
       1
       2
       0
       3
       0
       1
       1
       5
       5
       0
       0
       2
       0
       0
       1
       0
       0
       1
       0
       1
       0
       0
       1
       1
       1
       1
       0
       0
       0
       0
       0
       0
       1
       0
       0
       0
       2
       2
       2
       0
       0
       0
       1
       2
       1
       1
       0
       0
       1
       0
       3
       0
       1
       1
       2
       2
       0
       0
       0
       1
       0
       0
       1
       1
       0
       0
       1
       1
       2
       2
       2
       1
       1
       0
       0
       1
       0
       1
       3
       1
       2
       1
       3
       3
       0
       2
       0
       2
       1
       0
       0
       1
       0
       0
       1
       1
       1
       1
       3
       3
       1
       2
       3
       2
       0
       1
       2
       1
       2
       1
       1
       1
       1
       1
       1
       0
       0
       0
       3
       2
       0
       0
       1
       1
       1
       1
       2
       0
       1
       1
       0
       0
       1
       1
       0
       1
       2
       0
       3
       0
       5
       2
       1
       0
       2
       2
       1
       0
       3
       0
       2
       2
       3
       2
       0
       1
       0
       1
       0
       1
       0
       1
       1
       0
       1
       0
       1
       0
       2
       0
       0
       1
       0
       0
       1
       1
       1
       0
       0
       1
       1
       2
       1
       1
       0
       1
       0
       1
       2
       0
       0
       0
       2
       1
       0
       0
       2
       1
       1
       1
       2
       1
       0
       1
       1
       1
       0
       1
       1
       1
       0
       0
       1
       0
       0
       0
       1
       1
       1
       2
       0
       1
       1
       2
       0
       1
       0
       0
       1
       1
       0
       3
       0
       0
       0
       2
       0
       0
       1
       0
       1
       3
       0
       0
       1
       1
       0
       1
       3
       1
       0
       1
       1
       0
       0
       1
       0
       0
       0
       0
       0
       0
       0
       1
       0
       1
       1
       0
       0
       0
       0
       1
       0
       0
       0
       2
       1
       0
       0
       0
       1
       2
       3
       0
       0
       0
       0
       1
       2
       0
       0
       2
       0
       1
       0
       0
       1
       1
       0
       2
       0
       1
       0
       2
       1
       1
       1
       0
       2
       0
       1
       1
       0
       0
       1
       2
       2
       0
       1
       1
       1
       0
       0
       0
       0
       0
       1
       3
       1
       1
       1
       0
       0
       0
       1
       1
       1
       0
       0
       0
       0
       1
       0
       0
       3
       4
       1
       1
       0
       1
       0
       0
       1
       0
       1
       0
       0
       1
       1
       3
       0
       2
       1
       0
       0
       0
       1
       0
       0
       2
       1
       0
       2
       0
       0
       1
       1
       1
       0
       3
       1
       2
       0
       0
       0
       1
       2
       1
       1
       1
       0
       0
       0
       1
       0
       2
       0
       0
       1
       0
       0
       0
       1
       0
       0
       0
       0
       1
       0
       1
       1
       1
       0
       0
       0
       0
       0
       2
       0
       1
       1
       0
       0
       0
       2
       0
       1
       1
       0
       0
       0
       0
       1
       1
       0
       1
       0
       2
       0
       0
       0
       2
       1
       0
       1
       0
       0
       0
       1
       0
       3
       1
       2
       0
       1
       1
       2
       1
       0
       0
       0
       1
       0
       0
       1
       0
       2
       2
       0
       1
       0
       0
       0
       0
       1
       0
       0
       3
       1
       2
       2
       1
       0
       0
       1
       0
       2
       0
       1
       1
       0
       1
       0
       2
       1
       0
       0
       0
       0
       0
       0
       1
       1
       2
       1
       0
       1
       1
       1
       0
       1
       1
       0
       1
       0
       2
       0
       0
       0
       4
       0
       0
       0
       1
       4
       2
       2
       1
       2
       1
       0
       1
       0
       0
       1
       0
       1
       0
       0
       1
       0
       0
       0
       0
       3
       0
       1
       1
       1
       0
       1
       0
       0
       0
       0
       1
       0
       1
       0
       0
       0
       0
       0
       2
       1
       0
       0
       1
       2
       0
       1
       1
       0
       0
       0
       0
       0
       0
       1
       1
       0
       0
       0
       1
       1
       1
       1
       3
       1
       1
       3
       0
       0
       2
       0
       1
       0
       0
       0
       0
       0
       0
       0
       0
       0
       0
       1
       0
       0
       0
       0
       2
       1
       0
       1
       2
       1
       0
       0
       0
       1
       0
       0
       1
       1
       0
       0
       0
       1
       0
       1
       1
       0
       1
       0
       2
       0
       0
       1
       1
       1
       0
       0
       1
       0
       1
       0
       0
       0
       1
       2
       2
       0
       0
       0
       2
       1
       1
       1
       1
       0
       2
       0
       1
       0
       1
       1
       0
       0
       0
       1
       2
       3
       0
       0
       0
       0
       0
       0
       0
       1
       3
       2
       0
       1
       0
       2
       1
       1
       2
       0
       0
       0
       2
       1
       2
       0
       1
       2
       0
       2
       0
       0
       0
       2
       0
       1
       1
       0
       2
       0
       0
       1
       1
       0
       1
       0
       1
       0
       2
       1
       0
       1
       0
       1
       1
       0
       1
       1
       0
       0
       1
       1
       0
       0
       0
       2
       0
       0
       2
       0
       0
       0
       0
       2
       0
       0
       1
       0
       1
       0
       0
       0
       0
       0
       4
       1
       1
       0
       1
       1
       0
       1
       0
       0
       0
       0
       0
       0
       1
       0
       3
       1
       0
       1
       0
       1
       1
       1
       2
       1
       1
       1
       0
       0
       0
       0
       0
       1
       0
       0
       0
       1
       0
       3
       0
       2
       0
       0
       0
       0
       1
       0
       0
       1
       0
       1
       1
       1
       1
       1
       0
       0
       0
       0
       0
       0
       1
       0
       0
       1
       1
       0
       1
       0
       0
       0
       0
       0
       0
       1
       0
       1
       1
       1
       0
       0
       3
       0
       0
       1
       2
       0
       0
       0
       1
       1
       1
       1
       0
       1
       1
       1
       0
       0
       1
       0
       0
       1
       1
       1
       1
       0
       0
       2
       0
       0
       0
       1
       0
       2
       0
       1
       0
       1
       3
       0
       0
       1
       3
       1
       0
       3
       1
       1
       2
       1
       2
       3
       0
       0
       0
       0
       2
       3
       0
       2
       0
       1
       2
       0
       0
       2
       1
       0
       0
       0
       0
       0
       2
       0
       0
       0
       0
       0
       0
       0
       2
       0
       0
       0
       0
       1
       0
       2
       0
       1
       0
       1
       0
       0
       0
       0
       0
       1
       0
       0
       0
       0
       0
       0
       2
       0
       0
       0
       1
       0
       1
       0
       1
       0
       0
       1
       1
       2
       0
       1
       0
       0
       3
       0
       0
       1
       2
       0
       0
       0
       0
       0
       0
       0
       0
       2
       2
       0
       0
       0
       0
       1
       1
       0
       0
       0
       0
       0
       0
       0
       0
       0
       3
       0
       0
       1
       1
       0
       1
       0
       1
       0
       0
       2
       2
       0
       1
       0
       0
       0
       0
       0
       1
       0
       0
       0
       1
       0
       1
       0
       1
       0
       0
       0
       1
       1
       0
       1
       0
       0
       0
       2
       0
       0
       1
       0
       0
       2
       0
       1
       1
       0
       0
       2
       0
       1
       0
       0
       1
       0
       0
       1
       0
       1
       0
       1
       0
       0
       0
       0
       0
       0
       0
       2
       1
       0
       0
       0
       0
       2
       0
       1
       0
       0
       0
       0
       0
       1
       1
       1
       0
       0
       0
       1
       0
       0
       1
       1
       0
       2
       0
       0
       0
       0
       0
       0
       0
       1
       0
       0
       0
       0
       0
       0
       0
       3
       0
       0
       0
       0
       1
       0
       2
       0
       0
       1
       0
       1
       2
       0
       1
       0
       0
       0
       0
       3
       1
       0
       0
       0
       0
       1
       0
       0
       0
       1
       2
       0
       1
       1
       0
       0
       0
       0
       0
       0
       0
       0
       1
       0
       1
       0
       0
       0
       0
       0
       0
       0
       0
       2
       1
       2
       0
       0
       2
       2
       2
       0
       0
       1
       0
       0
       1
       2
       1
       1
       1
       1
       0
       2
       0
       0
       1
       1
       0
       1
       0
       0
       1
       0
       0
       1
       0
       0
       1
       0
       0
       1
       0
       1
       1
       0
       0
       1
       2
       1
       0
       0
       0
       1
       0
       0
       0
       0
       0
       1
       1
       2
       0
       1
       0
       0
       0
       0
       1
       1
       0
       2
       0
       1
       2
       1
       0
       0
       0
       1
       0
       0
       1
       0
       1
       2
       0
       1
       1
       0
       0
       1
       0
       0
       0
       1
       0
       0
       0
       1
       1
       1
       1
       0
       1
       0
       1
       1
       1
       1
       0
       0
       0
       1
       0
       0
       1
       0
       1
       1
       0
       1
       0
       0
       0
       1
       0
       0
       0
       0
       1
       0
       0
       0
       0
       1
       0
       0
       1
       1
       0
       0
       0
       0
       1
       1
       0
       1
       0
       0
       1
       1
       0
       0
       0
       1
       0
       1
       0
       0
       1
       0
       0
       2
       1
       1
       0
       0
       1
       1
       1
       0
       0
       0
       0
       0
       0
       1
       0
       1
       1
       0
       0
       0
       0
       0
       0
       0
       0
       0
       0
       0
       1
       0
       0
       0
       0
       0
       1
       1
       0
       1
       0
       1
       0
       0
       0
       1
       0
       1
       0
       0
       0
       1
       1
       0
       0
       0
       0
       0
       1
       1
       1
       0
       0
       0
       0
       1
       1
       0
       0
       0
       0
       0
       0
       2
       0
       0
       0
       0
       0
       0
       0
       0
       1
       0
       0
       2
       0
       1
       0
       1
       0
       2
       1
       0
       0
       0
       0
       1
       0
       1
       1
       0
       0
       0
       0
       1
       0
       0
       0
       1
       1
       0
       0
       2
       0
       0
       0
       2
       0
       0
       1
       1
       0
       1
       0
       0
       0
       0
       1
       1
       1
       0
       2
       0
       0
       0
       0
       1
       0
       0
       0
       1
       2
       0
       0
       1
       0
       1
       0
       1
       0
       1
       1
       1
       0
       2
       0
       1
       1
       0
       0
       0
       0
       1
       0
       1
       1
       1
       0
       1
       0
       0
       0
       0
       2
       0
       1
       0
       0
       0
       0
       0
       0
       1
       1
       0
       0
       1
       0
       1
       0
       2
       0
       0
       0
       0
       0
       1
       1
       0
       0
       0
       0
       1
       0
       0
       1
       3
       0
       0
       0
       0
       1
       2
       1
       0
       1
       0
       0
       0
       0
       0
       1
       0
       1
       1
       1
       1
       2
       1
       0
       1
       1
       1
       0
       0
       0
       0
       0
       0
       0
       1
       0
       0
       1
       0
       0
       0
       0
       0
       1
       2
       0
       0
       1
       0
       0
       1
       2
       0
       0
       0
       0
       0
       0
       0
       0
       1
       0
       1
       1
       0
       1
       0
       0
       0
       1
       2
       0
       0
       0
       0
       0
       0
       0
       0
       0
       3
       0
       0
       1
       1
       1
       1
       0
       0
       1
       0
       0
       2
       0
       0
       0
       0
       1
       0
       0
       0
       0
       0
       1
       0
       1
       0
       1
       0
       1
       0
       0
       0
       1
       0
       1
       3
       0
       0
       0
       0
       1
       0
       0
       0
       0
       0
       1
       0
       0
       1
       0
       1
       1
       0
       1
       0
       0
       1
       0
       1
       1
       0
       3
       3
       0
       0
       0
       0
       0
       1
       0
       0
       0
       0
       1
       0
       0
       1
       0
       0
       1
       0
       1
       0
       0
       0
       0
       0
       1
       0
       1
       1
       0
       0
       0
       2
       0
       0
       0
       0
       1
       0
       1
       1
       0
       1
       1
       0
       0
       1
       0
       0
       0
       0
       0
       0
       1
       0
       0
       0
       1
       0
       1
       0
       0
       0
       0
       0
       0
       0
       0
       0
       0
       1
       0
       1
       1
       1
       1
       2
       0
       0
       0
       0
       0
       0
       0
       0
       0
       0
       2
       1
       1
       0
       2
       1
       0
       0
       0
       1
       0
       1
       0
       1
       0
       1
       0
       0
       0
       1
       1
       1
       0
       0
       0
       1
       1
       1
       0
       2
       0
       2
       1
       1
       1
       1
       1
       1
       0
       0
       0
       2
       0
       0
       0
       0
       1
       1
       0
       0
       0
       0
       0
       0
       0
       0
       1
       0
       0
       1
       0
       0
       1
       1
       2
       0
       0
       0
       0
       0
       0
       0
       0
       0
       0
       0
       0
       0
       0
       1
       0
       0
       0
       0
       0
       0
       0
       1
       0
       0
       1
       1
       1
       0
       0
       1
       1
       1
       0
       1
       0
       1
       1
       0
       0
       0
       0
       0
       0
       2
       0
       0
       1
       0
       0
       1
       0
       0
       0
       0
       2
       0
       0
       2
       0
       0
       1
       0
       0
       0
       0
       0
       1
       0
       0
       0
       0
       0
       0
       1
       0
       1
       0
       0
       0
       1
       1
       0
       0
       1
       0
       1
       0
       1
       1
       0
       2
       0
       0
       0
       0
       0
       0
       0
       1
       0
       0
       1
       1
       0
       0
       0
       1
       0
       2
       1
       0
       1
       0
       0
       1
       1
       0
       0
       0
       0
       0
       0
       1
       0
       0
       0
       0
       0
       0
       0
       0
       0
       0
       1
       1
       0
       0
       1
       0
       0
       1
       0
       0
       0
       1
       0
       0
       2
       1
       0
       1
       1
       2
       0
       0
       0
       0
       0
       0
       2
       0
       0
       1
       0
       1
       1
       1
       0
       0
       2
       1
       1
       1
       0
       0
       1
       0
       0
       1
       0
       0
       2
       1
       0
       1
       0
       1
       0
       0
       3
       1
       1
       0
       0
       0
       0
       0
       0
       0
       1
       1
       0
       0
       0
       0
       1
       0
       1
       0
       0
       0
       0
       0
       1
       0
       0
       0
       0
       2
       0
       0
       0
       0
       0
       0
       1
       0
       0
       0
       0
       0
       1
       0
       0
       0
       1
       0
       0
       0
       0
       1
       0
       0
       0
       0
       0
       0
       1
       0
       0
       0
       0
       0
       0
       0
       1
       0
       0
       0
       0
       0
       1
       0
       1
       0
       0
       0
       1
       2
       2
       0
       1
       0
       0
       0
       1
       2
       0
       0
       0
       0
       0
       0
       0
       0
       0
       0
       0
       1
       0
       0
       0
       0
       0
       0
       1
       1
       0
       0
       0
       1
       0
       0
       0
       0
       0
       1
       0
       1
       0
       0
       0
       0
       0
       1
       0
       0
       1
       1
       0
       1
       1
       0
       0
       0
       0
       1
       0
       2
       1
       0
       0
       0
       0
       0
       0
       0
       0
       0
       2
       0
       1
       0
       0
       1
       0
       0
       1
       0
       1
       0
       0
       0
       1
       0
       0
       0
       0
       0
       1
       0
       0
       0
       0
       0
       1
       0
       1
       0
       0
       0
       0
       1
       1
       1
       0
       1
       0
       0
       1
       0
       1
       0
       0
       0
       0
       0
       1
       0
       0
       0
       0
       1
       0
       0
       0
       0
       0
       0
       1
       0
       1
       0
       0
       0
       1
       0
       0
       0
       1
       0
       0
       1
       0
       1
       0
       1
       0
       0
       1
       0
       1
       0
       0
       2
       4
       0
       0
       0
       0
       1
       0
       1
       3
       0
       0
       0
       3
       0
       0
       0
       0
       0
       0
       0
       1
       0
       0
       0
       0
       0
       0
       0
       0
       0
       0
       1
       0
       0
       0
       0
       1
       0
       0
       0
       0
       1
       0
       0
       0
       0
       0
       1
       0
       0
       0
       0
       1
       0
       0
       0
       0
       0
       0
       0
       0
       0
       1
       0
       1
       0
       0
       0
       0
       0
       0
       1
       1
       0
       0
       0
       1
       0
       1
       0
       0
       1
       1
       0
       0
       0
       0
       0
       0
       0
       0
       0
       0
       0
       0
       1
       0
       0
       0
       0
       1
       2
       1
       0
       0
       0
       0
       0
       0
       0
       0
       0
       0
       0
       0
       0
       0
       0
       1
       0
       0
       1
       0
       0
       0
       1
       1
       0
       0
       0
       0
       0
       1
       0
       1
       0
       0
       0
       0
       0
       0
       0
       0
       0
       0
       0
       2
       1
       0
       1
       1
       0
       0
       0
       0
       0
       2
       0
       0
       0
       0
       1
       0
       0
       0
       2
       0
       0
       0
       0
       0
       0
       0
       1
       0
       0
       2
       0
       0
       1
       0
       0
       0
       0
       1
       1
       1
       0
       1
       0
       0
       0
       0
       0
       0
       1
       0
       1
       0
       0
       0
       0
       2
       0
       0
       0
       0
       1
       0
       1
       0
       0
       1
       0
       0
       0
       0
       0
       0
       0
       0
       0
       0
       0
       0
       0
       0
       0
       0
       1
       0
       0
       0
       0
       0
       0
       0
       0
       0
       0
       0
       1
       0
       0
       0
       0
       0
       0
       0
       0
       0
       1
       0
       0
       0
       1
       1
       0
       0
       0
       1
       1
       0
       0
       0
       0
       0
       0
       0
       0
       0
       0
       0
       0
       0
       0
       0
       0
       0
       0
       0
       0
       0
       0
       0
       1
       0
       0
       0
       2
       1
       0
       0
       1
       0
       0
       0
       0
       0
       1
       1
       0
       1
       1
       0
       0
       0
       0
       0
       0
       0
       0
       0
       0
       0
       0
       1
       1
       0
       0
       0
       1
       0
       0
       0
       0
       0
       0
       0
       2
       0
       0
       2
       0
       0
       0
       0
       0
       0
       0
       0
       0
       0
       0
       0
       0
       0
       0
       0
       0
       0
       0
       1
       0
       0
       1
       0
       0
       0
       0
       1
       0
       0
       0
       0
       0
       0
       1
       1
       0
       0
       0
       2
       0
       1
       0
       0
       0
       1
       0
       0
       0
       0
       0
       0
       0
       0
       0
       0
       0
       2
       0
       0
       0
       0
       0
       0
       1
       3
       1
       1
       0
       1
       0
       0
       0
       0
       0
       1
       0
       1
       1
       0
       0
       0
       0
       0
       1
       0
       1
       1
       0
       0
       0
       0
       1
       0
       0
       0
       0
       1
       0
       0
       0
       0
       0
       0
       0
       0
       0
       1
       0
       0
       0
       0
       0
       0
       0
       0
       0
       0
       0
       0
       0
       1
       0
       2
       0
       1
       0
       0
       1
       0
       0
       0
       2
       0
       0
       2
       1
       1
       2
       0
       2
       2
       0
       1
       1
       0
       1
       2
       4
       3
       7
      11
       4
       3
       1
       1
       1
       1
       1
       3
       0
       0
       0
       0
       0
       0
       0
       1
       1
       0
       2
       0
       0
       0
       0
       1
       0
       0
       0
       1
       0
       0
       0
       0
       0
       0
       0
       0
       0
       1
       1
       0
       0
       0
       0
       0
       0
       0
       0
       0
       1
       1
       0
       0
       1
       0
       0
       0
       0
       1
       0
       0
       0
       0
       1
       1
       0
       0
       0
       0
       1
       0
       0
       0
       0
       0
       0
       0
       0
       0
       0
       0
       1
       0
       0
       0
       0
       0
       0
       0
       0
       0
       0
       0
       1
       0
       0
       1
       0
       0
       0
       0
       0
       1
       0
       0
       1
       0
       0
       0
       0
       0
       0
       0
       0
       0
       0
       0
       0
       0
       0
       0
       0
       1
       0
       0
       0
       0
       1
       0
       0
       0
       0
       0
       0
       0
       0
       1
       1
       1
       0
       0
       0
       0
       0
       0
       0
       0
       0
       0
       0
       0
       1
       0
       0
       0
       0
       0
       0
       0
       0
       0
       0
       0
       0
       0
       1
       0
       0
       0
       0
       0
       0
       0
       1
       0
       1
       0
       0
       1
       0
       0
       0
       0
       0
       0
       0
       0
       0
       0
       0
       0
       0
       0
       0
       0
       0
       0
       0
       0
       0
       0
       0
       0
       0
       0
       0
       0
       0
       0
       1
       0
       0
       0
       2
       1
       0
       0
       0
       0
       1
       1
       0
       0
       0
       0
       0
       0
       0
       0
       1
       0
       0
       0
       2
       0
       0
       0
       0
       0
       0
       0
       1
       0
       1
       0
       0
       0
       0
       0
       0
       0
       0
       0
       1
       1
       0
       0
       1
       0
       0
       0
       0
       0
       0
       0
       0
       0
       0
       0
       1
       0
       0
       0
       0
       0
       0
       0
       0
       0
       1
       1
       0
       0
       0
       0
       0
       0
       0
       0
       0
       0
       0
       0
       0
       0
       0
       0
       0
       1
       0
       1
       0
       0
       0
       0
       0
       1
       0
       0
       0
       0
       0
       0
       1
       0
       0
       0
       0
       1
       0
       0
       0
       0
       0
       1
       0
       1
       0
       0
       1
       0
       0
       0
       0
       0
       0
       0
       0
       1
       0
       0
       0
       1
       0
       0
       0
       0
       0
       1
       0
       0
       0
       0
       0
       1
       0
       0
       0
       1
       0
       0
       1
       0
       0
       1
       0
       1
       0
       0
       1
       0
       1
       0
       0
       0
       1
       0
       1
       0
       0
       1
       1
       0
       0
       0
       0
       0
       0
       1
       1
       0
       0
       0
       0
       0
       0
       1
       0
       0
       0
       0
       0
       0
       0
       1
       0
       0
       0
       0
       0
       0
       0
       0
       0
       1
       0
       1
       0
       1
       0
       0
       1
       0
       1
       0
       0
       0
       0
       1
       0
       0
       0
       0
       2
       0
       0
       0
       0
       0
       0
       0
       0
       0
       0
       0
       0
       0
       2
       0
       0
       0
       0
       0
       0
       0
       0
       1
       1
       0
       1
       0
       0
       1
       1
       0
       0
       0
       0
       0
       0
       0
       0
       1
       0
       0
       0
       2
       0
       0
       1
       0
       0
       0
       0
       0
       0
       0
       0
       0
       0
       0
       1
       1
       0
       0
       0
       0
       0
       0
       0
       0
       0
       0
       0
       0
       0
       0
       0
       0
       0
       0
       1
       0
       0
       0
       0
       0
       0
       0
       0
       0
       0
       0
       1
       0
       0
       0
       0
       1
       0
       0
       1
       0
       0
       0
       0
       0
       0
       0
       0
       0
       0
       1
       0
       0
       0
       0
       0
       0
       1
       0
       0
       0
       0
       0
       0
       0
       0
       0
       0
       0
       0
       0
       0
       0
       0
       1
       0
       0
       1
       0
       1
       0
       1
       1
       0
       0
       2
       0
       0
       0
       0
       0
       0
       0
       0
       1
       0
       0
       0
       0
       0
       0
       2
       1
       0
       0
       0
       1
       0
       0
       1
       1
       1
       0
       0
       0
       0
       0
       0
       0
       0
       0
       0
       0
       0
       0
       0
       1
       0
       0
       0
       0
       0
       0
       0
       0
       0
       0
       0
       0
       0
       0
       0
       0
       0
       1
       0
       0
       0
       0
       0
       0
       0
       0
       0
       0
       1
       0
       0
       1
       0
       0
       1
       0
       0
       0
       1
       0
       0
       0
       0
       0
       0
       0
       1
       0
       0
       0
       0
       0
       0
       0
       0
       0
       0
       0
       0
       1
       0
       0
       1
       0
       0
       0
       0
       0
       1
       0
       0
       1
       0
       0
       0
       0
       1
       0
       0
       1
       0
       0
       0
       0
       0
       0
       0
       1
       0
       0
       0
       0
       0
       0
       0
       0
       0
       0
       0
       0
       0
       0
       0
       0
       0
       0
       0
       0
       1
       0
       0
       0
       0
       0
       0
       0
       0
       0
       0
       0
       0
       0
       0
       0
       0
       0
       0
       0
       0
       0
       0
       0
       0
       0
       1
       0
       0
       0
       0
       1
       0
       0
       0
       1
       1
       0
       1
       0
       0
       0
       0
       0
       0
       0
       0
       0
       1
       0
       0
       0
       1
       1
       0
       0
       0
       0
       0
       0
       0
       0
       0
       0
       0
       0
       0
       0
       0
       0
       0
       0
       1
       0
       0
       0
       0
       1
       1
       0
       0
       0
       0
       0
       0
       0
       0
       0
       0
       1
       0
       0
       0
       0
       1
       0
       0
       1
       0
       2
       1
       0
       0
       0
       0
       1
       0
       0
       0
       0
       1
       0
       0
       0
       0
       0
       0
       1
       0
       0
       0
       0
       0
       1
       0
       0
       0
       0
       0
       0
       0
       0
       0
       0
       0
       0
       0
       0
       0
       0
       0
       0
       0
       0
       0
       0
       0
       0
       0
       0
       0
       0
       0
       0
       0
       0
       0
       1
       0
       1
       0
       0
       1
       1
       0
       2
       1
       0
       0
       0
       0
       0
       0
       0
       0
       0
       1
       0
       0
       0
       0
       0
       0
       0
       0
       0
       0
       1
       0
       0
       0
       0
       0
       0
       0
       1
       0
       0
       0
       0
       0
       0
       0
       0
       0
       0
       0
       0
       0
       0
       0
       0
       0
       1
       0
       1
       0
       1
       0
       0
       1
       0
       0
       0
       0
       0
       1
       0
       0
       0
       0
       0
       0
       0
       0
       0
       0
       0
       0
       0
       0
       0
       0
       0
       0
       0
       0
       0
       0
       1
       0
       1
       0
       0
       0
       0
       0
       1
       1
       0
       0
       0
       0
       0
       0
       0
       0
       0
       0
       0
       0
       2
       0
       0
       0
       0
       0
       0
       0
       0
       0
       0
       0
       0
       0
       0
       0
       0
       1
       0
       0
       0
       0
       0
       0
       0
       0
       0
       0
       0
       0
       0
       0
       0
       0
       0
       0
       0
       0
       0
       0
       0
       0
       1
       0
       0
       0
       0
       0
       0
       0
       0
       1
       1
       0
       0
       0
       0
       0
       0
       0
       0
       0
       0
       0
       0
       0
       1
       0
       0
       0
       0
       1
       0
       0
       1
       0
       0
       0
       0
       0
       0
       0
       0
       1
       0
       0
       0
       0
       0
       0
       0
       1
       0
       0
       0
       0
       0
       0
       0
       0
       0
       0
       0
       0
       0
       0
       0
       0
       0
       0
       0
       0
       0
       0
       0
       0
       0
       0
       0
       0
       0
       0
       0
       0
       0
       0
       0
       1
       0
       0
       0
       1
       0
       0
       1
       0
       1
       1
       0
       0
       0
       0
       1
       1
       0
       0
       0
       1
       0
       0
       2
       0
       1
       0
       0
       0
       1
       0
       0
       0
       0
       0
       0
       0
       0
       0
       0
       0
       0
       1
       0
       0
       0
       0
       0
       1
       0
       0
       0
       0
       0
       0
       0
       0
       0
       0
       0
       1
       0
       0
       0
       0
       0
       0
       0
       0
       1
       1
       0
       0
       0
       0
       0
       0
       0
       0
       0
       0
       1
       0
       0
       1
       0
       0
       2
       0
       0
       0
       0
       1
       0
       0
       1
       0
       0
       0
       0
       0
       1
       0
       0
       0
       0
       0
       0
       0
       0
       0
       0
       0
       0
       0
       0
       0
       0
       0
       1
       1
       0
       0
       0
       0
       0
       0
       0
       0
       0
       0
       0
       0
       0
       0
       0
       0
       0
       0
       0
       0
       0
       0
       1
       0
       0
       0
       0
       2
       0
       1
       0
       0
       0
       0
       0
       1
       0
       0
       0
       0
       0
       0
       0
       0
       0
       0
       0
       0
       0
       0
       0
       0
       0
       0
       0
       0
       0
       0
       0
       0
       0
       0
       0
       0
       0
       0
       1
       0
       1
       0
       0
       0
       0
       0
       0
       0
       0
       0
       0
       0
       0
       0
       0
       0
       0
       0
       0
       0
       1
       1
       0
       0
       0
       0
       0
       0
       0
       0
       1
       0
       1
       0
       0
       0
       0
       0
       0
       0
       1
       0
       0
       0
       0
       1
       0
       1
       0
       0
       0
       0
       0
       0
       0
       0
       1
       0
       1
       0
       0
       0
       0
       0
       0
       0
       0
       1
       0
       0
       0
       0
       0
       0
       1
       0
       0
       0
       0
       0
       0
       0
       0
       0
       0
       0
       0
       1
       0
       0
       0
       0
       0
       0
       1
       0
       2
       0
       0
       0
       0
       0
       0
       0
       1
       0
       0
       0
       0
       0
       0
       0
       2
       0
       0
       0
       0
       0
       1
       0
       0
       0
       2
       1
       0
       0
       0
       0
       0
       0
       0
       0
       0
       0
       0
       0
       0
       0
       1
       0
       1
       0
       0
       0
       0
       0
       0
       0
       0
       1
       1
       0
       0
       0
       0
       0
       0
       0
       0
       0
       0
       1
       0
       0
       0
       0
       0
       0
       0
       0
       0
       0
       1
       0
       0
       1
       0
       0
       0
       1
       0
       1
       0
       0
       0
       1
       0
       0
       0
       0
       0
       0
       1
       0
       0
       0
       0
       0
       0
       0
       0
       0
       0
       0
       0
       0
       0
       0
       0
       0
       0
       0
       0
       0
       0
       0
       0
       0
       0
       0
       1
       0
       0
       0
       0
       0
       0
       0
       0
       0
       0
       0
       0
       1
       0
       0
       0
       0
       0
       0
       0
       0
       0
       0
       0
       0
       0
       0
       0
       0
       0
       1
       0
       1
       0
       1
       0
       0
       0
       0
       0
       0
       0
       0
       0
       0
       0
       0
       0
       0
       0
       1
       0
       0
       0
       0
       0
       0
       0
       0
       0
       0
       0
       0
       1
       0
       0
       0
       0
       1
       0
       0
       1
       0
       0
       0
       0
       0
       0
       0
       0
       0
       0
       0
       0
       0
       0
       1
       0
       0
       0
       0
       0
       0
       1
       0
       0
       0
       0
       0
       1
       0
       0
       1
       0
       0
       0
       0
       0
       1
       0
       0
       0
       0
       0
       0
       0
       0
       0
       0
       0
       0
       0
       0
       0
       0
       0
       0
       0
       0
       0
       0
       0
       0
       0
       0
       0
       0
       1
       0
       0
       0
       0
       0
       0
       0
       0
       1
       0
       0
       0
       0
       1
       0
       0
       0
       1
       0
       0
       0
       0
       0
       0
       0
       0
       0
       0
       0
       1
       1
       0
       0
       0
       1
       0
       0
       0
       0
       0
       0
       0
       0
       0
       0
       0
       0
       1
       0
       0
       0
       0
       0
       0
       0
       0
       0
       0
       0
       0
       0
       0
       0
       0
       0
       0
       0
       0
       0
       0
       0
       2
       1
       0
       0
       0
       1
       0
       0
       0
       0
       0
       0
       0
       0
       0
       0
       0
       0
       0
       1
       0
       0
       0
       0
       1
       0
       0
       0
       0
       0
       0
       0
       0
       0
       0
       0
       2
       1
       1
       0
       0
       0
       0
       0
       0
       0
       0
       0
       0
       0
       0
       0
       1
       0
       0
       0
       0
       0
       0
       0
       0
       0
       0
       0
       0
       0
       1
       0
       0
       0
       1
       0
       0
       0
       0
       0
       0
       0
       0
       0
       0
       0
       0
       0
       0
       0
       0
       0
       0
       0
       0
       0
       0
       1
       0
       0
       0
       0
       0
       0
       0
       0
       0
       0
       0
       0
       0
       0
       0
       0
       0
       0
       1
       0
       0
       0
       0
       0
       0
       0
       0
       0
       0
       0
       0
       0
       0
       0
       0
       0
       0
       0
       0
       0
       0
       0
       0
       2
       1
       0
       0
       1
       0
       0
       0
       0
       0
       0
       0
       0
       1
       0
       0
       0
       0
       0
       0
       0
       0
       0
       0
       0
       0
       0
       0
       0
       0
       1
       0
       0
       1
       0
       1
       0
       0
       0
       0
       0
       1
       0
       0
       0
       0
       0
       0
       0
       0
       0
       0
       0
       0
       0
       0
       0
       0
       0
       0
       0
       0
       0
       0
       0
       0
       0
       0
       0
       0
       0
       0
       1
       0
       1
       0
       0
       0
       0
       0
       1
       0
       0
       1
       0
       0
       0
       0
       0
       0
       0
       0
       0
       0
       0
       0
       0
       0
       0
       0
       0
       0
       0
       0
       0
       0
       0
       0
       0
       0
       0
       1
       0
       0
       0
       0
       0
       0
       0
       0
       0
       0
       1
       0
       1
       0
       0
       1
       0
       0
       0
       0
       0
       1
       0
       1
       0
       0
       0
       0
       0
       0
       0
       0
       0
       0
       1
       0
       0
       0
       0
       0
       0
       0
       0
       0
       0
       0
       0
       0
       0
       1
       0
       0
       0
       0
       0
       0
       0
       0
       0
       0
       0
       1
       0
       0
       0
       0
       0
       0
       0
       0
       0
       0
       0
       0
       0
       0
       0
       0
       0
       0
       0
       0
       0
       0
       0
       0
       0
       0
       0
       0
       0
       0
       0
       0
       0
       0
       0
       0
       0
       0
       0
       0
       0
       0
       0
       0
       0
       2
       0
       0
       0
       0
       0
       0
       1
       0
       1
       0
       0
       0
       1
       0
       0
       0
       0
       0
       0
       0
       0
       0
       0
       0
       0
       0
       0
       0
       0
       0
       0
       0
       0
       0
       1
       0
       0
       0
       0
       0
       0
       0
       0
       0
       0
       0
       1
       0
       0
       0
       0
       1
       0
       0
       0
       0
       0
       0
       0
       0
       0
       0
       0
       0
       0
       0
       0
       0
       0
       1
       0
       0
       0
       0
       0
       0
       0
       0
       0
       0
       0
       0
       0
       1
       0
       0
       0
       0
       1
       0
       0
       0
       0
       0
       0
       0
       0
       0
       1
       0
       0
       0
       1
       1
       0
       0
       0
       0
       0
       1
       0
       0
       1
       0
       0
       0
       0
       0
       0
       0
       0
       0
       0
       0
       0
       0
       0
       0
       0
       0
       0
       0
       0
       0
       0
       1
       0
       0
       0
       0
       0
       0
       1
       0
       0
       1
       0
       0
       0
       0
       0
       0
       0
       0
       0
       0
       0
       0
       0
       0
       0
       0
       0
       0
       0
       0
       0
       0
       0
       0
       0
       0
       0
       0
       0
       0
       0
       0
       0
       0
       0
       0
       0
       0
       0
       1
       0
       0
       0
       0
       0
       0
       0
       0
       0
       0
       0
       0
       0
       0
       0
       0
       0
       0
       0
       1
       0
       0
       0
       0
       0
       0
       0
       0
       0
       0
       0
       0
       0
       0
       0
       0
       0
       0
       1
       0
       0
       0
       0
       0
       0
       0
       0
       0
       0
       0
       0
       0
       0
       0
       0
       0
       0
       0
       0
       0
       0
       0
       0
       1
       0
       0
       0
       0
       0
       0
       0
       0
       0
       0
       0
       0
       1
       0
       0
       0
       0
       0
       0
       0
       0
       0
       0
       0
       0
       0
       0
       0
       0
       1
       0
       0
       0
       0
       0
       2
       0
       0
       0
       0
       0
       0
       1
       0
       0
       0
       1
       0
       1
       0
       0
       1
       1
       0
       0
       2
       0
       0
       0
       0
       0
       0
       0
       0
       0
       0
       0
       0
       0
       0
       0
       0
       0
       0
       0
       0
       0
       0
       0
       0
       0
       0
       1
       1
       0
       0
       0
       0
       0
       0
       0
       1
       0
       0
       0
       0
       0
       0
       0
       0
       0
       0
       0
       0
       0
       0
       0
       0
       0
       0
       0
       1
       0
       0
       0
       0
       0
       0
       0
       0
       0
       0
       0
       0
       0
       0
       1
       1
       0
       0
       1
       0
       0
       0
       0
       0
       0
       0
       0
       0
       0
       0
       0
       0
       0
       0
       0
       0
       0
       0
       0
       0
       0
       0
       0
       1
       0
       0
       0
       0
       0
       0
       0
       0
       0
       0
       0
       0
       0
       0
       0
       0
       0
       0
       1
       0
       0
       0
       0
       0
       0
       0
       0
       0
       0
       0
       0
       0
       0
       0
       0
       0
       0
       0
       1
       0
       0
       0
       0
       0
       0
       0
       0
       0
       0
       0
       0
       0
       0
       0
       0
       0
       1
       0
       0
       0
       0
       0
       0
       0
       0
       0
       0
       0
       0
       0
       0
       0
       0
       0
       0
       0
       0
       0
       0
       0
       0
       0
       1
       0
       0
       0
       0
       0
       0
       0
       0
       0
       0
       0
       0
       0
       0
       0
       0
       0
       0
       0
       0
       0
       0
       0
       0
       0
       0
       0
       0
       1
       0
       0
       0
       1
       0
       0
       0
       0
       0
       0
       0
       0
       0
       0
       0
       0
       0
       0
       0
       0
       0
       0
       1
       1
       0
       0
       0
       0
       0
       0
       0
       1
       0
       0
       0
       0
       0
       0
       0
       0
       0
       0
       0
       0
       0
       0
       0
       0
       0
       0
       0
       0
       0
       0
       0
       0
       0
       0
       0
       0
       0
       0
       0
       1
       0
       0
       0
       0
       0
       0
       0
       0
       0
       0
       0
       0
       0
       0
       0
       0
       1
       0
       0
       0
       0
       0
       0
       0
       1
       0
       0
       0
       0
       0
       0
       1
       0
       0
       0
       0
       0
       0
       0
       0
       0
       0
       0
       0
       0
       0
       0
       0
       0
       0
       0
       0
       0
       0
       0
       0
       0
       1
       0
       0
       0
       0
       0
       0
       0
       0
       0
       0
       0
       1
       0
       0
       0
       0
       0
       0
       0
       0
       0
       0
       0
       0
       0
       0
       0
       0
       0
       1
       1
       0
       0
       0
       0
       0
       0
       0
       1
       0
       1
       0
       0
       0
       0
       0
       0
       0
       0
       0
       0
       0
       0
       0
       0
       1
       0
       0
       0
       0
       0
       0
       0
       0
       0
       0
       0
       0
       2
       0
       0
       0
       0
       0
       0
       0
       0
       0
       0
       0
       0
       0
       0
       0
       0
       0
       0
       0
       0
       0
       0
       0
       0
       0
       0
       0
       0
       0
       1
       0
       0
       0
       0
       0
       0
       0
       0
       0
       0
       1
       0
       0
       0
       0
       0
       0
       0
       0
       0
       0
       0
       0
       1
       0
       0
       0
       0
       0
       0
       0
       0
       0
       0
       0
       0
       0
       0
       0
       0
       0
       0
       0
       0
       0
       0
       0
       0
       0
       0
       0
       1
       0
       0
       0
       0
       0
       0
       0
       0
       0
       0
       0
       0
       0
       0
       0
       0
       0
       0
       1
       0
       0
       0
       0
       0
       0
       0
       0
       0
       0
       0
       0
       1
       1
       0
       0
       0
       0
       0
       0
       0
       0
       0
       0
       0
       0
       0
       0
       0
       0
       0
       0
       0
       0
       0
       0
       0
       0
       0
       0
       0
       0
       0
       0
       0
       0
       0
       0
       0
       0
       0
       0
       1
       0
       0
       0
       0
       0
       0
       0
       0
       0
       0
       0
       0
       0
       0
       0
       0
       0
       0
       0
       0
       0
       0
       0
       0
       0
       0
       0
       0
       0
       0
       0
       0
       0
       0
       1
       0
       0
       0
       0
       0
       0
       1
       1
       0
       0
       0
       0
       0
       0
       0
       0
       0
       0
       0
       0
       0
       0
       0
       0
       0
       0
       0
       0
       0
       0
       0
       0
       1
       0
       0
       0
       0
       0
       0
       0
       1
       0
       0
       0
       0
       0
       1
       0
       0
       0
       0
       0
       0
       0
       0
       0
       0
       0
       0
       1
       0
       0
       0
       0
       0
       0
       0
       0
       0
       1
       0
       0
       0
       0
       0
       0
       0
       0
       0
       0
       0
       0
       0
       0
       0
       0
       0
       0
       0
       0
       0
       1
       0
       0
       0
       0
       0
       0
       0
       0
       0
       0
       0
       0
       0
       0
       0
       0
       0
       0
       0
       0
       0
       0
       0
       0
       0
       0
       0
       0
       0
       1
       0
       0
       0
       0
       0
       0
       0
       0
       0
       0
       0
       1
       0
       0
       0
       0
       1
       0
       0
       0
       0
       0
       0
       0
       0
       0
       0
       0
       0
       0
       0
       0
       0
       0
       0
       0
       1
       0
       0
       0
       0
       0
       0
       0
       1
       0
       0
       0
       0
       0
       0
       0
       1
       0
       0
       0
       0
       0
       1
       0
       0
       0
       1
       0
       0
       0
       0
       0
       0
       0
       0
       0
       0
       0
       0
       0
       1
       0
       0
       0
       0
       0
       0
       0
       0
       0
       0
       0
       0
       0
       0
       0
       0
       0
       0
       0
       0
       0
       0
       0
       0
       0
       0
       0
       0
       0
       0
       0
       0
       0
       0
       0
       0
       0
       0
       0
       0
       0
       0
       0
       0
       0
       0
       0
       0
       0
       1
       0
       1
       0
       0
       0
       0
       0
       0
       1
$ROI:
0
$PRESETS:
Live Time
3600
0
$ENER_FIT:
0.137869 0.366631
$MCA_CAL:
3
1.378689E-001 3.666307E-001 -4.415950E-008 keV
$SHAPE_CAL:
3
2.301834E+000 9.195991E-004 -5.357180E-008
