$SPEC_ID:
Molnar Range
$SPEC_REM:
DET# 1
DETDESC# HPGe Detector 1
AP# GammaVision Version 6.07
$DATE_MEA:
02/16/2016 08:08:51
$MEAS_TIM:
86400 94431
$DATA:
0 8191
       0
       0
       0
       2
   45980
   67286
   35349
   25083
   20975
   20660
   21119
   22386
   24310
   26689
   29556
   33658
   39371
   47223
   52436
   59130
   65647
   71948
   78462
   83067
   89297
   93045
   97049
   97427
   95665
   89183
   81804
   76123
   71784
   54026
   37389
   32629
   28939
   24583
   22180
   20101
   17022
   15669
   14772
   14928
   16935
   17967
   21774
   31097
   29924
   19274
   13134
   12141
   13221
   14733
   14109
   15016
   20896
   22873
   19747
   16878
   15897
   14153
   12549
   13873
   26115
   49018
   47207
   23582
   12901
   14225
   37283
   94097
  100840
   48693
   24263
   17095
   12374
    9910
    9219
    8939
    8821
    8708
    8782
    8881
    8941
    9086
    9523
    9893
   12106
   22793
   39860
   35085
   18494
   12411
   12467
   12854
   13275
   14174
   15255
   16304
   17646
   19024
   20914
   22802
   25007
   27164
   29850
   32147
   34649
   36838
   39902
   42992
   47409
   51626
   56990
   62937
   73460
  101642
  137519
  131275
  109215
  106979
  115007
  125365
  136687
  150534
  168309
  190975
  219500
  261216
  321525
  413885
  522932
  596236
  717415
  885451
  810113
  611610
  531853
  515845
  506001
  493647
  480032
  463504
  450332
  445115
  446916
  457150
  477373
  499163
  525921
  555648
  572431
  585244
  617220
  663509
  713211
  763607
  820606
 1227524
 6625411
32983152
66637251
50322367
14016546
 1435360
   62129
    9371
    8119
    7806
    7708
    8079
    8235
    8262
    7909
    8242
    8427
    8671
    8573
    8597
    8675
    9085
    9142
    9580
   10023
    9858
    9456
    9954
   10837
   13025
   15558
   14070
   11863
   11587
   12133
   13063
   13772
   14869
   16601
   17050
   16604
   17030
   17703
   19453
   21200
   20201
   18453
   17434
   16749
   16774
   15997
   15527
   15150
   14889
   14819
   14966
   14820
   14412
   14497
   14735
   14631
   14804
   14747
   15087
   15256
   15740
   15923
   16205
   16753
   17741
   18931
   20060
   19898
   18855
   18683
   19149
   19608
   20066
   20509
   20576
   20477
   20630
   21182
   21549
   21562
   21742
   22298
   22483
   22894
   23525
   24050
   24869
   25645
   26091
   26498
   26947
   27628
   28368
   29581
   29994
   30775
   31560
   33305
   38513
   45253
   44986
   39812
   48962
  118717
  250916
  258264
  122040
   41215
   28837
   37609
   49769
   45784
   35372
   47096
  138900
  291192
  278334
  114829
   26012
   10315
    9446
    9500
    9541
   10396
   12416
   13827
   12673
   10648
    9993
   10137
   10401
   10755
   11183
   11609
   11608
   11347
   10988
   11093
   11382
   11473
   11399
   12153
   13173
   16311
   18203
   20395
   22743
   20020
   15090
   12965
   12366
   12398
   12246
   13258
   15067
   17084
   16692
   16750
   26609
   47046
   49367
   29300
   16432
   13409
   12496
   11921
   12037
   12609
   17189
   32303
   44890
   34254
   18191
   13082
   23660
   70626
  131684
  111460
   43283
   10912
    5394
    4983
    5113
    5051
    5334
    5236
    5013
    5135
    5136
    4972
    5024
    5078
    5123
    5029
    5056
    5222
    5107
    5138
    5201
    5135
    5130
    5304
    5184
    5290
    5406
    5212
    5384
    5279
    5308
    5222
    5305
    5389
    5377
    5506
    5437
    5642
    5489
    5341
    5519
    5223
    5473
    5584
    5542
    5385
    5618
    5493
    5659
    5570
    5612
    5581
    5564
    5862
    8258
   16797
   26367
   22483
   11358
    6004
    5052
    4898
    5064
    5090
    5772
    7755
    8686
    7256
    5749
    5148
    4955
    4847
    4961
    4989
    5083
    5041
    4953
    4940
    5065
    4953
    4969
    5094
    4975
    4975
    5077
    4889
    5064
    5008
    5158
    5234
    5087
    5060
    5009
    4976
    4886
    4952
    4983
    5123
    5095
    5126
    5286
    5039
    5153
    5184
    6596
    8033
    7833
    6353
    5914
    5988
    5542
    4886
    4666
    4705
    4670
    4651
    4716
    6553
   11259
   14495
   10775
    6398
    4519
    4319
    4367
    4401
    4279
    4266
    4195
    4165
    4164
    4397
    4561
    4915
    5193
    5148
    4576
    4282
    4242
    4150
    4161
    4199
    4164
    4124
    4116
    4074
    4200
    4067
    4059
    4232
    4140
    4165
    4074
    4147
    4182
    4162
    4131
    3988
    4105
    4175
    4241
    4232
    4352
    4404
    4197
    4053
    4004
    4016
    4017
    3973
    3999
    4137
    4053
    4078
    4018
    3973
    4130
    4091
    4296
    4987
    5264
    4741
    4116
    3944
    3894
    3774
    3882
    3807
    3930
    3908
    3800
    3775
    3817
    3844
    3769
    3806
    3822
    4052
    3988
    3827
    3771
    3808
    3884
    3786
    3757
    3750
    3659
    3710
    3702
    3669
    3781
    3806
    3827
    3857
    3779
    3784
    3587
    3745
    3633
    3686
    4049
    6957
   20886
   44965
   51891
   30499
   10008
    3567
    2652
    2607
    2528
    2618
    2531
    2493
    2468
    2582
    2517
    2513
    2433
    2549
    2484
    2478
    2412
    2428
    2380
    2440
    2528
    2406
    2407
    2285
    2509
    2451
    2329
    2261
    2414
    2375
    2301
    2383
    2642
    3665
    4860
    4672
    3468
    2447
    2313
    2207
    2302
    2200
    2174
    2247
    2187
    2128
    2192
    2098
    2234
    2223
    2108
    2160
    2094
    2184
    2063
    2072
    2146
    2057
    2104
    2182
    2117
    2028
    2084
    2100
    2218
    2330
    2253
    2192
    2106
    2021
    2100
    2048
    1989
    2020
    2059
    2077
    2038
    2044
    1972
    2057
    2033
    2097
    2023
    2030
    1900
    1913
    1992
    1998
    1910
    1960
    1991
    1964
    2017
    2000
    1921
    1866
    1938
    1928
    2003
    1896
    1877
    1965
    2013
    1977
    2025
    1917
    1925
    2001
    1920
    1947
    1918
    1882
    1863
    1908
    1911
    1867
    1859
    1842
    1886
    1872
    1842
    1798
    1859
    1805
    1903
    1839
    1803
    1811
    1835
    1912
    1819
    1825
    1870
    1816
    1814
    1757
    1808
    1850
    1813
    1846
    1861
    1938
    1946
    1840
    1830
    1797
    1747
    1785
    1777
    1780
    1816
    2009
    2211
    2319
    1993
    1808
    1868
    1801
    2197
    2966
    3394
    2884
    2094
    1763
    1690
    1690
    1644
    1713
    1681
    1679
    1789
    1763
    1737
    1698
    1633
    1652
    1659
    1664
    1620
    1673
    1754
    1906
    2033
    1964
    1767
    1704
    1655
    1640
    1785
    1671
    1646
    1683
    1586
    1609
    1627
    1605
    1631
    1563
    1639
    1646
    1614
    1673
    1622
    1639
    1650
    1634
    1590
    1559
    1528
    1555
    1619
    1550
    1591
    1538
    1529
    1618
    1539
    1532
    1587
    1583
    1549
    1613
    1547
    1680
    1728
    1719
    1711
    1921
    2266
    2428
    1996
    1704
    1482
    1572
    1478
    1529
    1527
    1532
    1478
    1516
    1500
    1511
    1532
    1540
    1494
    1566
    1555
    2023
    2745
    2816
    2328
    1781
    1553
    1472
    1519
    1453
    1428
    1435
    1466
    1450
    1510
    1465
    1416
    1490
    1446
    1527
    1439
    1483
    1377
    1510
    1481
    1458
    1462
    1439
    1470
    1385
    1476
    1538
    1979
    3973
    7602
    9489
    7074
    3722
    2012
    1426
    1347
    1333
    1314
    1228
    1274
    1350
    1301
    1249
    1232
    1291
    1366
    1334
    1291
    1286
    1267
    1312
    1342
    1265
    1335
    1327
    1398
    1971
    4205
    8081
    9766
    7092
    3386
    1719
    1324
    1215
    1210
    1188
    1198
    1226
    1162
    1139
    1170
    1243
    1156
    1176
    1116
    1150
    1186
    1148
    1176
    1151
    1157
    1298
    2004
    4488
    8002
    9552
    6575
    3082
    1433
    1271
    2721
    8689
   20590
   28661
   22728
   10021
    2955
    1118
     946
    1000
    1020
     908
     826
     793
     869
    1121
    1428
    1651
    1344
    1026
     795
     742
     712
     793
     755
     785
     805
     816
     769
     753
     790
     798
     784
     803
     754
     767
     768
     740
     726
     762
     787
     779
     746
     823
     815
     864
     805
     805
     799
     757
     777
     724
     727
     738
     734
     790
     738
     775
     724
     702
     748
     766
     724
     706
     799
     771
     763
     757
     759
     726
     753
     720
     683
     761
     738
     716
     695
     717
     716
     717
     739
     743
     674
     709
     741
     718
     722
     735
     733
     808
    1038
    2255
    5925
   10867
   11699
    7473
    3022
    1248
    1561
    2686
    3259
    2548
    1459
     770
     652
     584
     609
     625
     571
     608
     654
     685
     998
    2064
    4603
    7320
    7067
    4157
    1682
     719
     559
     528
     556
     539
     564
     515
     555
     498
     554
     552
     558
     563
     638
    1043
    1652
    1985
    1586
     949
     604
     538
     526
     532
     480
     548
     538
     534
     535
     527
     519
     508
     473
     573
     645
     825
     816
     713
     538
     507
     515
     540
     524
     482
     546
     547
     529
     572
     516
     477
     514
     523
     498
     539
     511
     586
     712
     720
     766
     541
     526
     520
     508
     508
     510
     534
     496
     500
     518
     500
     467
     493
     538
     489
     504
     500
     524
     528
     519
     578
     531
     520
     493
     491
     485
     502
     482
     478
     507
     497
     512
     490
     501
     520
     456
     496
     487
     504
     502
     471
     509
     519
     596
     741
     831
     806
     879
     901
     824
     674
     551
     622
    1093
    1724
    1883
    1429
     904
     555
     463
     508
     471
     454
     451
     495
     475
     487
     476
     511
     490
     466
     563
     749
    1237
    1620
    1602
    1051
     658
     495
     499
     533
     493
     486
     512
     531
     515
     502
     478
     513
     469
     451
     456
     492
     473
     408
     452
     461
     457
     497
     454
     494
     512
     492
     452
     496
     485
     503
     539
     516
     608
     736
     866
     866
     759
     605
     530
     534
     593
     589
     649
     576
     554
     447
     418
     458
     450
     438
     481
     455
     473
     444
     453
     429
     452
     429
     436
     434
     465
     447
     465
     471
     427
     463
     475
     544
     569
     504
     483
     509
     606
     709
     869
     792
     663
     548
     474
     440
     432
     427
     455
     442
     454
     437
     568
     549
     605
     582
     519
     449
     503
     458
     447
     463
     489
     458
     454
     466
     494
     476
     507
     514
     492
     527
     520
     565
     531
     601
     668
     680
     681
     667
     600
     665
     671
     663
     674
     754
     726
     705
     752
     813
     791
     785
     789
     834
     821
     926
     911
     955
     958
     989
    1064
    1065
    1098
    1041
    1049
    1047
    1055
    1004
     934
     899
     900
     868
     809
     787
     765
     720
     679
     721
     693
     654
     624
     601
     616
     569
     563
     566
     592
     534
     538
     508
     550
     488
     468
     424
     415
     461
     395
     393
     375
     368
     384
     357
     347
     327
     335
     333
     322
     323
     320
     323
     332
     328
     319
     308
     342
     335
     313
     321
     309
     327
     303
     326
     330
     318
     319
     301
     303
     326
     311
     317
     315
     336
     319
     314
     310
     314
     296
     307
     323
     289
     313
     304
     320
     315
     347
     301
     358
     348
     357
     400
     435
     527
     582
     644
     665
     650
     604
     587
     512
     459
     412
     404
     413
     438
     372
     317
     298
     296
     300
     292
     272
     244
     290
     296
     293
     249
     283
     278
     309
     258
     229
     287
     315
     309
     298
     330
     316
     281
     283
     244
     270
     282
     251
     296
     272
     283
     258
     235
     283
     284
     252
     282
     296
     302
     254
     250
     278
     265
     254
     263
     260
     259
     260
     267
     232
     248
     285
     241
     251
     223
     222
     251
     273
     237
     231
     223
     237
     220
     226
     231
     210
     221
     238
     249
     200
     196
     238
     236
     222
     248
     202
     201
     211
     206
     200
     211
     236
     211
     190
     225
     218
     218
     241
     211
     204
     244
     197
     208
     212
     206
     216
     216
     210
     200
     205
     209
     236
     203
     178
     251
     175
     201
     217
     214
     218
     198
     219
     195
     186
     200
     192
     198
     182
     188
     203
     179
     218
     209
     182
     205
     201
     203
     209
     187
     192
     193
     175
     211
     208
     202
     214
     196
     205
     183
     175
     172
     217
     188
     184
     201
     194
     179
     210
     197
     208
     177
     186
     149
     193
     167
     183
     179
     192
     189
     208
     200
     213
     224
     197
     179
     168
     169
     181
     178
     165
     172
     167
     194
     186
     179
     170
     176
     152
     163
     176
     162
     149
     175
     181
     192
     195
     191
     199
     185
     177
     167
     169
     153
     180
     214
     191
     184
     199
     184
     166
     182
     165
     206
     142
     242
     260
     244
     252
     195
     171
     193
     151
     161
     165
     163
     158
     159
     162
     160
     168
     174
     181
     212
     316
     379
     444
     378
     314
     206
     203
     151
     164
     161
     176
     152
     182
     174
     159
     174
     168
     161
     160
     164
     177
     173
     160
     176
     176
     184
     144
     145
     139
     150
     150
     170
     171
     176
     183
     186
     165
     169
     146
     164
     133
     143
     167
     155
     155
     132
     166
     158
     147
     154
     158
     149
     157
     145
     158
     135
     161
     265
     637
    1348
    2058
    2322
    1749
     951
     420
     201
     155
     138
     119
     135
     140
     142
     127
     144
     126
     139
     140
     131
     124
     141
     133
     142
     154
     149
     159
     146
     121
     105
     135
     124
     126
     104
     124
     123
     121
     130
     128
     172
     168
     175
     148
     160
     149
     133
     106
     110
     135
     128
     137
     137
     125
     122
     131
     122
     122
     116
     119
     123
     143
     166
     260
     332
     405
     353
     224
     173
     145
     134
     123
     113
     131
     111
     120
     119
     133
     113
     126
     113
     137
     117
     125
     128
     125
     123
     124
     113
     160
     119
     142
     141
     264
     552
    1064
    1458
    1363
     922
     474
     191
     150
     130
     125
     112
     114
     108
     101
     120
      99
      97
     102
     128
     113
      98
     108
     133
     169
     517
    1770
    4978
    9723
   12582
   11523
    6818
    2746
     724
     186
      99
     103
      76
      79
      73
      81
      60
      77
      60
      64
      68
      73
      67
      76
      92
      85
      77
      68
      70
      72
      63
      57
      64
      64
      57
      69
      70
      56
      73
      98
      81
      99
      90
      78
      62
      71
      61
      74
      70
      72
     111
     136
     165
     141
     118
      85
      57
      74
      61
      66
      63
      66
      57
      68
      62
      71
      74
      56
      62
      53
      41
      70
     127
     246
     497
     910
    1145
     935
     634
     257
     112
      66
      63
      81
      67
      79
      95
     122
     168
     205
     153
     144
      96
      74
     114
     140
     208
     231
     179
     158
     112
      87
      79
      70
      63
      64
      70
      65
      65
      75
      63
      71
      67
      56
      66
      69
      58
      67
      67
      56
      61
      58
      59
      62
      60
      56
      56
      67
      70
      88
     124
     208
     258
     260
     178
     109
      83
      63
      69
      55
      78
      77
      50
      69
      55
      42
      50
      63
      70
      56
      53
      64
      57
      55
      47
      49
      59
      65
      50
      56
      54
      68
     171
     594
    1722
    3643
    5552
    6167
    4638
    2615
    1011
     415
     138
      86
      57
      54
      34
      34
      36
      37
      48
      60
      44
      31
      49
      44
      69
      80
      65
      76
      62
      52
      67
      51
      40
      41
      31
      34
      40
      32
      45
      39
      35
      40
      39
      79
     123
     213
     275
     274
     228
     140
      52
      42
      36
      33
      38
      53
      28
      44
      35
      25
      39
      35
      35
      38
      23
      27
      29
      33
      29
      39
      30
      28
      30
      30
      45
      28
      46
      27
      27
      33
      28
      29
      26
      49
      25
      30
      33
      34
      33
      24
      27
      35
      31
      33
      68
     113
     218
     280
     213
     144
     103
      40
      35
      35
      41
      63
      63
      78
      85
      38
      40
      38
      31
      31
      24
      29
      40
      39
      38
      28
      28
      40
      39
      46
      58
      95
     168
     168
     179
     124
      87
      54
      46
      35
      53
      80
     156
     193
     166
     140
     108
     111
     114
      88
      57
      42
      38
      24
      33
      31
      39
      29
      22
      26
      30
      40
      47
      24
      30
      27
      26
      27
      43
      34
      37
      52
      49
      36
      32
      30
      41
      32
      30
      29
      26
      28
      20
      37
      33
      41
      42
      43
      38
      32
      29
      26
      46
      41
      39
      39
      38
      35
      26
      30
      23
      24
      31
      28
      23
      32
      23
      23
      22
      39
      30
      36
      31
      23
      33
      20
      27
      33
      30
      35
      36
      19
      34
      29
      30
      30
      36
      54
      71
      61
      56
      64
      63
      39
      43
      38
      25
      30
      32
      28
      34
      27
      21
      27
      36
      25
      32
      23
      22
      31
      33
      29
      30
      42
      55
      48
      56
      35
      34
      25
      24
      19
      30
      20
      33
      33
      42
      23
      22
      23
      27
      21
      25
      25
      22
      42
      41
      34
      39
      28
      34
      34
      26
      25
      27
      38
      33
      36
      32
      27
      38
      24
      37
      30
      25
      20
      25
      27
      40
      39
      47
      27
      37
      30
      37
      25
      35
      30
      29
      27
      23
      24
      26
      29
      26
      33
      26
      43
      33
      28
      35
      29
      39
      37
      25
      26
      29
      32
      39
      18
      30
      41
      28
      28
      32
      41
      31
      28
      33
      32
      25
      28
      41
      43
      36
      36
      34
      27
      41
      59
      68
      98
      99
      64
      40
      38
      31
      24
      35
      28
      23
      35
      41
      26
      36
      42
      43
      27
      30
      31
      25
      25
      31
      27
      37
      41
      32
      27
      28
      26
      44
      29
      27
      33
      24
      38
      28
      27
      35
      39
      28
      31
      38
      41
      43
      45
      40
      36
      27
      23
      17
      33
      28
      23
      19
      36
      26
      33
      30
      26
      33
      23
      17
      30
      21
      33
      25
      24
      30
      37
      39
      29
      36
      33
      29
      23
      20
      36
      27
      26
      25
      21
      18
      20
      12
      32
      28
      19
      29
      27
      27
      36
      25
      24
      26
      25
      22
      16
      32
      27
      23
      26
      25
      27
      31
      33
      30
      26
      28
      27
      23
      41
      47
      36
      29
      36
      20
      30
      34
      28
      18
      19
      30
      34
      19
      17
      18
      24
      27
      28
      16
      30
      31
      23
      26
      35
      26
      27
      26
      28
      25
      23
      33
      31
      16
      19
      26
      16
      26
      21
      25
      34
      31
      35
      31
      24
      27
      23
      17
      25
      28
      33
      17
      18
      25
      25
      25
      18
      23
      34
      25
      26
      34
      26
      33
      30
      36
      51
      43
      45
      28
      25
      37
      32
      31
      20
      22
      22
      24
      24
      14
      19
      23
      35
      27
      21
      26
      12
      34
      25
      25
      15
      22
      21
      31
      26
      25
      29
      15
      22
      25
      22
      24
      25
      22
      20
      19
      16
      13
      17
      19
      20
      20
      27
      27
      19
      24
      29
      12
      22
      23
      20
      22
      20
      22
      35
      27
      22
      20
      17
      25
      15
      23
      22
      29
      22
      21
      18
      18
      28
      22
      21
      20
      28
      20
      17
      23
      14
      19
      27
      12
      21
      24
      28
      20
      24
      20
      24
      26
      25
      24
      22
      28
      19
      23
      18
      23
      24
       9
      17
      25
      29
      22
      21
      19
      31
      18
      18
      22
      20
      26
      16
      19
      15
      34
      17
      33
      35
      20
      39
      28
      32
      39
      15
      26
      20
      17
      29
      20
      18
      21
      22
      34
      26
      23
      30
      16
      25
      29
      16
      19
      13
      15
      30
      28
      16
      17
      28
      22
      20
      17
      21
      25
      20
      27
      34
      26
      27
      15
      16
      10
      33
      21
      10
      16
      19
      16
      16
      22
      24
      17
      23
      13
      22
      22
      24
      15
      28
      20
      19
      22
      23
      18
      14
      17
      22
      19
      18
      23
      17
      24
      13
      23
      22
      28
      18
      14
      20
      13
      18
      17
      22
      12
      26
      14
      20
      29
      17
      23
      12
      19
      25
      15
      15
      25
      23
      21
      14
      20
      16
      26
      16
      23
      20
      16
      18
      19
      22
      22
      21
      17
      27
      27
      22
      18
      22
      14
      21
      25
      18
      30
      28
      32
      40
      40
      36
      29
      30
      50
      43
      40
      26
      25
      25
      31
      27
      27
      21
      28
      22
      22
      32
      18
      26
      16
      13
      18
      23
      20
      23
      21
      28
      24
      22
      24
      27
      22
      17
      26
      26
      18
      15
      14
      25
      18
      15
      21
      19
      24
      18
      20
      10
      14
      24
      13
      24
      16
      19
      18
      16
      27
      23
      17
      29
      27
      11
      18
      17
      15
      24
      17
      23
      16
      23
      16
      13
      23
      15
      18
      22
      25
      24
      21
      18
      20
      15
      24
      20
      19
      10
      15
      20
      24
      20
      19
      14
      23
      19
      20
      22
      15
      21
      17
      25
      13
      25
      20
      23
      19
      24
      16
      16
      22
      26
      23
      17
      19
      18
      15
      23
      16
      18
      17
      11
      17
      18
      21
      20
      18
      23
      25
      25
      27
      24
      22
      23
      15
      21
      15
      15
      20
      17
      18
      31
      14
      14
      25
      11
      17
      19
      18
      19
      28
      20
      12
      21
      14
      20
      15
      20
      25
      17
      19
      25
      20
      18
      20
      22
      22
      18
      16
      20
      21
      20
      15
      27
      21
      25
      15
      22
      25
      17
      19
      20
      15
      16
      14
      25
      16
      18
      24
      15
      20
      21
      24
      20
      20
      17
      17
      21
      20
      16
      27
      15
      12
      14
      22
      19
      13
      20
      15
      17
       9
      17
      20
      23
      16
      17
      20
      20
      17
      11
      21
      24
      29
      17
      14
      14
      19
      18
      10
      19
      12
      22
      18
      10
      16
      17
      16
      21
      20
      19
      15
      20
      12
      26
      16
      18
      15
      14
      22
      14
      11
      18
      17
      17
      21
      13
      19
      21
      14
      15
      20
      14
      15
      14
      18
      17
      14
      17
      10
      11
      21
      25
      26
      17
      16
      18
      15
      16
      16
      16
      11
      17
      10
      15
      16
      22
      23
      14
      16
      17
      13
      20
      14
      21
      21
      21
      15
      22
      21
      15
      23
      25
      20
      17
      19
      18
      14
      16
      19
      17
      11
      22
      19
      24
      25
      18
      22
      18
      23
      17
      25
      21
      29
      18
      28
      30
      31
      22
      25
      28
      25
      27
      23
      28
      27
      35
      35
      37
      41
      38
      42
      41
      52
      57
      49
      55
      41
      54
      70
      69
      83
      88
      87
      66
      72
      75
      61
      45
      47
      54
      44
      44
      50
      36
      28
      36
      27
      29
      28
      28
      25
      30
      24
      29
      21
      13
      25
       8
      19
      17
      16
      10
      15
      15
      15
      18
      10
      20
      20
      15
      11
      15
      18
      13
      19
      16
      28
      23
      13
      17
      16
      21
      19
      15
      20
      10
      13
      21
      17
      15
      12
      16
      19
      20
      20
      10
      16
      12
      10
      17
      19
      23
      16
      13
      15
      18
      22
      19
      13
      18
      13
      16
      22
      20
      17
       8
      15
      16
      23
      14
       9
       9
      16
      12
      14
      16
      18
      14
      17
      15
      18
      20
      19
      15
      16
      14
      20
      20
      14
      13
      20
      11
      11
      16
      18
      17
      17
      15
      24
      12
      22
      24
      23
      19
      15
      12
      18
      13
      17
      16
      27
      12
      17
      18
      11
      13
      13
      10
       9
      27
      12
      13
      10
      18
      18
      14
      10
      15
      15
      16
      13
       8
      18
      15
      11
      18
      12
      24
      15
      11
      22
      19
       9
      11
      19
      10
      19
      15
      16
      13
      19
      12
      11
      19
      18
      22
      17
      18
      10
      17
      17
      19
      15
      18
      13
      16
      14
      12
      11
      14
      14
       9
      15
      14
      13
      15
      18
      12
      15
       9
      11
       9
      15
      12
      10
      21
      13
      10
      23
      12
      12
      15
       8
      18
      14
      14
      17
      11
      15
      14
      14
       9
      18
      14
      18
      12
      17
      14
      12
      16
      17
      12
      14
      17
      12
      19
      19
      19
      16
      15
      19
      19
      18
      13
      14
      20
      21
      18
      17
      17
      14
      15
      12
      11
      21
      11
      16
      19
      15
      16
      13
      16
      15
      15
      14
      16
      12
      13
      22
      10
      16
       6
      12
      14
      26
      11
      15
      18
      18
      19
      12
      15
      15
      13
      16
      10
      16
      15
      10
      18
      15
      13
      12
      13
      12
       8
      12
      19
      15
      19
      14
      18
      17
      17
      13
      16
      12
      15
      11
      25
      10
      12
      18
      13
       9
      19
      14
      20
      19
      16
      13
      19
      18
      12
      12
      11
      10
      21
      19
      22
      21
      20
      18
      18
      13
      26
      15
      16
      12
       8
      17
      20
      13
      15
      15
      17
      17
      16
      16
      14
      20
      13
      16
       7
      15
      14
      19
      20
       5
      23
      10
      11
      11
      12
      13
      26
      14
      19
      11
      27
      14
      16
      14
      13
      23
      24
      21
      19
      18
      20
      25
      14
      18
      18
       9
      16
      14
      15
      23
      10
      10
      15
       6
      15
      16
      15
      20
      26
      31
      23
      13
      19
      14
      19
      21
      19
      10
      17
      17
      21
      17
      14
      16
      13
      13
      14
      14
      11
      11
       7
      18
      14
      11
      16
      19
      16
      15
      23
       9
      16
      16
      18
      17
      10
      14
      14
      19
      20
      20
      19
      10
      11
      13
      10
      20
      13
      17
      10
      15
      18
      12
      22
      17
      24
      17
      32
      19
      20
      24
      24
      16
      20
      26
      18
      22
      19
      12
      14
      15
      10
       9
      22
      12
      16
      20
      15
      12
      20
      11
      11
      13
      11
      10
      14
      16
      11
      15
      18
      14
      11
       7
      17
      13
      11
      19
      13
      14
      12
      10
      13
      10
      17
      12
      13
      10
      15
       6
       8
      14
      11
      22
      11
      14
      12
      11
       8
      13
      17
      14
       8
      11
      23
      11
      10
       6
      12
      15
      15
      13
      11
      11
       9
      27
      10
      13
      13
       8
       7
      14
      17
       9
      21
      15
      14
      13
      14
      18
      11
      20
      21
      12
      11
      15
      20
      12
      19
      20
      26
      15
      14
      13
      20
       9
      12
      13
      16
       8
      17
      23
      15
      16
      12
      14
      16
      12
      15
      15
       8
      15
      13
      16
      10
      13
       5
       5
       8
      23
      15
      13
       8
      25
      22
      17
      23
       8
       9
      13
      10
      19
       8
      13
      15
       8
      17
      18
      14
      13
      11
      15
      20
       8
      11
      17
       9
      15
      17
      13
      16
      17
      14
       6
      17
       9
      10
      13
      15
      14
      23
      10
      10
      10
      10
      14
      10
      15
      16
      14
      12
      16
      15
      11
      10
      22
      13
      14
       6
      16
       9
      17
      20
      18
      12
       9
      14
      13
      11
      12
       8
      11
       9
      11
      22
      14
      14
      13
       7
      17
      17
       5
      14
      11
      15
      10
      18
      11
      18
      11
      18
      18
      14
      19
      14
      15
      14
      16
      14
      18
       9
      17
      15
      10
      10
      10
      14
      14
      10
      12
      16
      23
      11
      13
      14
      16
      11
      20
      12
      10
      20
      13
      16
      12
      10
      11
      12
      12
      13
      17
      17
      15
       8
       9
      21
      10
      13
      14
      10
      23
      13
       9
      10
      11
      13
      12
      15
      15
      11
      13
       7
      12
      16
      16
      16
      24
      14
      19
      23
      13
      13
      19
      14
      14
      22
      14
       9
      13
      14
       8
      17
      10
      14
      17
      14
       8
      11
      12
      14
      13
      16
      17
      18
      17
      16
      21
      15
      16
      14
      15
       5
      13
      15
      13
      16
      12
       8
      13
      12
       9
      13
      13
      19
      15
      16
      14
      12
      11
      13
      15
       8
       7
      12
      11
      12
      16
      11
      13
      17
      12
      16
      12
       7
      14
      17
       9
      15
      15
      20
      12
      10
      11
      10
      11
      10
      22
      13
      19
      15
      23
      15
      15
      15
      15
      15
      17
       8
      15
      17
      13
      10
      16
      10
       8
      19
      15
      17
      15
      12
      14
       9
      15
      13
       6
      16
      13
       9
       8
      16
      20
       9
       9
      16
      12
      11
      15
      13
      17
      18
       9
       9
      12
      13
      15
      12
      11
      15
      10
      17
       8
      12
      13
      16
      21
      13
      14
      17
      17
      13
      13
      15
      20
       8
      20
      12
      15
      15
       6
      18
      20
      11
      11
      19
      11
      25
      22
      16
      21
      31
      24
      22
      18
      17
       7
      15
      16
      12
      15
      15
      15
      17
      15
       2
      13
      11
      12
      16
      16
      12
      14
      17
      15
      14
      10
      10
      15
      15
      11
      12
      15
      11
      12
      10
      21
       9
      12
       8
      13
      14
      14
       6
      17
      10
      10
      15
      12
      18
      13
       9
      11
      11
      11
      13
      18
      12
      17
      14
      15
      14
      13
      13
      12
      10
      12
      13
      17
      13
      12
      15
      17
      13
      14
      12
      16
      19
       9
       9
      17
      16
      12
      16
      10
      14
      13
       8
      10
      13
      15
      16
      14
      11
      15
      14
       9
      12
      17
      11
      17
      16
      15
      15
      13
      19
      17
       8
      17
      14
       8
       7
      16
      15
      16
      11
      10
      13
      17
      14
      20
      12
      25
       9
      15
      12
      15
       6
      16
      17
      20
      14
      18
      15
      13
      14
      17
      17
      16
      13
      11
      15
      15
      14
      16
      13
      18
      11
      13
      16
       8
      11
      14
      15
      12
      11
      14
      13
      16
      11
      17
      21
      21
      10
      20
      18
       7
      16
      21
      16
      14
      10
      14
      16
       9
      10
      19
      17
      12
      12
      17
      12
      14
      13
      13
      12
       8
       7
      14
      17
       9
      11
      13
      15
      17
       5
      19
      22
      12
      17
      10
      13
      15
      14
      18
      13
      16
      14
      11
      14
      16
      13
       9
      15
      13
      13
      12
      18
      13
      11
      17
       7
      13
       9
      13
       9
      20
      16
      17
      13
      10
      15
      19
      16
      12
      19
      20
      20
       8
      16
      20
       8
       8
      18
      14
      11
      10
      20
      11
      16
      12
      12
      10
      14
      13
       5
      11
      15
      19
      10
      13
      10
      16
      17
      19
      12
       7
       9
      10
       9
      18
      18
      15
      18
       9
      17
      19
      15
      26
       9
      15
      12
      10
      11
      14
      19
      10
       9
      19
      21
      15
      12
      19
      18
      10
      13
      16
      14
      19
      17
       7
      17
      12
      11
      12
      11
      15
      11
      11
      16
      20
      12
      10
      16
      15
      13
      12
      10
      18
      17
      20
      11
      12
      20
      16
       9
      14
       5
      10
      25
      11
      18
      18
      12
      17
      11
      14
       9
      10
      13
      14
      11
      10
      13
      24
      11
      14
       8
      16
      14
      10
      14
      14
      12
      11
       9
       9
      12
      15
      14
      17
      12
      19
       8
      11
      13
      16
      15
      10
       7
      14
       5
      14
      10
      13
      16
      10
      13
      10
      12
      10
      16
       8
      10
      14
       9
      10
       8
       8
      11
      12
      16
       8
      15
      15
       7
      12
      12
      14
       6
       8
      10
       8
      14
      11
      11
       7
      12
      11
       8
      10
      11
      12
       7
      14
      11
      12
       9
      13
      11
      14
       8
       9
       8
       9
      16
      15
      11
      12
      12
      10
      11
       9
      14
      10
      17
      10
      12
      11
       9
      11
      11
       9
      16
       9
       9
       8
       8
      10
       5
      15
       6
      17
       9
      10
      10
      11
       7
      10
       6
      10
      15
      14
      12
      15
      18
      11
      16
       9
      14
       8
      13
      16
       9
       8
      10
       7
      13
       7
      13
       8
      10
       7
       9
       9
      13
      14
      15
      10
       9
      14
       8
       7
      16
       9
      18
      19
       9
      10
      16
      11
      10
       7
      12
      10
       8
      11
      10
       7
       9
      10
       6
      13
      11
      13
      17
       9
      11
       6
      11
      12
       9
       8
       7
       8
       9
      10
       7
       8
      15
       9
      15
       7
      11
       3
      13
       7
       8
      10
       8
      14
       7
      11
      12
      12
      11
      11
      11
       9
       6
      11
       9
       7
      12
       8
       8
       8
       6
      11
      13
       4
       6
       8
      13
       4
      14
       4
      10
       9
       5
       8
      10
       6
      11
      11
       3
      12
      11
       2
      10
       9
       2
      11
       6
      15
       7
      12
      10
       7
       8
       8
      11
       4
       7
       9
      13
      13
       9
      12
       6
       9
       5
       8
       8
       8
      11
       5
       8
       5
       1
       9
       7
      10
       9
       8
       9
      10
      13
       5
      10
      11
      10
      10
       7
       6
       6
       9
       3
       7
       6
       6
       8
      10
       7
      10
       8
      12
       5
       8
      11
      12
       7
      10
      11
       7
       4
       6
      14
       7
       4
       9
      10
      10
       8
       5
       7
      10
      13
      10
       8
       7
      10
       8
       8
      14
       4
       6
       9
       7
      11
       7
       7
       5
       7
       8
       6
      10
       6
      13
      10
       6
      10
      12
       7
       2
      10
      11
       5
       8
       4
       7
       7
       3
       1
       7
       7
       8
       6
       6
       7
       9
       7
       4
       8
       9
       7
       6
      18
       9
       2
       4
       5
       9
       7
       1
      12
       7
      10
       3
       8
       4
       7
      11
       9
       3
       8
       7
      12
      11
       6
       2
       5
      13
       5
       7
       8
       6
       4
       7
       9
      13
       3
       2
      11
       4
       7
       2
       7
       4
      10
       9
      10
       2
       7
      12
       9
       6
       9
       5
       6
       4
       8
       7
       8
       5
      13
       9
       9
       3
      11
       5
       5
       8
       4
       5
       4
       3
       5
       4
       5
       8
      10
       5
       6
       6
       3
      10
       8
       6
       5
       7
       6
      13
       7
       7
       7
       1
      13
       7
       5
       3
       5
       5
       6
       8
       8
       5
      12
       6
       5
       7
      10
       1
       6
       3
       2
       9
       5
      10
       6
       2
       7
       6
       5
       5
       8
       4
      10
      14
      19
      14
      15
      23
      12
       6
       8
       8
       6
       6
      15
       3
       6
      11
       7
       8
       3
       5
       8
       4
       7
       3
       6
       3
       8
      10
       7
       9
       8
       8
       6
       9
       8
       7
       6
      10
      13
       5
       8
      12
      20
      22
      18
      20
      10
      18
      13
       6
       8
       5
       6
      11
      10
      11
       4
      11
       4
       5
       5
      10
       4
      12
       7
       4
       7
       4
       7
       2
       3
       5
       3
       8
       6
       8
       7
       9
      10
       6
       3
       5
       9
       9
       5
      11
       6
       9
       8
       7
       9
      15
       9
       7
      14
       7
      15
      17
      11
      12
      23
      14
      18
      19
      23
      27
      34
      39
      31
      25
      30
      34
      34
      30
      29
      41
      47
      56
      55
      80
     150
     148
     197
     227
     242
     205
     157
     119
     103
      71
      62
      58
      48
      43
      33
      38
      38
      30
      29
      29
      36
      31
      24
      22
      24
      20
      20
      16
      21
      16
      13
      18
      17
      12
      17
       8
       7
       8
      10
       6
       7
       2
       7
       8
       8
       6
       7
       5
       6
       5
       5
       8
       8
       6
       2
       5
       3
       5
       8
       2
      12
       5
       7
       7
       2
       4
       5
       3
       5
       9
       8
       5
       1
       2
       5
       7
       4
       1
       6
       4
       2
      10
       4
      10
       7
       6
       5
       6
       1
       6
       4
       5
       8
       7
       3
       6
       4
       7
       3
       4
       4
       4
       4
       4
       5
       3
       6
       3
       8
       4
       6
       6
       8
       6
       4
       6
       4
       2
       6
       6
       7
       4
       2
       6
       3
       5
       2
       6
       7
       4
       6
       5
       4
       4
       5
       7
       3
       8
      10
       7
       7
       4
       4
       6
       7
       2
       6
       3
       7
       8
       5
       7
       4
       2
       6
       4
       9
       5
       5
       7
       6
       9
       7
       7
       4
       7
       6
       8
       8
       7
       8
       3
       7
       8
       4
       5
       6
       5
       3
       5
       4
       1
       1
       8
       5
       4
       5
       5
       4
       0
       4
       6
       4
       6
       6
       3
       5
       5
       5
       3
       3
       5
       7
       5
       7
       5
       8
       4
       2
       6
       1
       5
       5
       4
       4
       5
       7
       4
       2
       3
       7
       7
       2
       5
       4
       7
       7
       3
       3
       7
       8
       5
       6
       6
       5
       5
       6
       5
       8
       5
       3
       8
       5
       3
       4
       4
      10
       9
       2
       8
       3
       4
       3
       3
       8
       6
       2
       3
       8
       2
       3
       5
       7
       9
       1
       8
       2
       2
       4
       4
       8
       5
       9
       5
       9
       6
       2
       3
       3
       3
       6
       6
       4
       5
       4
       6
       4
       3
       7
       3
       6
       4
       9
       6
       7
       7
       6
       4
       5
       2
       4
       5
       2
       8
       8
       2
       7
       3
       3
       2
       4
       5
       2
       8
       7
       4
       8
       3
       8
       7
       5
       4
       4
       2
       7
       4
       8
       5
       7
       6
       4
       9
       3
       3
       7
       3
       2
       4
       4
       6
       4
       4
       5
       4
       3
       4
       2
       8
       5
       9
       5
       3
       6
       2
       3
       5
       2
       2
       4
       2
       1
       4
       7
       5
       2
       7
       6
       4
       5
       5
       7
       6
       2
       2
       4
       6
       4
       8
       3
       3
       6
       3
       3
       7
       5
       2
       4
       8
       6
       3
       6
       4
       8
       1
       2
       5
       3
       7
       3
       4
       1
       5
       5
       7
       7
       2
       3
       4
       4
       5
       8
       5
       4
       2
       4
       3
       5
       6
       4
       6
       1
       9
       9
       2
       0
       7
       5
       3
       2
       9
       4
       4
       8
       4
       3
       4
       0
       4
       7
       6
       4
       3
       4
       7
       2
       3
       4
       5
       4
       5
       7
       2
       2
       5
       3
       9
       4
       4
       4
       6
       6
       4
       5
       3
       5
       3
       7
       9
       5
       3
       6
       8
       7
       6
       5
       5
       2
       5
      10
       6
       5
       2
       2
       6
       8
       3
       6
       3
       3
       3
       4
       6
       5
       1
       2
       8
       3
       5
       7
       2
       3
       7
       5
       4
       3
       8
       1
       4
       5
       0
       5
      10
       3
       4
       7
       9
       4
       4
       4
       5
       6
       7
       6
       7
       2
       3
       6
       4
       5
       6
       4
       5
       8
       3
       1
       3
       2
       7
       5
       3
       9
       6
       5
       6
       5
       5
       1
       5
       2
       3
       3
       2
       2
       4
       1
       7
       1
       4
       3
       5
       6
       3
       4
       4
       4
       2
       6
       3
       7
       4
       7
       2
       3
       6
       6
       1
       3
       3
       6
       3
       1
       6
      10
       7
       4
       6
       4
       7
       6
       7
       4
       3
       3
       2
       3
       6
       3
       8
       4
       3
       7
       4
      11
       8
       5
       4
       4
       8
       7
       7
       3
       3
       7
       1
       7
       3
       5
       1
       6
       9
       3
      10
       5
       7
       3
       1
       6
       5
       3
       3
       5
       2
       4
       3
       5
       3
       3
       4
       4
       6
       4
       4
       7
       4
       4
       3
       5
       3
       6
       6
       3
       2
       2
       4
       3
       3
       1
       2
       4
       2
       4
       5
       3
       7
       3
       4
       7
       3
       3
       4
       3
       3
       3
       2
       4
       4
       2
       9
       6
       4
       5
       3
       6
       6
       7
       8
       3
       3
       1
       3
       7
       4
       4
       6
       5
       1
       1
       5
       3
       1
       7
       2
       5
       4
       4
       5
       5
       8
       1
       6
       6
       5
       3
       2
       5
       5
       3
       8
       4
       1
       0
       3
       4
       7
       5
       6
       7
       3
       3
       2
       4
       8
       4
       6
       7
       6
       5
       2
       8
       5
       4
       3
       2
       2
       5
       7
       1
       4
       0
       5
       3
       5
       3
       5
       5
       2
       2
       2
       6
       4
       3
       6
       5
       2
       2
       5
       7
       3
       7
       4
       8
       5
       2
       1
       6
       6
       3
       5
       5
       4
       5
       4
       6
       7
       4
       0
       3
       6
       7
       2
       4
       3
       6
       1
       2
       2
       9
       3
       2
       3
       6
       6
      10
       1
       4
       8
       7
       5
       6
       5
       2
       6
       6
       4
       3
       5
       3
       3
       9
       1
       7
       7
       6
       1
       1
       4
       3
       2
       6
       5
       4
       5
       5
       5
       1
       3
       1
       3
       3
       6
       7
       4
       4
       6
       7
       7
       5
       6
       3
       7
       3
       3
       4
       3
       2
       8
       3
       1
       4
       4
       4
       3
       7
       2
       6
       8
       4
       4
       8
       9
       4
       0
       5
       4
       6
       2
       6
       6
       4
       4
       5
       3
       9
       4
       9
      11
      15
      12
      12
      14
       9
      10
       9
       9
       9
       6
       2
       2
       5
       4
       5
       7
       1
       7
       5
       6
       5
       2
       5
       4
       6
       3
       6
       2
       5
       8
       4
       5
       3
       2
       4
       7
       3
       6
       2
       7
       7
       6
       6
       3
       4
       2
       2
       6
      11
       7
       4
       6
       1
       4
       2
       5
       3
      10
       2
       2
       3
       5
       8
       7
       2
       5
       5
       1
       4
       2
       0
       3
       6
       3
      13
       8
       8
       4
       3
       4
       2
       1
       2
       7
       7
       1
       4
       6
       3
       8
       6
       7
       2
      10
       6
       4
       2
       1
       4
       7
       5
       6
       3
       3
       2
       4
       1
       2
       4
       7
       6
       3
       3
       3
       3
       7
       6
       4
       1
       2
       3
       1
       6
       6
       5
       5
       8
       5
       3
       3
       6
       5
       3
       4
       4
       5
       3
       3
       4
       0
       4
       2
       6
       2
       2
       6
       4
       2
       7
       4
       4
       4
       2
       9
       6
       5
       0
       2
       2
       6
       5
       3
       3
       2
       6
       6
       5
       2
       7
       1
       4
       1
       2
       6
       5
       0
       2
       4
       3
       2
       1
       4
       3
       5
       4
       5
       4
       4
       2
       3
       4
       2
       5
       3
       4
       5
      10
       6
       3
       6
      11
       4
       4
       3
       3
       0
       5
       8
       3
       5
       2
       4
       4
       4
       5
       6
       5
       5
       5
       5
       2
       6
       6
       9
       4
       3
       4
       2
       1
       1
       6
       7
       3
       6
       0
       6
       6
       4
       3
       5
       5
       7
       2
       7
       8
       6
       7
       7
       4
       7
       8
       7
       9
       5
       4
       3
       8
       4
       5
       4
       3
       4
       8
       5
       5
       5
       5
       6
       9
       5
       9
       7
       4
       7
       6
       6
       4
       4
       5
       2
      10
       3
       9
       4
       8
       6
       5
       8
       3
       4
       5
       6
       5
       7
       7
       4
       4
       3
       9
       6
       5
       5
       3
       5
       1
       4
       4
       3
       1
       6
       5
       3
       3
       2
       5
       5
       2
       6
       2
       3
       5
       5
       3
       2
       3
       9
       4
       5
       0
       3
       2
       3
       4
       3
       4
       2
       4
       7
       2
       4
       5
       7
       6
       4
       3
       7
       3
       4
       4
       8
       2
       2
       4
       1
       4
       3
       3
       2
       1
       4
       4
       3
       3
       2
       4
       3
       2
       1
       1
       4
       6
       3
       4
       3
       5
       3
       6
       2
       4
       5
       2
       3
       6
       4
       2
      11
       4
       4
       1
       2
       5
       7
       6
       6
       2
       6
       4
       8
       7
       4
       3
       4
       5
       3
       5
       8
       0
       2
       7
       2
       1
       7
       3
       5
       3
       4
       4
       6
       7
       3
       2
       4
       2
       6
       4
       6
       4
       6
       3
       6
       4
       8
       2
       2
       1
       5
       3
       2
       3
       6
       5
       0
       5
       4
       3
       5
       6
       3
       5
       4
       3
       2
       4
       5
       3
       4
       4
       7
       4
       2
       1
       3
       7
       2
       8
       7
       1
       4
       2
       5
       2
       2
       5
       3
       2
       3
       4
       2
       6
       6
       5
       4
       2
       9
       2
       3
       7
       6
       5
       5
       5
       6
       3
       5
       2
       5
       4
       4
       4
       4
       6
       3
       4
       1
       6
       6
       2
       5
       3
       1
       1
       0
       6
       6
       1
       3
       4
       2
       2
       4
       7
       1
       4
       5
       4
       2
       7
       1
       5
       2
       5
       5
       4
       7
       3
       5
       5
       2
       7
       3
       2
       5
       1
       6
       7
       5
       3
       3
       2
       4
       2
       5
       3
       2
       5
       6
       9
       4
       4
       3
       1
       3
       3
       5
       1
       3
       1
       2
       7
       2
       0
       4
       3
       2
       2
       4
       4
       3
       8
       5
       0
       4
       2
       7
       3
       5
       5
       3
       2
       3
       6
       7
       3
       3
       6
       4
       5
       5
       0
       1
       5
       6
       4
       1
       2
       3
       3
       3
       3
       3
       3
       6
       6
       3
       4
       2
       6
       7
       5
       5
       3
       4
       1
       2
       2
       7
       2
       3
       2
       5
       4
       5
       4
       2
       6
       1
       0
       3
       1
       6
       2
       4
       3
       5
       3
       4
       3
       4
       2
       8
       2
       4
       2
       3
       3
       1
       2
       2
       5
       4
       2
       3
       3
       1
       2
       6
       4
       6
       4
       1
       3
       3
       5
       2
       2
       6
       5
       2
       4
       4
       2
       6
       4
       1
       3
       4
       4
       4
       6
       2
       6
       5
       3
       4
       1
       5
       1
       5
       4
       3
       4
       0
       5
       1
       4
       1
       5
       1
       2
       0
       3
       4
       0
       3
       9
       3
       5
       2
       2
       1
       3
       2
       2
       2
       3
       1
       0
       3
       8
       2
       3
       1
       4
       6
       5
       3
       0
       4
       3
       3
       5
       4
       4
       2
       4
       0
       3
       1
       2
       6
       1
       4
       2
       5
       2
       3
       4
       4
       1
       6
       2
       3
       3
       4
       1
       4
       3
       4
       5
       3
       6
       3
       5
       4
       4
       4
       6
       4
       6
       3
       5
       2
       4
       6
       1
       6
       3
       0
       3
       3
       1
       0
       1
       4
       3
       4
       1
       4
       2
       2
       2
       1
       2
       2
       2
       4
       2
       4
       2
       4
       9
       2
       6
       4
       4
       1
       3
       2
       2
       5
       3
       1
       1
       3
       1
       3
       1
       0
       5
       1
       1
       5
       3
       3
       1
       2
       1
       3
       4
       3
       5
       5
       4
       3
       1
       6
       6
       2
       4
       2
       3
       2
       5
       6
       3
       2
       4
       6
       2
       6
       2
       3
       6
       3
       2
       0
       3
       3
       1
       3
       1
       6
       3
       5
       5
       4
       2
       0
       4
       3
       2
       2
       2
       3
       1
       3
       5
       1
       3
       3
       2
       2
       3
       2
       2
       2
       2
       4
       4
       1
       1
       1
       3
       2
       2
       3
       3
       1
       5
       2
       2
       3
       4
       2
       6
       1
       4
       1
       5
       6
       1
       2
       3
       4
       4
       2
       0
       2
       2
       3
       2
       5
       1
       3
       0
       1
       2
       3
       5
       2
       2
       3
       3
       3
       2
       2
       3
       1
       7
       2
       6
       4
       2
       5
       5
       3
       0
       2
       4
       1
       2
       3
       2
       2
       3
       9
       3
       3
       0
       1
       2
       4
       4
       0
       2
       3
       1
       3
       3
       3
       2
       2
       2
       2
       1
       5
       6
       2
       4
       2
       3
       3
       4
       2
       4
       2
       3
       8
       4
       2
       2
       1
       4
       2
       8
       2
       4
       7
       5
       6
       5
       6
       4
       4
       1
       8
       5
       4
       4
       2
       7
       5
       4
       6
       4
       2
       4
       7
       5
       9
       8
       9
       6
       9
      11
       7
       6
       7
       7
       5
       2
       4
       5
       5
       3
       5
       3
       5
       7
       1
       4
       7
       4
       3
       4
       2
       4
      12
       4
       4
       3
      10
       2
       5
       9
       4
       2
       4
       7
       5
       3
       4
       4
       2
       7
       2
       6
       2
       7
       4
       2
       1
       4
       3
       4
       5
       6
       1
       5
       5
       5
       4
       2
       1
       5
       6
       7
       4
       3
       2
       2
       7
       4
       5
       4
       7
       3
       7
       1
       2
       3
       1
       6
       4
       8
       1
       3
       3
       4
       6
       4
       6
       4
       2
       0
       5
       4
       4
       4
       3
       2
       2
       3
       5
       1
       1
       3
       3
       3
       1
       4
       6
       1
       1
       2
       1
       4
       3
       5
       2
       3
       1
       1
       6
       3
       2
       3
       1
       2
       0
       1
       2
       5
       0
       3
       1
       5
       5
       3
       4
       4
       2
       2
       4
       2
       3
       2
       3
       1
       0
       3
       2
       0
       0
       1
       3
       2
       1
       2
       2
       2
       3
       2
       1
       0
       5
       1
       3
       3
       2
       1
       2
       6
       2
       0
       1
       2
       4
       3
       1
       1
       5
       1
       2
       5
       1
       1
       3
       5
       2
       0
       0
       0
       2
       2
       0
       1
       0
       1
       2
       6
       2
       2
       2
       3
       1
       2
       0
       4
       4
       1
       3
       3
       1
       2
       3
       0
       2
       3
       2
       3
       2
       0
       3
       1
       2
       3
       5
       1
       4
       2
       1
       3
       1
       3
       4
       0
       3
       3
       3
       6
       4
       1
       3
       1
       1
       4
       1
       1
       3
       1
       3
       3
       2
       4
       3
       5
       3
       3
       2
       2
       4
       0
       2
       3
       1
       1
       3
       2
       3
       2
       1
       1
       1
       3
       1
       3
       0
       3
       5
       3
       5
       8
       9
      12
      10
      17
      21
      17
      20
      17
       7
       3
       4
       4
       2
       5
       1
       2
       1
       4
       2
       5
       3
       1
       4
       4
       5
       3
       1
       2
       0
       2
       3
       3
       1
       3
       3
       2
       2
       2
       1
       1
       5
       2
       4
       3
       2
       2
       0
       2
       3
       7
       6
       2
       6
       4
       4
       1
       1
       2
       1
       1
       3
       3
       8
       0
       0
       3
       1
       2
       3
       5
       1
       4
       2
       1
       1
       1
       3
       5
       4
       2
       4
       0
       2
       2
       2
       0
       4
       2
       2
       4
       5
       5
       1
       3
       4
       2
       1
       2
       1
       2
       3
       5
       3
       0
       3
       1
       5
       2
       3
       0
       1
       1
       3
       1
       3
       4
       2
       1
       4
       3
       2
       4
       2
       1
       2
       7
       4
       2
       0
       2
       2
       4
       0
       0
       6
       1
       1
       7
       1
       1
       0
       6
       2
       2
       2
       3
       3
       0
       1
       3
       1
       4
       3
       2
       2
       1
       4
       2
       2
       1
       4
       3
       3
       3
       3
       0
       0
       4
       2
       1
       1
       1
       5
       2
       3
       3
       1
       3
       2
       1
       5
       5
       2
       0
       4
       6
       2
       2
       5
       1
       1
       5
       1
       4
       4
       1
       3
       5
       1
       2
       4
       2
       4
       3
       0
       2
       4
       2
       4
       1
       2
       0
       2
       2
       2
       2
       0
       4
       1
       1
       3
       2
       3
       2
       0
       3
       2
       1
       1
       2
       2
       0
       0
       2
       1
       4
       1
       2
       0
       1
       2
       0
       3
       0
       5
       2
       2
       1
       1
       2
       5
       2
       2
       4
       3
       4
       1
       0
       1
       1
       1
       2
       4
       1
       2
       1
       2
       1
       0
       0
       1
       5
       0
       7
       3
       1
       4
       2
       2
       0
       0
       1
       2
       0
       1
       0
       2
       3
       2
       0
       7
       2
       0
       5
       3
       1
       0
       1
       0
       0
       3
       1
       2
       1
       0
       2
       0
       0
       3
       3
       2
       2
       2
       0
       2
       3
       0
       4
       0
       2
       5
       3
       3
       3
       2
       1
       1
       1
       3
       4
       0
       2
       0
       1
       3
       1
       3
       2
       2
       2
       3
       3
       1
       1
       3
       3
       0
       1
       1
       3
       1
       2
       3
       0
       1
       4
       5
       2
       0
       3
       3
       1
       2
       3
       3
       1
       1
       2
       1
       1
       3
       6
       4
       2
       3
       6
       3
       2
       0
       4
       1
       2
       1
       1
       2
       1
       2
       1
       1
       1
       2
       1
       2
       5
       3
       2
       3
       2
       1
       5
       1
       1
       0
       1
       2
       2
       2
       1
       2
       3
       4
       1
       4
       2
       1
       0
       1
       1
       2
       2
       0
       3
       2
       2
       4
       2
       2
       1
       3
       4
       1
       2
       3
       4
       0
       2
       4
       4
       0
       4
       4
       2
       3
       3
       4
       1
       4
       1
       6
       1
       0
       3
       1
       2
       4
       4
       3
       6
       2
       1
       6
       1
       1
       4
       0
       1
       2
       3
       1
       2
       1
       1
       2
       1
       4
       4
       2
       4
       1
       1
       1
       0
       3
       1
       2
       1
       2
       6
       3
       8
       4
       2
       2
       0
       4
       3
       3
       3
       0
       3
       2
       0
       0
       4
       3
       1
       1
       3
       1
       0
       2
       2
       1
       1
       1
       0
       4
       2
       0
       0
       4
       0
       2
       3
       0
       5
       2
       2
       3
       4
       1
       1
       2
       2
       2
       4
       3
       4
       1
       1
       4
       1
       0
       2
       2
       2
       1
       5
       3
       5
       3
       1
       2
       2
       0
       1
       0
       0
       0
       2
       1
       3
       4
       1
       3
       0
       5
       1
       2
       1
       3
       2
       1
       1
       2
       5
       2
       0
       1
       2
       2
       4
       1
       2
       3
       1
       3
       4
       6
       2
       3
       2
       2
       2
       1
       4
       1
       1
       4
       0
       2
       4
       1
       3
       0
       2
       2
       4
       2
       2
       0
       0
       0
       3
       2
       0
       2
       2
       3
       4
       1
       1
       3
       2
       1
       0
       5
       4
       0
       2
       2
       1
       2
       3
       2
       2
       3
       2
       2
       3
       1
       1
       1
       1
       3
       1
       0
       1
       2
       6
       0
       3
       1
       1
       1
       6
       1
       1
       2
       3
       0
       3
       1
       0
       2
       3
       0
       2
       2
       0
       0
       1
       2
       6
       5
       2
       3
       1
       0
       2
       0
       1
       3
       3
       2
       1
       2
       1
       4
       2
       5
       0
       3
       2
       2
       1
       2
       3
       2
       2
       3
       2
       2
       2
       4
       1
       2
       2
       1
       2
       4
       0
       2
       2
       2
       2
       0
       1
       2
       4
       1
       0
       1
       0
       1
       1
       1
       3
       2
       1
       1
       2
       2
       1
       0
       3
       1
       3
       3
       1
       1
       1
       2
       2
       2
       1
       3
       0
       0
       1
       0
       1
       0
       1
       5
       2
       3
       4
       3
       3
       4
       3
       0
       1
       4
       2
       3
       4
       0
       4
       5
       2
       0
       2
       0
       1
       2
       5
       3
       1
       2
       1
       4
       0
       1
       1
       4
       1
       1
       0
       3
       5
       1
       3
       0
       4
       0
       1
       2
       3
       2
       0
       2
       2
       2
       3
       1
       2
       2
       4
       3
       3
       3
       5
       5
       2
       2
       0
       1
       0
       3
       1
       2
       2
       2
       2
       2
       4
       5
       3
       1
       1
       2
       5
       3
       3
       1
       2
       3
       1
       2
       3
       2
       6
       2
       0
       1
       2
       2
       1
       3
       1
       2
       2
       1
       2
       2
       0
       2
       4
       0
       2
       3
       2
       1
       5
       2
       2
       3
       3
       3
       2
       1
       2
       2
       4
       5
       1
       3
       1
       2
       1
       0
       2
       3
       5
       0
       4
       5
       0
       2
       1
       3
       4
       3
       1
       2
       2
       0
       4
       1
       1
       3
       1
       6
       2
       4
       1
       2
       2
       4
       2
       2
       3
       5
       2
       4
       4
       1
       1
       5
       1
       1
       2
       4
       1
       3
       3
       4
       2
       1
       1
       2
       3
       2
       3
       0
       2
       0
       0
       1
       0
       3
       2
       2
       2
       3
       0
       0
       1
       1
       1
       1
       0
       0
       2
       0
       4
       3
       1
       1
       1
       3
       2
       2
       2
       3
       2
       0
       2
       1
       0
       1
       3
       3
       1
       1
       2
       3
       3
       1
       3
       2
       2
       1
       0
       3
       4
       2
       3
       2
       1
       3
       3
       1
       2
       3
       1
       3
       1
       1
       1
       4
       1
       1
       1
       5
       1
       0
       3
       2
       0
       1
       1
       0
       1
       1
       0
       1
       1
       2
       2
       4
       1
       1
       1
       5
       1
       0
       2
       0
       0
       3
       2
       3
       2
       3
       2
       6
       1
       1
       2
       2
       1
       1
       2
       0
       0
       3
       2
       3
       4
       0
       1
       3
       5
       0
       1
       1
       2
       4
       3
$ROI:
0
$PRESETS:
Live Time
86400
0
$ENER_FIT:
0.137869 0.366631
$MCA_CAL:
3
1.378689E-001 3.666307E-001 -4.415950E-008 keV
$SHAPE_CAL:
3
2.301834E+000 9.195991E-004 -5.357180E-008
