$SPEC_ID:
Molnar Range
$SPEC_REM:
DET# 1
DETDESC# HPGe Detector 1
AP# GammaVision Version 6.07
$DATE_MEA:
02/02/2016 10:18:29
$MEAS_TIM:
3600 3917
$DATA:
0 8191
       0
       0
       0
       0
    1882
    2263
    1216
     838
     768
     779
     839
     861
     998
    1070
    1193
    1288
    1684
    2077
    2248
    2512
    2669
    2881
    3142
    3364
    3452
    3745
    3717
    3785
    3729
    3590
    3209
    3049
    2893
    2205
    1595
    1312
    1169
     964
     912
     778
     671
     572
     620
     588
     707
     765
     909
    1406
    1364
     914
     554
     488
     583
     628
     584
     678
     955
    1077
     881
     745
     699
     601
     522
     613
    1066
    2029
    1994
     945
     577
     559
    1504
    4003
    4561
    2152
     985
     737
     557
     460
     387
     377
     399
     361
     337
     391
     380
     337
     402
     412
     498
     877
    1590
    1439
     784
     524
     535
     490
     523
     583
     611
     655
     755
     795
     847
     946
    1027
    1108
    1208
    1330
    1527
    1553
    1745
    1800
    2010
    2207
    2312
    2658
    3069
    4042
    5573
    5300
    4401
    4436
    4965
    5150
    5703
    6277
    7059
    7962
    9193
   10913
   13433
   17322
   21474
   24945
   29522
   35930
   33767
   25530
   22295
   21608
   21089
   20648
   19972
   19354
   18945
   18516
   18314
   18989
   19510
   20580
   21370
   22758
   23104
   23697
   25056
   26533
   28814
   30896
   32669
   46604
  240509
 1234847
 2596615
 2037536
  588932
   62276
    2770
     369
     321
     299
     336
     299
     326
     346
     306
     362
     345
     361
     358
     369
     326
     387
     359
     391
     460
     396
     394
     384
     424
     533
     664
     579
     493
     475
     488
     528
     590
     632
     697
     735
     683
     710
     759
     797
     917
     828
     779
     739
     686
     696
     641
     645
     634
     582
     606
     601
     646
     608
     615
     615
     621
     598
     590
     633
     616
     685
     636
     724
     682
     741
     829
     871
     803
     794
     810
     825
     850
     854
     825
     813
     919
     834
     879
     883
     927
     901
     948
     941
    1000
     977
     975
    1012
    1026
    1099
    1077
    1126
    1130
    1150
    1178
    1272
    1297
    1301
    1411
    1621
    1877
    1895
    1557
    2051
    4724
   10026
   10929
    5261
    1781
    1166
    1537
    2046
    1922
    1487
    1873
    5404
   11638
   11617
    5131
    1187
     453
     424
     409
     369
     429
     518
     590
     546
     442
     417
     399
     451
     425
     430
     460
     481
     451
     459
     471
     503
     476
     462
     479
     526
     634
     802
     853
     912
     847
     648
     570
     490
     476
     489
     540
     662
     666
     721
     687
    1027
    1763
    1937
    1172
     657
     555
     529
     473
     491
     505
     649
    1285
    1894
    1460
     784
     522
     929
    2780
    5373
    4803
    1885
     498
     203
     220
     208
     190
     208
     189
     222
     194
     222
     234
     224
     218
     220
     197
     229
     213
     208
     202
     237
     204
     218
     226
     248
     202
     212
     231
     202
     233
     189
     221
     238
     223
     196
     252
     241
     242
     243
     204
     225
     240
     194
     216
     230
     228
     210
     217
     222
     247
     215
     197
     234
     244
     355
     678
    1071
    1008
     488
     251
     228
     232
     220
     227
     243
     333
     334
     313
     228
     204
     209
     231
     224
     202
     210
     201
     202
     199
     209
     223
     240
     208
     182
     218
     206
     212
     216
     221
     209
     226
     232
     203
     204
     189
     207
     223
     216
     224
     231
     213
     196
     202
     226
     219
     238
     331
     308
     279
     230
     260
     248
     191
     208
     182
     186
     199
     200
     253
     440
     572
     465
     246
     190
     187
     195
     169
     180
     166
     180
     167
     187
     185
     184
     203
     225
     217
     176
     181
     161
     160
     183
     183
     162
     162
     180
     160
     171
     178
     173
     173
     169
     182
     165
     178
     161
     155
     153
     194
     146
     183
     173
     178
     179
     170
     168
     172
     192
     159
     154
     150
     163
     168
     174
     180
     139
     177
     172
     166
     193
     210
     230
     218
     195
     151
     192
     137
     188
     155
     170
     164
     156
     123
     191
     150
     162
     177
     151
     188
     163
     157
     161
     142
     143
     150
     151
     150
     143
     150
     139
     171
     154
     149
     141
     161
     182
     153
     159
     142
     174
     159
     163
     252
     800
    1818
    2105
    1292
     440
     185
     101
      98
      85
      96
     105
     104
     118
     116
     100
     108
     102
      88
     119
     104
      96
     104
      88
      98
     123
      96
     106
      86
     119
      84
      86
      81
      98
     112
      92
     106
     113
     124
     175
     218
     147
     117
      96
      79
      97
      92
      96
      77
      83
      83
      92
      90
      94
      82
      83
      94
      87
      95
     108
     101
      94
      97
      87
      76
      82
      84
      74
      84
      97
      79
     107
      96
      84
      85
      90
      83
      85
      82
      96
      80
      84
      81
      76
      87
      95
      85
      75
      82
      78
      81
      88
      81
      71
      77
      85
      69
      89
      87
      70
      87
     105
      94
      75
      74
      79
      76
      88
      79
      92
      80
      73
      77
      76
      75
      78
      81
      78
      73
      88
      84
      86
      71
      74
      72
      71
      78
      66
      78
      93
      64
      89
      60
      79
      84
      82
      75
      80
      81
      76
      65
      90
      77
      89
      79
      72
      65
      95
      73
      58
      77
      65
      79
      85
      74
      77
      81
      80
      90
      89
      79
      79
      68
      94
     131
     148
     127
      96
      70
      72
      62
      62
      73
      66
      67
      63
      64
      71
      72
      93
      58
      65
      70
      60
      71
      69
      94
      89
      85
      64
      79
      76
      68
      75
      73
      67
      68
      73
      70
      66
      71
      69
      71
      59
      70
      68
      82
      77
      56
      71
      75
      54
      61
      53
      87
      59
      63
      61
      74
      51
      87
      72
      58
      58
      83
      75
      58
      68
      69
      81
      73
      69
      72
      89
     113
      76
      60
      65
      63
      63
      69
      73
      50
      70
      60
      65
      65
      66
      45
      71
      73
      66
      90
      91
     109
      92
      84
      61
      67
      70
      46
      72
      46
      52
      45
      72
      69
      59
      64
      75
      64
      60
      85
      49
      63
      58
      63
      52
      84
      66
      46
      43
      62
      74
     148
     284
     393
     335
     159
      85
      51
      56
      57
      52
      55
      45
      51
      56
      60
      49
      58
      57
      59
      63
      54
      47
      57
      52
      56
      57
      56
      60
      87
     160
     318
     413
     324
     164
      75
      47
      41
      52
      46
      49
      50
      57
      44
      54
      46
      38
      55
      49
      42
      48
      46
      38
      52
      47
      49
      84
     155
     330
     377
     274
     142
      62
      41
      99
     322
     816
    1202
    1019
     488
     160
      53
      38
      40
      35
      31
      33
      32
      36
      48
      65
      64
      56
      46
      38
      32
      26
      33
      34
      26
      42
      33
      36
      39
      31
      38
      29
      32
      34
      36
      21
      26
      34
      28
      35
      38
      28
      29
      21
      29
      39
      37
      45
      28
      21
      34
      25
      29
      37
      41
      28
      21
      23
      29
      34
      32
      21
      29
      33
      39
      44
      33
      36
      35
      27
      28
      30
      25
      20
      31
      36
      26
      37
      29
      42
      28
      33
      31
      40
      22
      17
      33
      33
      33
      37
      79
     215
     457
     522
     333
     148
      65
      60
     104
     134
      94
      70
      36
      25
      24
      30
      26
      25
      21
      25
      34
      32
      72
     151
     333
     333
     205
     110
      37
      21
      24
      30
      16
      37
      25
      29
      28
      17
      16
      17
      24
      29
      36
      66
      75
      54
      57
      19
      26
      18
      19
      23
      16
      22
      22
      24
      20
      19
      19
      18
      13
      23
      40
      28
      31
      18
      24
      13
      27
      20
      14
      21
      20
      26
      18
      22
      20
      18
      21
      20
      18
      22
      23
      26
      34
      29
      24
      16
      31
      32
      27
      22
      19
      26
      22
      21
      21
      21
      20
      23
      25
      11
      18
      23
      22
      30
      24
      21
      18
      19
      30
      18
      24
      17
      26
      16
      20
      18
      18
      29
      18
      14
      23
      24
      19
      17
      20
      22
      25
      22
      21
      37
      45
      31
      45
      27
      26
      23
      28
      45
      70
      89
      57
      36
      27
      23
      25
      17
      19
      22
      23
      21
      20
      12
      18
      21
      21
      29
      28
      45
      65
      67
      45
      25
      19
      19
      25
       9
      20
      21
      23
      27
      17
      20
      19
      18
      15
      22
      20
      24
      20
      19
      17
      22
      14
      20
      14
      19
      16
      18
      21
      22
      26
      22
      12
      33
      28
      30
      35
      36
      23
      21
      16
      19
      22
      17
      20
      24
      22
      25
      26
      26
      17
      17
      24
      16
      13
      23
      22
      15
      17
      21
      14
      14
      19
      19
      18
      18
      21
      25
      20
      20
      24
      21
      25
      18
      34
      35
      46
      32
      22
      16
      15
      26
      23
      23
      21
      20
      16
      18
      23
      26
      27
      17
      19
      16
      15
      26
      19
      29
      14
      22
      18
      20
      15
      24
      19
      23
      27
      18
      21
      23
      26
      21
      30
      27
      28
      24
      36
      27
      23
      36
      28
      32
      27
      24
      32
      29
      34
      39
      32
      49
      39
      31
      50
      47
      37
      48
      50
      48
      57
      51
      51
      44
      51
      40
      46
      37
      31
      42
      30
      32
      36
      32
      30
      29
      24
      24
      33
      23
      26
      25
      24
      14
      21
      33
      17
      22
      22
      20
      14
      17
      14
       9
      17
      22
      12
      16
      20
      12
      19
      15
      16
      14
      13
      19
      20
      10
      11
      16
       8
      12
      20
      18
      14
      10
      17
      10
      11
      12
       8
      10
      14
      20
       8
      13
      14
      14
      14
      11
      17
      16
      19
      18
      14
      12
      15
      15
      10
      13
      11
      11
      14
      12
      15
      10
      17
      26
      26
      31
      17
      30
      20
      27
      17
      30
      23
      27
      11
      15
      22
      14
      11
      20
      15
      18
      11
       9
      15
      11
      11
      12
      11
      15
      12
      14
       7
      13
       6
      11
       8
      13
      12
      10
      15
      14
       9
      15
      16
      10
       6
       9
      13
      14
       9
      12
       9
       7
      14
      10
      10
       8
      15
      16
       5
       8
      15
      18
       8
      10
       7
      12
      15
      10
      10
       9
      11
       8
      12
      10
       7
      10
       4
       8
       9
      11
      15
       8
      10
      13
      11
       9
      16
       7
       4
       9
       9
      12
       9
      12
       5
       6
      10
       9
       9
      10
      11
       9
       7
      11
      11
      10
       4
      13
       5
       8
      10
       9
       6
      18
      14
       7
       4
      10
       8
       9
      10
       6
      10
       7
      10
       8
      11
       8
       8
       7
       9
      11
       6
      10
      11
       7
       4
       8
       5
      12
      10
      21
       6
      10
       9
       7
       7
       6
       6
       9
       8
       9
       2
       3
       9
       7
       8
      11
       4
       6
      10
       8
       8
       7
       7
       6
       9
       8
       2
       6
       7
       9
       8
       6
       4
       9
       6
      14
      10
       4
       9
       8
       7
      10
      11
       8
       5
       3
      14
       6
      12
       7
       6
       7
      10
       5
       7
       7
       7
       6
       9
       9
      12
       9
       9
       6
       7
       9
       9
       9
      10
       8
       6
      15
       4
      10
       6
       4
       6
       2
      11
      17
      12
       8
      10
       9
       9
       8
       9
      11
       7
       4
      10
       7
       6
       8
       9
       9
      10
      12
      17
      14
      13
      13
       6
       8
       4
       7
       8
       3
       8
       9
      12
       8
       7
       7
       8
       6
      10
       5
       7
       7
       5
       6
       8
       3
       6
       3
       3
       4
       8
       3
      13
       7
       4
       4
      11
      10
       9
       5
       9
       8
       5
       2
       5
       4
       8
       6
      10
       3
       5
       3
       2
       7
       4
       8
       7
      20
      49
      89
      82
      81
      47
      24
       7
       6
       5
       9
       4
       9
       3
       3
       4
       9
       7
       4
       2
       6
       0
       4
       7
       7
       4
       6
       5
       6
       8
       3
       5
       7
       6
       5
       6
       3
       6
       5
       6
       7
       3
       4
       8
       9
       5
       5
       4
       6
       4
       6
       5
       4
      12
       6
       9
       4
       4
       8
       4
       9
       5
      19
      15
      21
      11
      13
       7
       3
       4
       4
       3
       2
       8
       6
       3
       1
       7
       9
       4
       4
       8
       6
       5
       4
       7
       2
       2
       7
       2
       6
       6
       7
      13
      39
      55
      51
      33
      25
      14
      10
       4
       4
       5
       7
       3
       3
       6
       6
       6
       4
       4
       2
       5
       6
       8
       6
      15
      53
     174
     352
     470
     506
     368
     128
      37
       6
       5
       5
       6
       1
       0
       6
       2
       5
       2
       2
       3
       3
       3
       2
       6
       6
       2
       3
       2
       4
       2
       1
       2
       3
       3
       7
       3
       5
       0
       3
       4
       4
       5
       4
       5
       2
       2
       2
       3
       4
       5
       5
       9
       8
       5
       5
       6
       2
       4
       2
       4
       3
       1
       0
       4
       2
       4
       0
       1
       6
       2
       5
       4
       9
      16
      41
      45
      43
      21
      12
       8
       2
       4
       1
       3
       3
       7
      11
       7
       7
       8
       4
       3
       6
       3
       3
       4
      15
       8
       7
       2
       2
       0
       2
       8
       1
       3
       2
       1
       3
       4
       5
       2
       2
       1
       2
       2
       4
       3
       2
       3
       2
       1
       3
       5
       4
       5
       0
       1
       1
       4
       5
      14
      15
       8
       6
       4
       0
       1
       3
       2
       3
       1
       4
       3
       1
       2
       0
       1
       3
       4
       5
       1
       1
       3
       1
       1
       4
       3
       1
       4
       3
       5
      15
      56
     108
     223
     253
     233
     113
      57
      19
       9
       5
       2
       3
       3
       2
       0
       2
       0
       4
       1
       3
       0
       0
       5
       2
       5
       3
       2
       7
       1
       6
       4
       3
       2
       1
       2
       2
       1
       1
       1
       5
       3
       7
       8
      11
      12
      16
      11
       7
       2
       0
       3
       1
       3
       1
       2
       1
       4
       1
       2
       2
       3
       0
       3
       0
       1
       2
       2
       3
       5
       0
       1
       2
       2
       2
       1
       2
       0
       0
       3
       1
       1
       5
       2
       1
       0
       3
       1
       4
       1
       3
       2
       1
       3
       5
       5
      13
      13
      10
       5
       0
       3
       1
       3
       4
       3
       3
       5
       1
       3
       1
       1
       5
       2
       1
       2
       1
       2
       4
       3
       1
       2
       0
       1
       4
       8
       6
       4
      10
       3
       0
       1
       1
       3
       1
       6
       7
       6
       4
       6
       8
       5
       4
       3
       3
       4
       4
       0
       0
       0
       2
       0
       2
       2
       1
       2
       1
       1
       0
       2
       1
       4
       2
       1
       2
       2
       1
       0
       0
       3
       2
       2
       0
       2
       0
       0
       2
       4
       1
       0
       3
       0
       0
       0
       5
       2
       5
       2
       2
       1
       4
       0
       0
       2
       1
       4
       3
       1
       0
       0
       0
       2
       2
       1
       3
       2
       0
       0
       0
       0
       2
       0
       0
       1
       0
       1
       1
       1
       0
       3
       1
       2
       1
       0
       1
       0
       5
       2
       2
       2
       0
       1
       1
       2
       3
       1
       0
       0
       0
       0
       2
       0
       3
       1
       3
       0
       3
       0
       2
       1
       1
       2
       0
       3
       1
       2
       1
       2
       0
       0
       2
       2
       0
       1
       2
       0
       4
       0
       0
       2
       4
       5
       1
       0
       1
       1
       2
       1
       1
       0
       1
       0
       2
       0
       1
       2
       0
       1
       3
       3
       1
       2
       1
       2
       5
       3
       2
       0
       0
       1
       1
       1
       1
       2
       1
       0
       3
       1
       2
       1
       1
       1
       0
       1
       0
       3
       1
       1
       0
       3
       0
       3
       2
       2
       1
       2
       2
       0
       0
       3
       1
       0
       0
       0
       2
       2
       0
       0
       0
       0
       3
       2
       1
       3
       4
       2
       7
       3
       1
       1
       0
       0
       1
       2
       1
       2
       2
       0
       1
       0
       1
       0
       1
       0
       0
       1
       0
       2
       4
       1
       2
       1
       0
       0
       3
       1
       3
       3
       1
       2
       0
       1
       1
       1
       1
       1
       1
       2
       3
       0
       2
       2
       1
       1
       2
       1
       0
       1
       0
       0
       0
       0
       3
       0
       0
       0
       1
       2
       2
       1
       0
       1
       1
       0
       1
       3
       0
       1
       2
       1
       0
       0
       0
       2
       1
       2
       0
       1
       1
       2
       1
       0
       2
       0
       1
       1
       1
       1
       1
       0
       3
       0
       0
       1
       0
       3
       0
       2
       0
       0
       4
       2
       0
       1
       1
       0
       1
       2
       0
       0
       1
       0
       0
       1
       2
       1
       1
       2
       0
       0
       1
       0
       4
       0
       2
       0
       1
       0
       2
       1
       0
       0
       1
       1
       0
       0
       0
       2
       0
       1
       0
       2
       0
       0
       3
       1
       0
       1
       1
       2
       4
       0
       1
       1
       0
       3
       0
       1
       1
       1
       1
       0
       1
       1
       2
       2
       1
       1
       3
       1
       3
       1
       1
       2
       0
       0
       0
       2
       1
       0
       0
       1
       1
       1
       0
       1
       0
       0
       0
       0
       3
       0
       0
       1
       1
       1
       1
       2
       0
       1
       0
       1
       1
       0
       0
       0
       0
       2
       2
       0
       2
       0
       0
       1
       3
       1
       1
       2
       1
       2
       3
       1
       0
       0
       1
       3
       0
       3
       2
       1
       1
       1
       0
       1
       0
       1
       2
       1
       2
       1
       0
       1
       1
       0
       0
       0
       1
       1
       1
       2
       0
       0
       3
       1
       0
       0
       1
       3
       1
       0
       1
       2
       1
       0
       1
       1
       1
       0
       5
       0
       0
       1
       0
       2
       0
       0
       1
       1
       1
       0
       0
       3
       0
       0
       0
       0
       1
       0
       0
       0
       1
       3
       2
       0
       3
       2
       0
       1
       1
       1
       0
       2
       1
       1
       1
       0
       2
       1
       1
       2
       0
       0
       3
       0
       3
       1
       2
       2
       0
       1
       0
       1
       2
       0
       3
       2
       0
       1
       0
       0
       0
       1
       1
       1
       0
       1
       3
       2
       1
       1
       0
       0
       0
       1
       0
       0
       1
       0
       1
       0
       3
       0
       1
       1
       1
       0
       1
       0
       1
       2
       1
       1
       2
       2
       0
       0
       0
       1
       2
       2
       2
       2
       1
       1
       0
       0
       0
       0
       1
       0
       0
       0
       1
       2
       0
       0
       2
       0
       1
       2
       0
       0
       0
       2
       2
       3
       1
       0
       0
       0
       2
       3
       0
       0
       1
       1
       0
       2
       1
       0
       0
       1
       1
       1
       1
       1
       2
       0
       0
       1
       2
       2
       0
       2
       1
       1
       3
       0
       1
       3
       0
       0
       2
       1
       1
       0
       1
       1
       2
       1
       0
       2
       1
       1
       0
       0
       0
       2
       2
       1
       2
       1
       0
       0
       0
       0
       0
       0
       2
       1
       0
       1
       1
       0
       0
       2
       3
       2
       0
       0
       1
       0
       0
       0
       2
       0
       0
       1
       0
       1
       1
       2
       1
       1
       0
       0
       1
       0
       2
       1
       1
       0
       0
       1
       0
       1
       2
       0
       0
       0
       0
       0
       0
       0
       0
       0
       0
       1
       1
       1
       1
       2
       2
       1
       0
       0
       0
       0
       0
       2
       1
       1
       0
       2
       0
       3
       2
       0
       0
       1
       1
       0
       0
       0
       0
       1
       1
       0
       1
       0
       2
       0
       0
       1
       0
       0
       1
       0
       0
       1
       2
       1
       1
       3
       0
       0
       0
       1
       0
       0
       2
       1
       2
       0
       0
       0
       1
       0
       0
       2
       1
       0
       0
       0
       0
       2
       2
       2
       0
       1
       2
       2
       2
       1
       0
       0
       2
       0
       1
       2
       1
       1
       2
       0
       2
       2
       0
       2
       1
       1
       0
       1
       0
       1
       0
       0
       1
       0
       1
       1
       1
       1
       1
       1
       1
       1
       2
       0
       0
       0
       1
       0
       2
       0
       0
       0
       1
       1
       0
       0
       0
       0
       4
       2
       0
       1
       0
       3
       0
       1
       0
       1
       0
       3
       0
       1
       0
       1
       0
       2
       0
       1
       1
       0
       1
       0
       3
       2
       2
       0
       0
       1
       0
       1
       0
       0
       1
       0
       1
       0
       0
       1
       0
       0
       2
       1
       1
       0
       0
       2
       2
       2
       1
       0
       0
       0
       1
       1
       1
       1
       0
       1
       1
       0
       3
       1
       0
       0
       1
       1
       1
       2
       0
       2
       1
       1
       1
       2
       0
       0
       0
       3
       0
       1
       4
       0
       0
       2
       0
       1
       1
       0
       0
       0
       2
       1
       1
       1
       0
       2
       1
       0
       1
       1
       1
       0
       2
       1
       0
       2
       0
       1
       0
       2
       0
       0
       2
       0
       1
       1
       1
       0
       0
       2
       2
       1
       1
       1
       1
       2
       2
       2
       4
       2
       3
       1
       5
       4
       0
       1
       1
       2
       4
       2
       1
       2
       1
       1
       4
       4
       1
       1
       2
       1
       3
       0
       0
       1
       2
       0
       0
       0
       0
       0
       0
       1
       1
       1
       0
       0
       1
       0
       0
       0
       2
       0
       0
       1
       0
       1
       2
       0
       0
       0
       0
       0
       1
       0
       1
       0
       1
       2
       1
       0
       0
       1
       1
       1
       1
       0
       0
       0
       1
       2
       0
       1
       1
       0
       0
       0
       0
       0
       2
       0
       0
       1
       0
       1
       0
       0
       0
       0
       2
       1
       0
       0
       1
       1
       1
       1
       1
       2
       0
       2
       1
       2
       0
       1
       1
       0
       3
       1
       1
       1
       2
       1
       1
       1
       0
       0
       0
       1
       1
       0
       0
       3
       0
       2
       0
       0
       0
       1
       0
       0
       1
       0
       2
       1
       1
       0
       0
       0
       0
       1
       3
       2
       1
       1
       0
       0
       1
       1
       0
       0
       1
       3
       1
       0
       1
       0
       0
       0
       1
       0
       1
       0
       1
       0
       0
       1
       1
       2
       0
       2
       0
       0
       0
       2
       0
       0
       0
       0
       1
       1
       0
       0
       0
       1
       1
       1
       1
       1
       1
       1
       1
       0
       1
       0
       0
       1
       1
       0
       1
       0
       1
       0
       0
       2
       0
       0
       1
       0
       1
       1
       3
       1
       2
       1
       0
       1
       2
       0
       1
       1
       0
       0
       0
       0
       2
       0
       1
       1
       0
       2
       0
       1
       1
       2
       1
       0
       0
       0
       1
       0
       1
       2
       0
       1
       1
       0
       1
       0
       0
       1
       2
       0
       1
       1
       0
       0
       2
       0
       0
       0
       1
       0
       2
       0
       0
       0
       0
       0
       1
       2
       2
       0
       0
       1
       1
       0
       2
       1
       1
       0
       0
       2
       0
       0
       0
       1
       1
       0
       0
       0
       0
       0
       2
       0
       0
       0
       0
       0
       1
       0
       1
       2
       1
       1
       0
       0
       1
       0
       1
       1
       0
       0
       1
       2
       0
       0
       0
       0
       1
       1
       1
       0
       1
       1
       2
       1
       0
       1
       1
       0
       1
       1
       2
       0
       2
       0
       1
       1
       1
       3
       0
       0
       1
       0
       0
       1
       1
       1
       1
       0
       0
       1
       0
       1
       0
       1
       0
       0
       3
       2
       2
       0
       1
       3
       0
       1
       2
       0
       1
       2
       0
       0
       0
       2
       1
       0
       1
       1
       0
       0
       0
       0
       2
       1
       1
       0
       2
       0
       1
       1
       0
       1
       0
       1
       0
       0
       1
       0
       1
       1
       0
       1
       0
       1
       2
       0
       1
       1
       0
       0
       0
       0
       1
       2
       0
       1
       1
       2
       0
       0
       1
       1
       0
       0
       1
       0
       0
       1
       1
       1
       0
       1
       0
       0
       0
       0
       0
       0
       1
       1
       2
       1
       2
       2
       0
       0
       0
       0
       1
       0
       0
       2
       0
       0
       2
       2
       0
       0
       1
       0
       0
       1
       1
       0
       1
       1
       1
       0
       0
       0
       0
       1
       1
       0
       3
       0
       0
       1
       0
       0
       0
       0
       0
       0
       0
       0
       1
       0
       0
       0
       1
       0
       1
       0
       1
       1
       0
       1
       0
       2
       0
       0
       0
       1
       2
       0
       0
       0
       0
       0
       1
       1
       1
       0
       0
       0
       0
       2
       1
       0
       0
       0
       0
       2
       1
       1
       0
       2
       1
       1
       2
       1
       0
       0
       1
       1
       0
       1
       3
       1
       0
       1
       1
       1
       1
       1
       1
       1
       0
       0
       0
       0
       1
       1
       0
       1
       2
       1
       1
       1
       3
       1
       0
       2
       0
       3
       0
       0
       2
       0
       1
       3
       0
       1
       1
       0
       0
       1
       1
       0
       1
       1
       0
       0
       2
       0
       1
       2
       1
       1
       2
       0
       2
       1
       0
       0
       0
       1
       2
       2
       2
       0
       1
       1
       1
       1
       0
       0
       1
       0
       1
       1
       1
       0
       0
       1
       2
       1
       0
       0
       0
       0
       0
       0
       1
       0
       0
       0
       1
       2
       0
       0
       0
       0
       0
       3
       0
       1
       0
       2
       2
       1
       2
       1
       3
       1
       2
       0
       0
       0
       0
       0
       0
       0
       0
       1
       0
       0
       1
       0
       0
       0
       0
       3
       0
       0
       1
       0
       0
       1
       0
       0
       1
       1
       0
       2
       0
       0
       3
       0
       0
       1
       0
       0
       0
       2
       0
       0
       0
       1
       3
       1
       1
       1
       1
       1
       0
       0
       0
       0
       0
       1
       0
       2
       0
       0
       1
       2
       0
       0
       0
       1
       0
       1
       1
       0
       1
       0
       1
       1
       0
       1
       0
       1
       1
       1
       0
       0
       2
       0
       1
       0
       0
       0
       0
       1
       2
       1
       0
       0
       1
       0
       2
       1
       2
       0
       0
       0
       1
       1
       1
       0
       1
       1
       0
       2
       0
       1
       0
       0
       0
       0
       0
       0
       0
       0
       0
       1
       0
       2
       0
       0
       0
       1
       2
       2
       1
       1
       1
       0
       0
       1
       2
       0
       0
       0
       1
       1
       0
       1
       2
       1
       0
       0
       1
       0
       0
       0
       0
       1
       1
       0
       0
       0
       0
       1
       1
       0
       0
       0
       0
       0
       0
       0
       1
       0
       1
       0
       2
       1
       0
       1
       0
       2
       0
       1
       0
       0
       1
       1
       0
       2
       1
       1
       0
       0
       0
       0
       1
       1
       0
       2
       1
       1
       1
       2
       1
       0
       1
       0
       1
       2
       0
       0
       0
       0
       0
       0
       0
       1
       0
       0
       0
       1
       0
       0
       1
       0
       2
       0
       0
       0
       0
       0
       0
       0
       0
       0
       0
       0
       1
       0
       0
       0
       0
       0
       0
       0
       1
       2
       0
       1
       1
       0
       0
       0
       1
       0
       1
       0
       0
       1
       0
       1
       0
       1
       2
       3
       0
       2
       1
       3
       2
       1
       0
       0
       1
       0
       0
       1
       0
       0
       0
       0
       1
       1
       0
       1
       1
       1
       1
       0
       0
       0
       0
       1
       1
       0
       0
       0
       2
       1
       2
       1
       0
       0
       2
       0
       1
       0
       1
       2
       0
       0
       0
       0
       1
       2
       0
       1
       0
       0
       0
       1
       0
       0
       0
       0
       0
       2
       0
       0
       2
       0
       0
       0
       0
       3
       1
       2
       0
       0
       1
       1
       0
       0
       0
       2
       2
       0
       1
       0
       0
       0
       0
       1
       1
       1
       0
       0
       0
       0
       1
       0
       0
       1
       0
       0
       0
       0
       0
       1
       1
       1
       0
       0
       1
       2
       0
       0
       1
       0
       0
       0
       1
       1
       0
       1
       1
       1
       1
       1
       0
       0
       0
       0
       2
       1
       0
       1
       0
       3
       1
       1
       2
       1
       0
       1
       3
       1
       1
       2
       1
       0
       0
       1
       1
       0
       1
       0
       0
       0
       1
       0
       0
       2
       1
       1
       0
       2
       0
       0
       1
       0
       0
       1
       0
       0
       1
       0
       0
       1
       2
       2
       1
       0
       1
       1
       0
       0
       0
       2
       0
       1
       1
       1
       0
       1
       0
       1
       0
       0
       0
       0
       1
       0
       2
       3
       0
       0
       0
       0
       2
       0
       0
       0
       0
       0
       1
       1
       0
       0
       0
       1
       0
       1
       0
       4
       0
       1
       0
       0
       1
       0
       0
       0
       1
       0
       1
       1
       1
       0
       0
       1
       0
       1
       0
       0
       0
       0
       1
       2
       2
       0
       0
       0
       0
       0
       1
       0
       1
       1
       2
       1
       0
       1
       0
       2
       0
       0
       2
       1
       1
       1
       1
       0
       1
       0
       2
       0
       0
       2
       0
       1
       1
       0
       1
       0
       0
       2
       0
       0
       2
       1
       0
       1
       1
       1
       0
       1
       0
       0
       0
       1
       0
       2
       0
       0
       0
       0
       1
       0
       1
       1
       1
       1
       1
       1
       1
       1
       1
       0
       2
       0
       1
       1
       1
       0
       2
       0
       1
       2
       0
       1
       1
       0
       1
       0
       0
       0
       1
       2
       0
       1
       1
       1
       1
       0
       0
       2
       0
       0
       0
       3
       1
       1
       0
       2
       3
       0
       0
       1
       0
       1
       2
       0
       0
       0
       0
       1
       1
       1
       2
       0
       1
       1
       1
       0
       1
       1
       1
       0
       1
       0
       1
       1
       0
       1
       0
       0
       2
       0
       0
       0
       1
       0
       1
       0
       1
       0
       0
       0
       0
       0
       0
       1
       2
       0
       0
       1
       0
       0
       0
       0
       0
       0
       0
       0
       0
       0
       1
       0
       0
       0
       0
       0
       0
       0
       0
       1
       0
       1
       0
       0
       0
       0
       0
       1
       0
       1
       2
       0
       0
       1
       1
       0
       0
       1
       1
       2
       0
       1
       0
       1
       0
       1
       1
       0
       2
       0
       1
       0
       0
       0
       0
       0
       0
       0
       0
       1
       1
       0
       0
       0
       0
       0
       0
       2
       0
       2
       0
       1
       1
       0
       1
       1
       0
       0
       2
       0
       1
       0
       0
       0
       0
       0
       2
       1
       1
       0
       1
       0
       0
       2
       2
       1
       0
       0
       0
       1
       0
       0
       0
       0
       0
       0
       1
       1
       0
       1
       0
       0
       0
       0
       0
       0
       0
       1
       1
       0
       1
       0
       0
       0
       0
       0
       0
       1
       1
       0
       0
       1
       0
       1
       0
       0
       1
       1
       0
       0
       2
       0
       0
       2
       0
       1
       0
       0
       0
       0
       0
       0
       1
       2
       0
       0
       1
       0
       1
       1
       0
       0
       0
       0
       0
       0
       0
       1
       1
       0
       1
       1
       0
       1
       1
       1
       0
       1
       1
       2
       1
       0
       0
       1
       0
       0
       0
       0
       1
       0
       0
       0
       0
       1
       0
       1
       2
       1
       0
       0
       0
       0
       0
       0
       0
       0
       0
       0
       0
       1
       0
       0
       0
       2
       0
       1
       0
       0
       0
       1
       0
       0
       0
       0
       0
       0
       0
       0
       0
       0
       0
       2
       0
       1
       0
       0
       0
       1
       0
       0
       2
       0
       0
       0
       1
       0
       0
       0
       0
       0
       0
       1
       0
       0
       0
       0
       1
       0
       0
       0
       0
       0
       0
       0
       0
       1
       0
       0
       0
       0
       2
       0
       1
       0
       0
       1
       0
       0
       0
       0
       0
       1
       0
       0
       0
       0
       1
       1
       0
       0
       0
       0
       0
       0
       1
       0
       0
       0
       0
       0
       0
       0
       0
       0
       0
       0
       0
       0
       0
       0
       0
       0
       0
       0
       0
       1
       0
       1
       0
       1
       0
       0
       0
       0
       0
       0
       0
       0
       1
       0
       0
       0
       0
       0
       0
       0
       1
       0
       0
       0
       0
       0
       0
       1
       0
       0
       0
       0
       0
       2
       1
       0
       1
       0
       0
       0
       0
       0
       0
       0
       0
       1
       1
       0
       0
       0
       0
       0
       0
       1
       1
       2
       0
       0
       0
       0
       0
       1
       0
       2
       2
       0
       0
       0
       3
       0
       2
       0
       0
       0
       0
       0
       0
       0
       0
       0
       1
       1
       0
       0
       0
       1
       1
       1
       0
       2
       0
       0
       0
       0
       0
       0
       1
       1
       1
       0
       1
       0
       0
       0
       0
       0
       0
       0
       0
       1
       2
       0
       1
       0
       1
       0
       1
       0
       1
       0
       0
       0
       0
       1
       0
       0
       1
       0
       0
       0
       1
       1
       0
       0
       0
       0
       0
       0
       0
       0
       1
       0
       0
       1
       1
       0
       0
       0
       0
       1
       1
       0
       1
       0
       0
       1
       1
       0
       0
       0
       0
       0
       0
       1
       0
       1
       0
       0
       0
       0
       0
       0
       0
       0
       0
       0
       0
       0
       0
       1
       0
       0
       0
       0
       0
       0
       0
       0
       0
       0
       1
       0
       1
       0
       1
       2
       2
       2
       1
       1
       2
       1
       0
       0
       0
       0
       2
       1
       0
       2
       1
       0
       2
       1
       1
       1
       1
       1
       1
       0
       6
       2
       1
       4
       2
       4
       7
      11
       7
       6
      10
      13
       9
       7
       6
       8
       2
       2
       0
       4
       1
       2
       0
       2
       2
       0
       3
       1
       2
       3
       1
       1
       1
       0
       1
       1
       1
       0
       0
       0
       2
       1
       1
       1
       2
       1
       2
       0
       0
       0
       1
       0
       1
       1
       2
       0
       0
       0
       0
       0
       0
       0
       0
       1
       0
       0
       0
       0
       0
       0
       1
       1
       1
       0
       0
       0
       0
       0
       0
       0
       0
       0
       0
       0
       0
       0
       0
       0
       0
       0
       0
       0
       2
       0
       0
       0
       0
       1
       0
       0
       0
       0
       1
       2
       0
       0
       1
       1
       0
       0
       0
       0
       0
       1
       0
       0
       0
       0
       0
       0
       0
       0
       1
       0
       0
       0
       0
       0
       1
       0
       0
       0
       0
       0
       0
       0
       0
       0
       0
       1
       0
       1
       0
       0
       0
       0
       1
       0
       0
       0
       0
       0
       0
       1
       2
       0
       0
       0
       0
       0
       1
       0
       0
       0
       1
       0
       0
       0
       0
       0
       0
       0
       1
       0
       0
       0
       0
       0
       0
       0
       0
       2
       0
       0
       0
       0
       0
       0
       0
       1
       0
       0
       1
       2
       0
       0
       0
       1
       0
       0
       1
       1
       0
       0
       0
       0
       0
       0
       0
       0
       0
       0
       0
       0
       1
       0
       0
       0
       0
       0
       0
       0
       0
       0
       0
       1
       0
       0
       1
       0
       0
       1
       0
       0
       0
       1
       1
       0
       0
       0
       1
       0
       1
       1
       1
       0
       0
       0
       0
       2
       0
       0
       0
       0
       0
       0
       1
       1
       0
       0
       0
       0
       0
       0
       0
       0
       0
       0
       1
       0
       0
       0
       0
       0
       0
       0
       0
       0
       0
       0
       0
       0
       0
       1
       1
       0
       1
       0
       0
       0
       0
       0
       0
       0
       1
       0
       1
       0
       0
       0
       0
       0
       0
       0
       0
       0
       0
       0
       1
       1
       0
       0
       0
       0
       0
       0
       0
       0
       2
       0
       0
       0
       0
       0
       0
       0
       0
       0
       0
       1
       0
       0
       0
       0
       0
       1
       0
       0
       0
       1
       0
       0
       0
       1
       0
       1
       1
       0
       0
       0
       0
       0
       0
       0
       1
       1
       0
       0
       2
       0
       0
       0
       0
       1
       0
       0
       1
       0
       0
       0
       0
       1
       1
       0
       0
       0
       1
       0
       0
       0
       1
       0
       0
       0
       1
       0
       0
       0
       0
       0
       0
       0
       0
       0
       0
       0
       0
       1
       0
       0
       0
       0
       0
       0
       0
       0
       0
       0
       1
       1
       0
       0
       0
       1
       0
       1
       0
       0
       0
       0
       0
       0
       0
       0
       0
       1
       0
       0
       1
       0
       0
       0
       0
       0
       0
       0
       0
       0
       0
       0
       0
       0
       0
       0
       0
       0
       0
       0
       0
       0
       0
       0
       0
       0
       0
       0
       0
       0
       0
       1
       0
       0
       0
       0
       0
       0
       0
       2
       0
       0
       0
       0
       0
       0
       0
       0
       0
       0
       0
       0
       0
       0
       1
       0
       1
       0
       0
       0
       0
       0
       2
       0
       0
       0
       0
       0
       0
       0
       0
       0
       0
       0
       1
       0
       0
       0
       0
       0
       1
       0
       0
       0
       0
       0
       0
       1
       0
       1
       0
       1
       0
       0
       0
       0
       0
       0
       0
       0
       0
       0
       1
       0
       0
       1
       0
       1
       1
       1
       0
       0
       0
       0
       2
       0
       0
       1
       0
       1
       1
       0
       1
       0
       1
       0
       0
       1
       0
       0
       0
       0
       0
       0
       0
       0
       0
       0
       0
       0
       0
       0
       1
       0
       1
       0
       0
       0
       1
       0
       0
       0
       0
       0
       0
       1
       0
       0
       0
       1
       0
       0
       0
       0
       0
       0
       0
       0
       1
       0
       0
       0
       0
       0
       0
       0
       0
       0
       0
       0
       0
       1
       0
       0
       0
       0
       0
       0
       0
       2
       0
       0
       0
       0
       0
       1
       0
       0
       0
       1
       0
       0
       0
       0
       0
       1
       0
       0
       0
       0
       1
       0
       0
       0
       0
       1
       0
       0
       0
       0
       0
       0
       0
       0
       0
       0
       0
       0
       0
       1
       0
       0
       0
       0
       0
       0
       1
       0
       0
       0
       0
       0
       0
       0
       0
       1
       0
       1
       0
       0
       0
       0
       0
       0
       0
       0
       0
       0
       1
       0
       0
       0
       0
       0
       0
       0
       0
       0
       2
       0
       0
       0
       0
       0
       0
       0
       0
       0
       0
       0
       0
       0
       0
       0
       0
       0
       0
       0
       2
       0
       0
       0
       0
       0
       0
       0
       0
       0
       0
       0
       0
       0
       0
       0
       1
       0
       0
       0
       0
       1
       0
       0
       0
       0
       0
       0
       0
       0
       0
       0
       0
       0
       0
       0
       0
       0
       0
       0
       0
       0
       0
       0
       1
       0
       0
       0
       0
       0
       0
       1
       0
       0
       0
       0
       0
       0
       0
       0
       0
       0
       0
       1
       0
       0
       0
       0
       1
       0
       0
       0
       0
       0
       1
       0
       0
       0
       0
       0
       1
       1
       0
       1
       0
       0
       0
       0
       1
       0
       0
       1
       0
       0
       1
       0
       0
       0
       0
       1
       0
       0
       0
       0
       0
       0
       0
       0
       0
       0
       0
       1
       0
       1
       0
       0
       0
       0
       0
       0
       0
       0
       0
       0
       0
       0
       1
       0
       0
       0
       1
       2
       0
       0
       0
       0
       0
       0
       0
       0
       0
       1
       0
       0
       0
       1
       0
       1
       1
       0
       0
       0
       0
       0
       0
       0
       0
       0
       0
       0
       0
       0
       0
       0
       1
       0
       1
       0
       0
       0
       1
       0
       0
       1
       1
       1
       0
       0
       0
       0
       0
       0
       2
       0
       0
       0
       0
       0
       0
       0
       0
       0
       0
       0
       1
       0
       0
       0
       0
       0
       0
       0
       1
       0
       0
       0
       0
       0
       1
       0
       0
       0
       0
       0
       0
       0
       0
       0
       0
       1
       0
       0
       0
       0
       0
       0
       0
       0
       0
       0
       0
       1
       0
       0
       0
       0
       0
       0
       0
       0
       0
       0
       1
       0
       0
       0
       0
       1
       0
       0
       0
       0
       0
       0
       0
       1
       0
       0
       0
       0
       0
       0
       0
       0
       0
       0
       0
       0
       0
       0
       1
       0
       0
       0
       0
       0
       0
       0
       0
       1
       0
       0
       0
       0
       0
       0
       0
       1
       0
       0
       0
       0
       0
       0
       0
       0
       0
       0
       0
       0
       1
       0
       0
       0
       0
       2
       0
       1
       0
       0
       0
       0
       0
       0
       0
       0
       0
       0
       0
       0
       0
       0
       0
       0
       0
       0
       0
       0
       1
       0
       1
       0
       0
       0
       0
       1
       0
       0
       1
       0
       1
       0
       0
       1
       0
       0
       0
       0
       0
       0
       0
       0
       0
       1
       0
       0
       0
       0
       0
       0
       0
       0
       0
       0
       0
       0
       0
       0
       0
       0
       0
       0
       0
       1
       0
       0
       1
       0
       0
       0
       0
       1
       0
       0
       0
       2
       0
       0
       0
       0
       0
       1
       0
       0
       0
       0
       0
       1
       0
       0
       0
       0
       1
       0
       0
       0
       0
       0
       0
       0
       0
       0
       0
       0
       0
       0
       0
       0
       0
       0
       0
       0
       0
       1
       0
       0
       0
       1
       0
       0
       0
       0
       1
       2
       1
       0
       0
       0
       0
       1
       1
       0
       0
       0
       0
       0
       1
       0
       0
       0
       1
       0
       0
       0
       0
       1
       1
       1
       0
       0
       0
       0
       0
       0
       0
       0
       0
       0
       1
       0
       1
       0
       0
       1
       0
       0
       0
       0
       0
       0
       0
       0
       0
       0
       0
       0
       0
       0
       0
       1
       0
       1
       0
       0
       0
       0
       0
       0
       0
       0
       0
       0
       0
       1
       1
       0
       0
       0
       0
       0
       0
       0
       0
       0
       0
       0
       0
       0
       0
       0
       0
       0
       0
       1
       0
       1
       1
       1
       0
       0
       0
       0
       0
       0
       0
       0
       0
       0
       0
       0
       1
       1
       0
       0
       0
       0
       0
       0
       0
       0
       0
       0
       0
       0
       0
       0
       1
       0
       1
       0
       0
       0
       0
       0
       0
       0
       0
       0
       0
       0
       1
       0
       0
       0
       0
       0
       1
       0
       2
       1
       0
       1
       0
       0
       0
       0
       0
       1
       0
       0
       0
       0
       0
       0
       0
       0
       0
       0
       0
       0
       0
       0
       0
       0
       1
       0
       0
       0
       0
       0
       0
       0
       0
       0
       0
       0
       0
       0
       0
       0
       0
       0
       0
       0
       0
       0
       0
       0
       0
       0
       0
       0
       0
       0
       0
       0
       1
       0
       1
       1
       0
       0
       0
       0
       0
       0
       0
       1
       0
       0
       0
       0
       0
       0
       0
       0
       0
       0
       0
       0
       0
       0
       0
       0
       0
       0
       0
       0
       1
       0
       0
       0
       1
       0
       1
       0
       0
       1
       0
       0
       0
       0
       1
       0
       0
       0
       0
       0
       0
       0
       0
       1
       0
       1
       0
       1
       0
       0
       0
       0
       0
       0
       0
       0
       0
       0
       0
       0
       0
       0
       0
       0
       0
       0
       0
       0
       0
       0
       0
       0
       0
       0
       1
       0
       0
       0
       0
       0
       0
       0
       0
       0
       0
       0
       2
       0
       0
       1
       0
       0
       0
       0
       0
       0
       0
       0
       0
       0
       0
       0
       0
       0
       0
       0
       0
       0
       1
       0
       0
       0
       0
       0
       0
       0
       0
       0
       0
       0
       0
       0
       0
       0
       1
       0
       0
       0
       0
       0
       0
       0
       0
       0
       0
       0
       0
       0
       0
       0
       0
       0
       0
       0
       0
       1
       0
       1
       1
       0
       0
       0
       0
       0
       0
       0
       0
       0
       0
       0
       0
       0
       1
       1
       0
       0
       0
       0
       0
       0
       0
       0
       0
       1
       0
       0
       1
       0
       0
       1
       0
       0
       0
       0
       0
       0
       0
       1
       0
       0
       0
       0
       0
       0
       0
       2
       0
       0
       0
       0
       0
       0
       0
       0
       0
       0
       0
       0
       0
       0
       1
       0
       0
       0
       0
       0
       0
       0
       0
       0
       0
       0
       0
       0
       0
       0
       0
       0
       0
       0
       0
       0
       0
       0
       0
       0
       0
       0
       0
       0
       1
       0
       0
       0
       0
       0
       0
       0
       0
       0
       0
       0
       0
       0
       1
       0
       0
       0
       0
       0
       0
       0
       0
       0
       0
       0
       0
       0
       0
       0
       0
       0
       0
       0
       0
       0
       0
       1
       0
       0
       1
       0
       0
       0
       0
       0
       0
       0
       0
       0
       1
       0
       0
       0
       1
       0
       0
       1
       1
       1
       0
       0
       0
       0
       0
       0
       0
       1
       0
       1
       1
       0
       0
       0
       0
       0
       0
       0
       1
       0
       1
       1
       0
       0
       0
       0
       0
       0
       0
       0
       1
       0
       0
       0
       0
       0
       0
       0
       0
       1
       0
       0
       0
       0
       0
       0
       0
       0
       0
       0
       0
       0
       1
       0
       0
       0
       1
       0
       0
       0
       0
       0
       0
       0
       0
       1
       0
       0
       1
       0
       0
       0
       0
       0
       0
       0
       0
       0
       0
       0
       1
       0
       0
       0
       0
       0
       0
       0
       0
       0
       0
       1
       0
       0
       0
       0
       0
       0
       1
       0
       0
       0
       0
       0
       0
       0
       1
       0
       0
       0
       0
       0
       0
       0
       0
       0
       0
       0
       0
       0
       0
       1
       0
       1
       0
       0
       0
       0
       0
       0
       0
       1
       0
       0
       0
       0
       1
       0
       0
       0
       0
       0
       0
       0
       1
       0
       0
       0
       0
       0
       0
       0
       0
       0
       0
       0
       0
       0
       0
       0
       0
       0
       0
       2
       0
       0
       0
       0
       0
       0
       0
       0
       0
       0
       0
       1
       0
       0
       0
       0
       0
       0
       0
       0
       0
       0
       0
       0
       0
       0
       0
       0
       0
       0
       0
       0
       0
       0
       0
       0
       0
       0
       1
       0
       1
       0
       0
       0
       1
       0
       0
       0
       0
       0
       1
       0
       0
       0
       0
       0
       0
       0
       0
       0
       0
       0
       0
       0
       0
       0
       1
       0
       0
       0
       1
       1
       0
       0
       0
       1
       1
       2
       0
       1
       0
       0
       0
       0
       0
       0
       0
       0
       0
       1
       0
       0
       0
       0
       0
       0
       1
       0
       1
       0
       0
       0
       0
       0
       0
       0
       1
       0
       0
       0
       0
       1
       0
       0
       0
       0
       0
       1
       0
       1
       0
       0
       1
       0
       0
       0
       0
       0
       0
       0
       0
       0
       0
       0
       0
       0
       1
       0
       0
       1
       0
       0
       0
       0
       0
       0
       0
       0
       0
       0
       0
       1
       1
       0
       1
       0
       0
       0
       0
       1
       0
       0
       0
       0
       0
       0
       0
       0
       0
       0
       0
       0
       2
       0
       1
       0
       0
       0
       0
       0
       0
       0
       0
       0
       0
       0
       0
       0
       0
       0
       0
       0
       0
       0
       0
       0
       0
       0
       0
       0
       0
       0
       1
       1
       0
       0
       1
       0
       0
       0
       0
       0
       1
       0
       0
       0
       0
       0
       1
       0
       0
       0
       0
       0
       0
       0
       0
       0
       0
       0
       0
       0
       1
       0
       0
       0
       0
       0
       0
       0
       0
       0
       1
       0
       0
       0
       0
       0
       0
       0
       0
       0
       0
       0
       1
       0
       0
       0
       0
       0
       0
       0
       0
       0
       0
       0
       0
       0
       0
       0
       0
       0
       0
       0
       0
       0
       0
       0
       0
       0
       0
       0
       0
       0
       0
       0
       0
       0
       0
       0
       0
       0
       0
       0
       0
       0
       0
       1
       1
       0
       0
       0
       0
       0
       0
       0
       1
       0
       1
       0
       0
       0
       0
       0
       0
       0
       0
       0
       0
       1
       0
       0
       0
       0
       0
       0
       0
       0
       0
       0
       0
       0
       0
       0
       0
       0
       0
       0
       0
       2
       0
       0
       0
       0
       1
       0
       0
       0
       0
       0
       0
       0
       0
       0
       0
       0
       0
       0
       0
       0
       1
       0
       0
       0
       0
       0
       0
       0
       0
       0
       0
       0
       0
       0
       0
       0
       0
       1
       0
       0
       0
       0
       1
       1
       1
       0
       1
       0
       0
       0
       0
       0
       0
       0
       0
       0
       0
       0
       0
       0
       0
       1
       0
       0
       0
       0
       0
       0
       0
       0
       0
       0
       0
       0
       0
       1
       0
       0
       0
       0
       0
       0
       1
       0
       0
       0
       0
       0
       0
       0
       0
       0
       0
       0
       0
       0
       0
       0
       1
       0
       0
       0
       0
       0
       0
       0
       0
       0
       0
       0
       1
       0
       0
       0
       0
       0
       0
       0
       0
       0
       0
       0
       0
       0
       0
       0
       0
       0
       0
       0
       1
       2
       0
       0
       0
       1
       0
       0
       0
       0
       1
       0
       0
       0
       0
       0
       0
       0
       0
       0
       1
       0
       0
       0
       0
       0
       0
       1
       1
       0
       0
       0
       0
       0
       0
       0
       0
       0
       0
       0
       0
       0
       0
       0
       0
       0
       0
       0
       0
       0
       0
       0
       1
       0
       1
       0
       0
       1
       0
       0
       0
       0
       0
       0
       0
       0
       0
       0
       0
       0
       0
       0
       0
       0
       0
       0
       0
       0
       0
       0
       0
       1
       0
       0
       0
       0
       0
       1
       0
       0
       0
       1
       0
       0
       0
       0
       0
       0
       0
       0
       0
       0
       0
       0
       0
       0
       0
       1
       0
       0
       1
       0
       0
       0
       0
       0
       0
       0
       0
       0
       0
       0
       0
       0
       0
       0
       0
       0
       0
       0
       0
       0
       0
       0
       0
       0
       0
       0
       0
       0
       1
       0
       0
       0
       0
       0
       0
       0
       0
       1
       0
       1
       0
       0
       0
       0
       0
       0
       0
       0
       1
       0
       0
       0
       0
       0
       0
       0
       0
       0
       1
       0
       0
       0
       0
       0
       0
       0
       0
       0
       0
       0
       1
       0
       0
       0
       0
       0
       1
       0
       0
       1
       0
       0
       0
       0
       0
       0
       0
       0
       0
       0
       0
       0
       0
       0
       0
       0
       0
       0
       0
       0
       0
       0
       1
       0
       0
       0
       0
       0
       0
       0
       0
       0
       0
       0
       0
       0
       0
       0
       0
       0
       0
       0
       0
       1
       0
       0
       0
       0
       1
       0
       0
       0
       0
       0
       1
       0
       0
       0
       0
       0
       0
       0
       0
       0
       0
       1
       0
       0
       0
       0
       0
       0
       0
       1
       0
       1
       0
       0
       0
       0
       1
       0
       0
       0
       0
       0
       1
       0
       0
       0
       0
       0
       0
       0
       0
       0
       0
       0
       0
       0
       0
       0
       0
       0
       0
       0
       0
       0
       0
       0
       0
       0
       0
       0
       0
       0
       0
       0
       0
       0
       1
       0
       0
       0
       0
       0
       0
       0
       0
       0
       0
       0
       0
       0
       0
       0
       0
       1
       0
       0
       0
       0
       0
       0
       0
       0
       0
       0
       0
       0
       0
       0
       0
       1
       0
       0
       0
       2
       0
       0
       0
       0
       0
       0
       0
       0
       0
       1
       0
       0
       0
       0
       0
       0
       0
       0
       0
       0
       0
       0
       1
       0
       1
       0
       0
       0
       0
       0
       0
       0
       0
       0
       0
       0
       0
       0
       0
       0
       0
       0
       0
       0
       0
       1
       0
       0
       0
       0
       0
       0
       0
       0
       0
       0
       0
       0
       0
       0
       0
       0
       0
       0
       0
       0
       0
       0
       0
       0
       0
       1
       0
       0
       0
       0
       0
       0
       0
       0
       0
       0
       0
       0
       0
       0
       0
       0
       0
       0
       0
       0
       0
       0
       0
       0
       0
       0
       0
       0
       0
       0
       0
       0
       0
       0
       0
       0
       0
       1
       1
       0
       0
       0
       1
       0
       0
       0
       0
       0
       0
       0
       0
       0
       0
       1
       0
       0
       0
       0
       0
       1
       0
       0
       0
       1
       0
       0
       0
       0
       0
       0
       0
       0
       0
       0
       0
       0
       0
       0
       1
       2
       0
       0
       0
       0
       0
       1
       0
       0
       0
       0
       0
       0
       0
       0
       0
       0
       0
       0
       0
       0
       0
       0
       0
       0
       0
       0
       0
       0
       0
       1
       0
       0
       0
       0
       0
       0
       0
       1
       0
       0
       0
       0
       0
       0
       0
       0
       0
       0
       0
       1
       1
       0
       0
       0
       0
       0
       0
       0
       0
       0
       0
       0
       0
       0
       0
       0
       0
       0
       0
       0
       0
       0
       0
       0
       0
       0
       0
       0
       0
       0
       0
       0
       0
       0
       0
       0
       0
       0
       0
       0
       0
       0
       0
       0
       0
       0
       0
       0
       0
       0
       0
       0
       0
       0
       0
       0
       0
       0
       0
       0
       0
       0
       0
       0
       0
       0
       1
       0
       0
       0
       0
       0
       0
       0
       0
       0
       0
       0
       0
       0
       0
       0
       0
       0
       0
       0
       0
       0
       0
       0
       0
       1
       0
       0
       0
       0
       0
       0
       0
       1
       0
       0
       0
       0
       0
       0
       0
       0
       0
       0
       0
       0
       0
       1
       0
       0
       1
       0
       0
       0
       1
       1
       0
       0
       0
       1
       0
       0
       0
       0
       0
       0
       0
       0
       0
       0
       0
       0
       0
       0
       0
       0
       0
       0
       0
       0
       1
       0
       0
       0
       0
       0
       0
       0
       0
       0
       0
       0
       0
       0
       0
       1
       0
       0
       0
       0
       0
       0
       0
       0
       0
       0
       0
       0
       0
       0
       0
       0
       1
       0
       0
       1
       0
       0
       0
       0
       0
       0
       1
       0
       0
       0
       0
       0
       1
       0
       0
       0
       0
       1
       0
       0
       0
       0
       0
       0
       0
       0
       1
       0
       0
       0
       0
       0
       0
       0
       0
       0
       0
       0
       0
       0
       1
       0
       0
       0
       0
       0
       0
       0
       0
       0
       0
       0
       1
       0
       0
       0
       0
       0
       0
       0
       0
       0
       0
       0
       0
       0
       0
       0
       0
       0
       0
       1
       0
       0
       0
       0
       0
       0
       0
       1
       0
       0
       0
       0
       0
       0
       0
       1
       0
       0
       0
       0
       0
       0
       0
       0
       0
       0
       0
       0
       0
       0
       0
       0
       0
       0
       0
       0
       0
       0
       0
       0
       1
       0
       0
       1
       1
       0
       0
       0
       0
       0
       0
       0
       0
       0
       0
       1
       1
       0
       2
       1
       0
       0
       0
       0
       0
       0
       0
       0
       0
       1
       0
       0
       0
       0
       0
       0
       0
       0
       0
       0
       0
       0
       0
       0
       0
       0
       0
       0
       0
       0
       0
       0
       0
       0
       0
       0
       0
       0
       0
       0
       0
       0
       0
       0
       1
       0
       0
       0
       0
       0
       0
       0
       0
       0
       0
       0
       0
       0
       0
       0
       0
       0
       0
       0
       0
       0
       0
       0
       1
       0
       0
       0
       0
       0
       0
       0
       0
       0
       0
       0
       1
       1
       0
       0
       0
       0
       0
       0
       1
       0
       0
       0
       1
       0
       0
       0
       0
       0
       0
       0
       0
       0
       1
$ROI:
0
$PRESETS:
Live Time
3600
0
$ENER_FIT:
0.137869 0.366631
$MCA_CAL:
3
1.378689E-001 3.666307E-001 -4.415950E-008 keV
$SHAPE_CAL:
3
2.301834E+000 9.195991E-004 -5.357180E-008
