$SPEC_ID:
Molnar Range
$SPEC_REM:
DET# 1
DETDESC# HPGe Detector 1
AP# GammaVision Version 6.07
$DATE_MEA:
02/03/2016 10:53:09
$MEAS_TIM:
3600 3879
$DATA:
0 8191
       0
       0
       0
       0
    1607
    1953
     985
     695
     675
     722
     746
     764
     825
     926
    1022
    1144
    1334
    1532
    1842
    2035
    2276
    2412
    2689
    2937
    3188
    3294
    3300
    3402
    3274
    3145
    2851
    2568
    2587
    1872
    1313
    1122
    1074
     848
     773
     637
     596
     569
     533
     499
     526
     553
     491
     547
     517
     457
     416
     397
     416
     417
     388
     420
     499
     528
     461
     460
     422
     455
     398
     466
     887
    1510
    1515
     807
     450
     433
     896
    2052
    2386
    1266
     742
     608
     434
     345
     345
     344
     303
     313
     305
     332
     315
     347
     340
     355
     383
     661
    1110
    1069
     591
     437
     453
     409
     465
     480
     527
     522
     591
     628
     716
     757
     852
     912
    1002
    1044
    1075
    1177
    1328
    1440
    1525
    1778
    1807
    2020
    2421
    3260
    4457
    4299
    3531
    3557
    3850
    4028
    4387
    4975
    5502
    6232
    6907
    8159
   10038
   12705
   16515
   18688
   22424
   28860
   26935
   19698
   16592
   16564
   16088
   15777
   15181
   14968
   14650
   14105
   14418
   14661
   15491
   16473
   17598
   18853
   19295
   19847
   21305
   22844
   25083
   26700
   29242
   40793
  202692
 1064189
 2303314
 1851821
  545465
   58308
    2493
     324
     302
     288
     270
     280
     305
     290
     277
     333
     294
     329
     333
     306
     326
     345
     332
     397
     376
     340
     375
     341
     370
     431
     583
     515
     428
     429
     459
     464
     524
     632
     606
     653
     644
     637
     688
     719
     812
     853
     686
     699
     592
     611
     617
     616
     572
     549
     569
     563
     569
     589
     523
     545
     587
     608
     600
     625
     585
     614
     625
     660
     659
     702
     721
     794
     774
     755
     731
     769
     772
     784
     786
     832
     771
     766
     806
     812
     833
     857
     855
     871
     916
     939
     968
    1000
     951
    1057
    1128
    1068
    1087
    1086
    1125
    1143
    1154
    1238
    1383
    1519
    1794
    1755
    1602
    1883
    4262
    9301
   10139
    5124
    1728
    1149
    1467
    1940
    1847
    1403
    1701
    4804
   10796
   11340
    4973
    1206
     429
     389
     395
     397
     386
     482
     544
     515
     441
     415
     418
     416
     399
     423
     446
     452
     504
     419
     457
     426
     474
     435
     470
     528
     594
     706
     796
     902
     830
     600
     484
     519
     486
     470
     516
     594
     680
     696
     621
     892
    1414
    1576
    1075
     650
     525
     507
     491
     474
     486
     657
    1221
    1682
    1365
     773
     513
     795
    2466
    4844
    4746
    1937
     488
     209
     209
     188
     223
     231
     216
     223
     202
     215
     205
     202
     221
     199
     209
     210
     225
     213
     219
     203
     203
     211
     212
     208
     193
     214
     211
     218
     209
     196
     218
     225
     236
     219
     222
     218
     219
     236
     201
     201
     234
     218
     209
     218
     236
     201
     240
     235
     251
     200
     216
     232
     218
     316
     589
     942
     903
     502
     267
     206
     186
     199
     207
     253
     314
     362
     301
     198
     208
     222
     232
     199
     204
     252
     182
     206
     188
     181
     192
     198
     189
     190
     218
     211
     200
     217
     192
     188
     198
     231
     195
     192
     186
     191
     211
     191
     219
     208
     227
     197
     207
     196
     201
     236
     324
     334
     258
     188
     223
     236
     237
     203
     188
     196
     172
     183
     260
     443
     551
     444
     236
     186
     177
     174
     162
     152
     175
     177
     194
     192
     171
     159
     205
     232
     194
     185
     154
     207
     164
     179
     151
     174
     191
     160
     154
     170
     163
     148
     166
     160
     158
     178
     166
     174
     182
     175
     163
     171
     166
     170
     181
     180
     156
     165
     162
     158
     175
     172
     172
     171
     149
     159
     148
     158
     170
     164
     169
     168
     212
     223
     210
     169
     182
     157
     148
     171
     156
     148
     145
     161
     184
     151
     175
     152
     185
     159
     165
     179
     156
     147
     153
     161
     170
     133
     142
     201
     169
     139
     136
     155
     171
     151
     199
     159
     151
     150
     131
     152
     137
     138
     262
     702
    1606
    2099
    1350
     500
     148
     119
      99
     115
      94
     107
     100
     102
      96
     110
      84
      94
     115
     111
     104
      90
     115
     106
     126
     105
      95
     107
     103
     105
     103
      84
      94
     107
     116
      98
     108
      91
     143
     185
     204
     152
     110
      95
      85
      86
      93
      93
      88
      98
      84
      92
      94
      73
      95
      90
     101
      86
      86
      88
      89
      79
      81
      81
      81
      98
      91
      80
      77
      90
      82
     101
      76
      85
      83
      83
      86
      85
      79
      86
      72
      80
      86
      88
      85
      94
      73
      78
      86
      71
      90
      74
      81
      88
      84
      76
      80
      64
      89
      77
      84
      74
      98
      88
      80
      74
      72
      86
      88
      84
      76
      81
      75
      84
      96
      88
      82
      79
      80
      80
      76
      88
      50
      62
      66
      78
      86
      62
      67
      88
      86
      67
      75
      90
      64
      84
      84
      63
      67
      74
      66
      75
      86
      59
      68
      85
      88
      76
      84
      70
      71
      82
      76
      76
      74
      76
      59
      94
      95
      85
      69
      67
      71
      91
     126
     135
     129
      92
      59
      61
      78
      69
      80
      66
      66
      68
      79
      63
      66
      46
      60
      60
      64
      76
      59
      71
      71
      89
      87
      63
      57
      74
      91
      73
      81
      60
      58
      67
      60
      89
      84
      59
      74
      84
      71
      73
      62
      63
      66
      64
      70
      68
      50
      78
      68
      59
      65
      69
      64
      75
      62
      51
      71
      60
      66
      54
      59
      58
      49
      71
      60
      73
      72
      85
      91
      72
      70
      63
      66
      68
      52
      55
      64
      56
      63
      65
      74
      63
      86
      51
      57
      57
      77
     104
      93
     111
      75
      56
      67
      81
      53
      67
      70
      63
      61
      61
      59
      70
      59
      61
      58
      54
      64
      66
      55
      60
      66
      63
      52
      58
      60
      67
      62
      95
     113
     265
     404
     331
     178
     100
      59
      53
      65
      42
      57
      56
      65
      44
      62
      51
      45
      52
      47
      50
      50
      54
      38
      45
      59
      50
      70
      62
      73
     138
     304
     401
     322
     152
      80
      52
      48
      50
      68
      42
      47
      50
      30
      43
      55
      56
      39
      42
      62
      56
      54
      66
      54
      62
      49
      62
     139
     274
     411
     307
     160
      66
      52
      93
     268
     665
    1167
    1026
     539
     191
      55
      37
      39
      48
      41
      47
      35
      36
      35
      64
      63
      57
      44
      43
      36
      29
      26
      33
      27
      28
      34
      21
      39
      30
      44
      33
      34
      29
      30
      36
      40
      41
      22
      20
      36
      37
      36
      38
      41
      26
      29
      37
      30
      28
      31
      36
      26
      31
      32
      27
      28
      28
      30
      30
      26
      25
      33
      35
      32
      43
      32
      33
      18
      28
      24
      29
      29
      27
      31
      38
      30
      32
      31
      28
      27
      33
      31
      28
      30
      30
      35
      37
      44
      28
      67
     187
     368
     467
     333
     150
      77
      58
     100
     133
     141
      62
      32
      31
      22
      24
      27
      30
      15
      25
      23
      41
      71
     156
     267
     319
     206
      88
      34
      21
      18
      16
      31
      14
      31
      21
      23
      21
      16
      25
      25
      25
      32
      71
      70
      90
      48
      32
      24
      21
      18
      16
      16
      18
      20
      20
      24
      26
      21
      19
      31
      27
      30
      35
      28
      32
      20
      20
      21
      17
      19
      14
      18
      22
      19
      17
      28
      25
      19
      24
      20
      20
      27
      28
      30
      26
      28
      27
      19
      12
      23
      20
      26
      22
      20
      19
      28
      22
      25
      28
      21
      21
      14
      20
      29
      22
      20
      18
      20
      25
      25
      31
      23
      20
      15
      28
      29
      11
      24
      24
      28
      22
      23
      26
      21
      18
      14
      17
      16
      19
      28
      39
      27
      44
      34
      35
      20
      22
      21
      34
      52
      93
      62
      27
      36
      17
      30
      23
      22
      18
      17
      18
      23
      22
      21
      13
      20
      16
      27
      33
      58
      72
      40
      29
      23
      26
      16
      21
      22
      31
      23
      27
      15
      18
      18
      12
      14
      18
      22
      23
      22
      11
      14
      17
      14
      25
      19
      17
      16
      24
      19
      19
      14
      24
      24
      15
      34
      30
      36
      29
      21
      27
      27
      17
      32
      32
      21
      19
      14
      22
      16
      24
      14
      32
      23
      21
      20
      19
      18
      19
      14
      19
      18
      19
      20
      20
      21
      17
      15
      18
      17
      27
      37
      21
      14
      18
      33
      43
      41
      34
      30
      19
      20
      17
      24
      16
      19
      16
      28
      24
      21
      26
      25
      25
      22
      16
      20
      13
      19
      16
      21
      18
      16
      14
      14
      17
      21
      19
      21
      19
      30
      26
      18
      24
      19
      26
      32
      37
      33
      22
      23
      19
      25
      20
      29
      22
      30
      32
      31
      41
      35
      34
      37
      35
      42
      54
      33
      35
      50
      56
      54
      51
      43
      38
      41
      40
      40
      39
      46
      32
      34
      33
      22
      22
      32
      29
      23
      22
      18
      28
      24
      30
      24
      23
      24
      20
      18
      28
       6
      17
      24
      14
      12
      19
      25
      21
      16
      22
      21
      11
      12
      15
      17
      14
      11
      13
      14
      16
      11
      13
      13
      19
      13
      12
      11
      18
      13
      14
       9
      12
      20
      13
      16
      12
      16
      17
      11
      15
      11
      11
      12
      20
      15
       8
      13
       9
      14
      15
      14
      14
      14
      14
      13
      14
      13
      15
      20
      18
      19
      34
      21
      32
      27
      27
      28
      27
      18
       9
      16
      13
      16
      19
      16
      10
      12
      12
       8
      14
       7
      13
      15
       6
      14
       8
      12
       9
      12
       6
      10
      11
       8
      10
      13
      13
      15
      11
      11
      16
      14
       7
       8
      20
      13
      10
      10
       8
       8
      14
      11
      12
      19
      15
       8
       8
      13
       7
       9
       7
       5
       6
      10
      11
       7
      12
      12
      10
      10
      18
       7
       9
      12
       8
       5
      10
       9
      11
       9
      14
       5
       8
       6
      13
      12
      11
      10
       5
      13
       6
      11
      12
       4
       5
       5
       8
       7
       8
       9
       4
       6
       7
       7
       6
      10
       7
      10
       6
       5
      11
       6
       7
      10
      11
       8
       2
       8
       6
       3
       7
       6
       7
       9
       5
       6
       9
      12
       6
      15
       9
       8
       5
       3
       6
      11
      11
       8
       7
       8
       3
       6
       8
       9
       6
       8
       5
       6
       6
       8
       6
       6
      10
       5
       5
       8
       7
       7
       6
       4
       4
       4
       7
       6
       6
      10
       7
      10
       9
       5
       3
       6
       8
       6
       6
      12
      11
       8
       4
      13
       6
      10
      11
      10
       6
      10
      11
       6
       4
       4
       7
       8
       5
      15
       6
       6
       3
       7
       9
       5
       5
       7
       5
       4
       3
       6
       5
       8
       9
       5
      12
      12
       8
       8
       6
      10
       5
      10
       8
       8
       6
      14
       8
       9
       7
       6
       6
      10
       7
       5
       5
       7
      12
       5
       3
       4
       5
      11
       9
      20
      17
      23
      11
      11
       5
       6
       5
       9
      11
       7
       7
      11
      10
       4
       8
       3
       7
       6
       6
       7
       5
       5
       5
       5
       7
       7
       4
       7
       9
       3
       2
       6
       8
       6
       9
       5
       7
       9
       4
       8
       9
       8
       6
       7
      13
       5
      12
       6
       2
       4
       4
       2
      10
       3
       5
       5
      18
      35
      71
      76
      92
      43
      25
      18
       7
       3
       7
       6
       6
       8
       3
       3
       7
       5
      10
       5
       9
      10
      10
       6
       7
      10
      11
      11
       2
       3
       7
       5
       8
       1
       6
       6
       3
       8
       4
       5
       6
       9
       6
       5
      10
       8
       4
       6
       4
       8
       6
       5
       5
       7
       8
       7
       2
       4
       8
       4
       7
       5
       4
      11
      11
      11
       8
      10
       7
       1
       5
       3
       2
       4
       7
       2
       3
       3
       3
       4
       5
       3
       1
       6
       4
       5
       6
       4
      10
       3
       2
       5
       4
      15
      24
      44
      62
      48
      28
      15
       8
       3
       6
       6
       7
       5
       5
       5
       5
       5
       2
       4
       6
       3
       4
       9
       3
       8
      34
     118
     281
     442
     490
     337
     171
      59
      24
       8
       4
       3
       6
       2
       2
       1
       2
       3
       2
       0
       3
       6
       2
       3
       2
       3
       4
       2
       1
       4
       3
       8
       2
       6
       5
       2
       5
       1
       6
       2
       4
       4
       2
       4
       3
       2
       0
       5
       4
       3
       1
       7
       8
       5
       5
       4
       7
       2
       2
       2
       4
       4
       2
       3
       1
       1
       4
       3
       2
       4
       2
       4
       6
      12
      26
      42
      54
      47
      18
       9
       4
       1
       2
       1
       4
       6
      10
       7
       4
       6
       2
       3
       5
       2
       5
      11
      11
       8
       8
       2
       2
       3
       0
       4
       0
       1
       2
       3
       1
       3
       1
       4
       3
       4
       5
       4
       3
       3
       1
       3
       3
       2
       0
       4
       4
       3
       3
       1
       5
       3
       8
      10
       9
       9
      14
       3
       4
       4
       1
       0
       2
       2
       1
       3
       2
       3
       3
       3
       2
       0
       3
       2
       2
       1
       4
       6
       1
       2
       0
       2
       2
       9
      14
      38
      98
     198
     255
     211
     160
      91
      24
       8
       5
       2
       1
       2
       2
       1
       5
       1
       1
       1
       1
       2
       1
       1
       4
       3
       3
       2
       1
       1
       3
       2
       2
       1
       2
       1
       1
       1
       1
       1
       1
       0
       2
       4
       9
       4
       9
       6
       7
       5
       4
       2
       2
       0
       0
       0
       3
       2
       0
       1
       0
       1
       5
       1
       0
       1
       1
       2
       4
       0
       2
       2
       1
       3
       0
       1
       1
       1
       1
       0
       4
       0
       2
       0
       2
       1
       2
       3
       0
       3
       1
       2
       2
       1
       6
       7
       6
      13
       6
      11
       3
       2
       4
       1
       3
       3
       2
       6
       3
       4
       0
       1
       1
       1
       0
       0
       1
       1
       0
       2
       0
       1
       2
       1
       8
       6
       7
       3
       6
       3
       3
       0
       2
       0
       8
       5
       9
       6
       2
       4
       4
       2
       5
       4
       2
       1
       2
       0
       1
       5
       1
       3
       0
       0
       2
       1
       2
       1
       1
       2
       0
       1
       0
       3
       1
       1
       0
       1
       2
       2
       2
       0
       2
       0
       1
       2
       3
       1
       3
       0
       0
       0
       3
       0
       0
       0
       0
       2
       0
       0
       2
       0
       1
       2
       2
       2
       0
       1
       1
       0
       2
       1
       1
       1
       2
       0
       2
       3
       2
       2
       3
       2
       1
       0
       1
       1
       1
       2
       5
       0
       3
       0
       0
       6
       5
       3
       2
       2
       3
       1
       2
       2
       2
       1
       3
       2
       0
       1
       2
       1
       1
       1
       1
       0
       2
       1
       0
       1
       2
       1
       4
       2
       1
       0
       1
       0
       1
       0
       1
       4
       0
       1
       0
       1
       1
       0
       0
       2
       0
       2
       4
       0
       3
       1
       1
       0
       0
       5
       1
       2
       1
       3
       1
       2
       1
       2
       2
       3
       2
       3
       0
       1
       3
       1
       1
       2
       2
       2
       0
       2
       0
       0
       2
       2
       1
       0
       1
       0
       1
       0
       1
       2
       0
       1
       2
       2
       1
       0
       0
       1
       1
       1
       0
       0
       1
       2
       3
       2
       1
       3
       4
       1
       3
       3
       1
       3
       1
       0
       0
       2
       1
       2
       1
       3
       1
       5
       3
       4
       1
       3
       1
       2
       1
       1
       1
       1
       2
       0
       7
       0
       1
       1
       1
       2
       0
       2
       2
       0
       2
       1
       1
       1
       1
       2
       1
       1
       1
       0
       1
       1
       0
       3
       1
       1
       2
       1
       1
       1
       3
       4
       3
       1
       1
       1
       3
       2
       1
       0
       1
       1
       1
       0
       0
       2
       0
       0
       0
       1
       1
       2
       3
       0
       2
       2
       0
       3
       3
       1
       1
       0
       0
       2
       1
       1
       1
       0
       1
       1
       1
       0
       1
       0
       1
       2
       0
       1
       0
       3
       0
       1
       1
       0
       2
       3
       0
       0
       0
       4
       1
       0
       1
       2
       0
       1
       2
       0
       1
       0
       0
       1
       1
       4
       1
       2
       0
       1
       0
       0
       0
       0
       0
       1
       1
       1
       0
       1
       1
       0
       1
       1
       2
       0
       1
       1
       0
       0
       1
       0
       0
       4
       0
       2
       2
       2
       2
       1
       1
       0
       1
       0
       0
       1
       1
       1
       1
       1
       0
       2
       1
       2
       1
       0
       1
       0
       1
       1
       2
       0
       2
       1
       1
       1
       1
       3
       1
       0
       0
       0
       1
       1
       2
       1
       2
       0
       0
       1
       0
       1
       0
       1
       0
       0
       1
       1
       0
       1
       1
       1
       1
       2
       3
       1
       0
       3
       2
       0
       1
       1
       1
       0
       2
       0
       3
       1
       1
       1
       0
       1
       1
       0
       1
       0
       0
       1
       1
       2
       1
       0
       3
       1
       1
       2
       1
       3
       1
       1
       2
       2
       0
       1
       1
       0
       0
       0
       1
       2
       1
       1
       1
       1
       0
       4
       0
       0
       0
       2
       0
       0
       1
       1
       0
       0
       0
       1
       0
       0
       1
       1
       0
       2
       1
       1
       2
       0
       5
       0
       2
       1
       0
       1
       1
       1
       2
       0
       1
       0
       2
       0
       0
       0
       2
       1
       2
       3
       1
       0
       1
       1
       1
       1
       0
       1
       0
       3
       3
       2
       0
       1
       0
       1
       3
       2
       0
       1
       0
       0
       0
       2
       1
       0
       0
       0
       0
       0
       0
       0
       1
       1
       0
       1
       1
       2
       2
       0
       0
       3
       1
       1
       0
       0
       0
       1
       1
       4
       2
       1
       3
       1
       0
       1
       0
       0
       2
       0
       2
       3
       1
       2
       1
       0
       0
       1
       2
       0
       0
       0
       1
       2
       1
       0
       0
       0
       1
       1
       1
       0
       1
       3
       0
       0
       2
       1
       0
       0
       1
       1
       0
       0
       0
       1
       1
       1
       1
       0
       0
       0
       1
       1
       1
       0
       1
       1
       1
       1
       1
       1
       2
       0
       1
       1
       0
       2
       0
       0
       2
       0
       0
       3
       2
       1
       0
       1
       0
       0
       2
       3
       2
       2
       1
       0
       0
       0
       0
       0
       1
       1
       1
       1
       1
       0
       4
       0
       0
       0
       0
       1
       0
       1
       1
       0
       0
       2
       1
       2
       1
       0
       2
       0
       0
       0
       0
       0
       1
       0
       1
       0
       1
       0
       2
       1
       0
       1
       1
       0
       1
       2
       0
       0
       0
       0
       2
       0
       0
       0
       1
       0
       1
       1
       1
       0
       2
       0
       0
       0
       0
       0
       3
       0
       1
       2
       0
       2
       0
       1
       0
       1
       2
       2
       1
       2
       1
       0
       0
       0
       1
       0
       1
       1
       1
       2
       1
       1
       0
       3
       0
       1
       0
       0
       2
       2
       2
       1
       2
       0
       3
       2
       2
       0
       2
       0
       1
       1
       1
       1
       1
       2
       0
       2
       0
       1
       1
       0
       2
       0
       0
       0
       1
       0
       0
       1
       0
       1
       1
       0
       1
       0
       0
       1
       0
       0
       1
       1
       0
       1
       1
       0
       0
       0
       0
       0
       0
       2
       0
       1
       0
       2
       0
       0
       0
       0
       1
       0
       1
       1
       0
       1
       2
       0
       0
       1
       0
       2
       0
       1
       1
       1
       0
       0
       0
       3
       0
       1
       0
       0
       1
       0
       0
       0
       0
       3
       0
       1
       0
       0
       0
       3
       0
       2
       1
       1
       1
       0
       2
       0
       2
       0
       0
       1
       0
       0
       1
       1
       0
       0
       0
       0
       0
       1
       1
       0
       2
       1
       1
       1
       0
       0
       1
       0
       1
       0
       0
       0
       0
       2
       3
       0
       0
       2
       0
       1
       2
       0
       1
       1
       2
       2
       0
       1
       2
       0
       0
       1
       1
       2
       1
       1
       1
       0
       0
       1
       0
       0
       0
       2
       1
       2
       1
       2
       0
       0
       2
       1
       3
       0
       0
       1
       0
       1
       0
       1
       1
       1
       2
       0
       0
       0
       0
       0
       0
       2
       0
       2
       2
       1
       4
       0
       0
       1
       1
       2
       3
       1
       0
       2
       3
       0
       0
       0
       0
       2
       0
       1
       0
       0
       2
       1
       0
       1
       3
       1
       0
       1
       1
       1
       0
       1
       3
       0
       1
       2
       2
       3
       1
       4
       2
       3
       2
       2
       5
       5
       3
       1
       2
       2
       2
       5
       0
       1
       3
       0
       2
       1
       2
       3
       2
       2
       3
       3
       1
       1
       5
       0
       2
       1
       0
       1
       1
       2
       0
       0
       2
       0
       1
       0
       0
       1
       0
       1
       1
       0
       1
       0
       1
       1
       1
       0
       0
       0
       0
       0
       1
       1
       2
       0
       0
       0
       0
       1
       0
       2
       0
       0
       2
       1
       1
       1
       0
       2
       0
       1
       0
       2
       0
       0
       1
       0
       1
       0
       1
       2
       4
       1
       1
       0
       0
       0
       0
       1
       2
       0
       1
       1
       1
       1
       0
       0
       1
       1
       0
       1
       1
       1
       0
       0
       1
       2
       0
       2
       2
       1
       0
       0
       0
       0
       1
       1
       2
       0
       0
       0
       0
       1
       1
       1
       0
       0
       1
       3
       0
       0
       1
       0
       0
       1
       0
       0
       2
       0
       1
       1
       1
       0
       0
       1
       0
       1
       0
       0
       0
       1
       1
       0
       0
       3
       0
       2
       0
       1
       0
       2
       1
       1
       0
       0
       0
       0
       1
       2
       0
       1
       0
       0
       0
       0
       0
       1
       2
       0
       0
       1
       1
       0
       0
       0
       0
       1
       0
       0
       1
       0
       0
       1
       1
       0
       1
       0
       2
       0
       0
       0
       1
       0
       1
       2
       2
       0
       0
       1
       1
       1
       0
       1
       0
       1
       1
       0
       0
       0
       0
       0
       3
       0
       1
       1
       0
       2
       1
       0
       0
       2
       2
       0
       0
       1
       0
       1
       0
       0
       0
       0
       0
       0
       1
       2
       0
       0
       1
       0
       0
       2
       0
       2
       0
       2
       0
       0
       1
       0
       0
       1
       1
       2
       0
       2
       0
       0
       0
       2
       1
       0
       1
       0
       1
       2
       1
       0
       0
       1
       2
       0
       0
       0
       1
       2
       1
       1
       0
       0
       1
       0
       0
       2
       1
       2
       0
       2
       1
       2
       1
       0
       0
       0
       0
       0
       2
       0
       0
       1
       0
       0
       0
       0
       1
       0
       2
       0
       0
       1
       0
       1
       0
       1
       2
       1
       0
       0
       0
       0
       0
       1
       0
       0
       0
       1
       0
       1
       0
       2
       0
       0
       2
       1
       1
       0
       0
       0
       3
       0
       0
       2
       2
       0
       1
       0
       0
       0
       2
       0
       1
       2
       0
       1
       0
       0
       1
       1
       0
       0
       2
       0
       0
       1
       1
       2
       0
       3
       1
       0
       0
       0
       1
       0
       0
       1
       2
       0
       0
       0
       1
       0
       0
       0
       1
       0
       0
       0
       0
       0
       0
       0
       0
       0
       1
       0
       0
       0
       0
       1
       0
       1
       1
       0
       0
       0
       0
       0
       1
       2
       1
       0
       2
       0
       0
       0
       0
       0
       0
       0
       1
       1
       0
       2
       0
       1
       1
       0
       0
       0
       0
       0
       0
       0
       0
       1
       2
       0
       0
       0
       1
       2
       0
       3
       0
       0
       0
       1
       0
       0
       0
       2
       1
       0
       2
       0
       1
       0
       1
       0
       0
       1
       3
       0
       1
       0
       1
       0
       0
       1
       0
       1
       0
       1
       1
       1
       1
       1
       0
       1
       0
       0
       1
       0
       0
       1
       1
       0
       1
       0
       0
       0
       0
       1
       1
       0
       1
       0
       0
       1
       0
       0
       0
       1
       0
       0
       0
       1
       1
       0
       1
       0
       1
       0
       0
       0
       2
       0
       1
       0
       0
       1
       2
       1
       0
       0
       1
       1
       0
       0
       0
       2
       2
       1
       0
       0
       0
       0
       1
       1
       1
       0
       0
       0
       0
       1
       1
       1
       1
       0
       1
       1
       1
       2
       0
       0
       0
       0
       1
       0
       0
       1
       2
       0
       2
       0
       0
       0
       1
       1
       0
       0
       0
       1
       1
       0
       1
       0
       0
       0
       1
       1
       0
       0
       0
       1
       1
       2
       0
       0
       0
       1
       0
       0
       1
       1
       1
       1
       0
       0
       0
       0
       0
       0
       0
       0
       0
       0
       0
       1
       0
       1
       2
       0
       1
       1
       2
       1
       0
       0
       0
       0
       0
       1
       0
       0
       0
       3
       0
       1
       1
       0
       0
       1
       2
       0
       0
       1
       0
       0
       0
       1
       0
       0
       0
       0
       0
       0
       0
       0
       0
       2
       2
       0
       1
       1
       0
       3
       0
       1
       0
       0
       1
       0
       1
       1
       1
       0
       1
       0
       0
       1
       2
       0
       0
       0
       1
       0
       1
       0
       0
       0
       1
       0
       0
       0
       0
       1
       0
       1
       0
       0
       0
       0
       1
       0
       1
       0
       0
       1
       1
       0
       0
       0
       0
       1
       2
       0
       0
       0
       0
       1
       0
       4
       1
       2
       1
       0
       0
       1
       1
       0
       0
       1
       2
       2
       0
       1
       0
       0
       0
       0
       1
       0
       0
       0
       0
       1
       1
       0
       0
       0
       0
       3
       0
       2
       1
       0
       0
       0
       0
       0
       2
       0
       1
       1
       1
       1
       1
       0
       0
       1
       0
       2
       1
       5
       0
       0
       0
       0
       1
       0
       1
       0
       0
       2
       0
       2
       1
       1
       0
       0
       1
       1
       2
       0
       1
       0
       0
       1
       0
       1
       0
       0
       3
       0
       0
       1
       0
       1
       0
       1
       2
       0
       0
       0
       2
       0
       1
       0
       1
       3
       0
       0
       2
       1
       0
       1
       0
       0
       0
       1
       0
       0
       3
       1
       0
       0
       1
       1
       0
       0
       1
       0
       0
       1
       0
       2
       2
       1
       0
       1
       0
       0
       2
       0
       0
       0
       0
       1
       1
       0
       1
       0
       0
       1
       0
       1
       0
       2
       0
       0
       1
       0
       0
       1
       0
       1
       0
       0
       1
       1
       0
       2
       1
       0
       0
       0
       3
       0
       1
       2
       0
       0
       0
       0
       0
       0
       1
       0
       1
       0
       0
       1
       2
       1
       2
       4
       0
       2
       0
       1
       0
       1
       2
       1
       1
       0
       1
       0
       1
       2
       0
       1
       0
       0
       0
       0
       1
       0
       3
       1
       2
       0
       1
       1
       0
       0
       0
       0
       1
       0
       1
       0
       0
       2
       1
       0
       2
       2
       0
       0
       0
       1
       2
       3
       0
       0
       0
       1
       0
       1
       0
       2
       0
       0
       0
       0
       0
       0
       0
       0
       0
       1
       0
       0
       1
       1
       0
       1
       0
       0
       0
       0
       1
       0
       1
       0
       1
       0
       0
       0
       1
       3
       1
       0
       0
       1
       0
       1
       0
       0
       0
       0
       1
       1
       1
       1
       0
       0
       1
       1
       2
       0
       0
       1
       0
       1
       1
       0
       0
       1
       1
       0
       0
       1
       0
       0
       2
       1
       1
       0
       2
       0
       1
       0
       0
       0
       0
       1
       0
       2
       1
       1
       0
       0
       0
       0
       0
       1
       0
       1
       1
       1
       0
       0
       0
       0
       0
       1
       1
       0
       0
       0
       1
       0
       0
       1
       1
       1
       1
       0
       0
       0
       0
       1
       1
       0
       0
       1
       0
       0
       0
       3
       0
       1
       0
       0
       0
       0
       0
       0
       0
       0
       0
       1
       0
       1
       1
       2
       0
       1
       0
       1
       2
       1
       0
       0
       0
       0
       1
       3
       0
       0
       1
       0
       0
       0
       1
       1
       0
       1
       1
       0
       0
       0
       0
       1
       1
       1
       1
       1
       2
       0
       0
       0
       0
       0
       1
       1
       0
       1
       0
       0
       0
       1
       0
       1
       0
       0
       0
       1
       1
       0
       0
       2
       0
       0
       1
       0
       1
       0
       1
       0
       1
       2
       0
       0
       0
       0
       1
       0
       0
       0
       0
       0
       0
       1
       0
       0
       0
       1
       2
       1
       0
       1
       0
       0
       0
       0
       0
       0
       2
       0
       2
       1
       1
       1
       1
       0
       0
       1
       1
       0
       1
       0
       0
       0
       0
       0
       1
       0
       1
       0
       0
       1
       1
       0
       0
       0
       0
       1
       1
       0
       0
       0
       0
       1
       1
       0
       0
       0
       0
       0
       1
       0
       0
       1
       1
       1
       1
       0
       0
       1
       0
       0
       2
       0
       0
       0
       1
       0
       1
       0
       1
       0
       1
       0
       0
       2
       1
       0
       0
       0
       2
       1
       2
       0
       0
       0
       0
       2
       1
       0
       0
       0
       0
       0
       2
       2
       1
       0
       0
       1
       1
       0
       0
       0
       1
       0
       0
       0
       0
       0
       0
       0
       0
       2
       0
       1
       0
       1
       0
       0
       0
       0
       0
       0
       0
       1
       0
       1
       0
       0
       2
       0
       1
       0
       0
       0
       0
       0
       1
       0
       1
       0
       1
       0
       0
       0
       1
       2
       1
       0
       0
       0
       0
       0
       1
       1
       1
       1
       0
       0
       1
       0
       0
       0
       0
       1
       0
       1
       2
       1
       1
       0
       0
       0
       1
       0
       0
       1
       0
       0
       0
       0
       0
       1
       0
       0
       2
       2
       0
       1
       0
       0
       2
       0
       0
       1
       2
       0
       1
       0
       0
       3
       0
       0
       0
       0
       0
       1
       1
       1
       1
       0
       0
       0
       0
       1
       0
       0
       0
       1
       0
       0
       1
       1
       1
       0
       0
       0
       1
       0
       0
       0
       0
       1
       0
       0
       3
       0
       1
       0
       2
       0
       0
       0
       0
       1
       0
       0
       1
       0
       0
       0
       0
       0
       0
       0
       0
       0
       0
       2
       0
       0
       4
       1
       0
       0
       0
       1
       0
       0
       0
       0
       1
       0
       0
       0
       0
       0
       0
       1
       0
       1
       1
       0
       1
       1
       0
       1
       1
       0
       0
       2
       0
       1
       0
       0
       0
       0
       0
       0
       0
       1
       0
       0
       0
       0
       0
       0
       0
       0
       0
       0
       0
       0
       0
       0
       0
       0
       0
       0
       0
       1
       0
       0
       0
       0
       0
       0
       1
       1
       0
       0
       1
       0
       1
       1
       0
       1
       0
       0
       0
       0
       1
       0
       0
       1
       0
       0
       0
       0
       0
       0
       0
       0
       3
       0
       0
       0
       0
       0
       0
       1
       0
       0
       1
       0
       0
       0
       1
       0
       0
       0
       2
       0
       0
       2
       1
       0
       0
       0
       1
       0
       0
       0
       1
       0
       0
       1
       0
       0
       0
       0
       0
       1
       0
       0
       0
       0
       0
       1
       0
       0
       1
       0
       1
       0
       1
       0
       0
       0
       0
       1
       0
       0
       0
       0
       0
       1
       0
       2
       0
       0
       0
       1
       0
       1
       2
       1
       0
       1
       0
       0
       0
       0
       0
       2
       0
       0
       0
       0
       2
       0
       1
       0
       1
       0
       0
       0
       0
       0
       0
       0
       1
       0
       0
       0
       0
       0
       0
       0
       0
       0
       0
       0
       1
       0
       0
       1
       0
       0
       0
       1
       1
       0
       0
       0
       0
       0
       0
       0
       1
       1
       0
       0
       0
       0
       0
       0
       0
       0
       0
       0
       0
       0
       0
       0
       0
       0
       1
       0
       0
       0
       0
       0
       1
       0
       0
       0
       1
       0
       2
       0
       1
       0
       0
       0
       0
       0
       1
       1
       1
       0
       2
       0
       0
       0
       0
       0
       1
       0
       1
       0
       0
       0
       0
       0
       0
       0
       0
       0
       1
       0
       0
       1
       0
       0
       0
       0
       0
       1
       0
       0
       0
       1
       0
       0
       0
       0
       0
       0
       0
       0
       0
       0
       1
       1
       1
       0
       0
       1
       0
       0
       0
       0
       1
       0
       0
       0
       0
       1
       0
       1
       0
       1
       0
       0
       0
       0
       2
       0
       2
       1
       1
       0
       1
       3
       0
       1
       0
       0
       0
       1
       0
       2
       0
       0
       0
       0
       0
       0
       0
       0
       0
       0
       0
       0
       0
       0
       0
       0
       0
       0
       0
       0
       0
       1
       0
       0
       0
       0
       0
       0
       0
       0
       0
       0
       0
       0
       1
       1
       2
       1
       1
       0
       1
       1
       1
       1
       1
       1
       2
       0
       0
       1
       2
       2
       0
       1
       2
       1
       2
       3
       1
       1
       3
       5
       7
       8
       7
       7
      13
       6
       4
       3
       5
       2
       2
       1
       0
       2
       1
       3
       1
       1
       0
       2
       1
       1
       0
       1
       0
       0
       3
       0
       0
       1
       0
       0
       2
       2
       0
       0
       1
       0
       1
       0
       0
       0
       0
       0
       0
       0
       0
       1
       0
       0
       0
       0
       0
       0
       0
       0
       0
       0
       2
       0
       0
       0
       1
       0
       0
       0
       0
       0
       0
       0
       0
       0
       0
       0
       0
       0
       1
       1
       0
       0
       0
       0
       2
       0
       1
       0
       1
       0
       0
       0
       1
       0
       0
       0
       0
       0
       0
       1
       0
       0
       0
       1
       0
       1
       0
       0
       0
       0
       1
       0
       0
       0
       0
       0
       0
       0
       0
       0
       0
       0
       0
       0
       1
       0
       0
       1
       0
       0
       0
       0
       1
       0
       0
       0
       0
       1
       0
       1
       0
       1
       0
       0
       0
       0
       1
       0
       1
       0
       0
       1
       1
       0
       0
       0
       0
       1
       0
       0
       0
       0
       0
       0
       2
       0
       0
       0
       0
       0
       0
       0
       0
       0
       0
       1
       1
       0
       0
       0
       0
       0
       0
       0
       0
       0
       0
       1
       1
       0
       2
       2
       0
       0
       0
       0
       1
       0
       1
       0
       1
       0
       0
       0
       1
       1
       0
       0
       0
       0
       0
       0
       0
       0
       0
       0
       0
       0
       1
       0
       0
       0
       1
       0
       2
       1
       0
       0
       1
       0
       0
       0
       0
       0
       0
       0
       0
       0
       0
       2
       0
       0
       0
       0
       0
       0
       0
       0
       1
       1
       0
       0
       1
       0
       0
       1
       0
       0
       2
       0
       1
       0
       0
       0
       0
       0
       0
       0
       0
       0
       1
       0
       0
       0
       1
       0
       0
       0
       1
       0
       1
       0
       0
       0
       0
       0
       0
       0
       0
       0
       0
       0
       0
       0
       0
       1
       0
       0
       1
       0
       0
       0
       0
       0
       0
       1
       1
       1
       0
       1
       0
       0
       0
       1
       0
       0
       1
       1
       0
       1
       0
       1
       0
       0
       0
       0
       0
       0
       0
       0
       0
       0
       0
       0
       0
       0
       0
       2
       0
       0
       0
       1
       0
       0
       0
       0
       0
       0
       0
       0
       0
       0
       0
       0
       0
       0
       0
       0
       0
       0
       0
       0
       0
       0
       0
       0
       0
       0
       0
       0
       0
       0
       0
       0
       0
       0
       0
       0
       0
       0
       0
       0
       0
       0
       0
       0
       0
       0
       0
       1
       0
       0
       0
       0
       0
       0
       0
       0
       0
       0
       0
       0
       0
       0
       0
       0
       0
       0
       0
       1
       0
       0
       0
       0
       0
       0
       1
       0
       0
       0
       0
       0
       0
       1
       0
       1
       0
       0
       0
       1
       0
       0
       1
       0
       0
       0
       0
       0
       0
       1
       0
       0
       0
       0
       0
       0
       0
       0
       0
       0
       0
       0
       1
       0
       0
       0
       1
       0
       0
       0
       0
       0
       0
       0
       0
       0
       0
       0
       0
       0
       0
       0
       0
       0
       0
       1
       0
       0
       0
       0
       0
       0
       0
       0
       0
       0
       0
       0
       0
       0
       0
       0
       0
       1
       0
       0
       0
       0
       1
       1
       0
       0
       0
       0
       0
       0
       0
       0
       0
       0
       0
       0
       0
       0
       0
       0
       1
       0
       0
       0
       1
       0
       0
       0
       0
       0
       0
       1
       0
       0
       0
       1
       0
       0
       1
       1
       0
       1
       0
       0
       0
       0
       1
       0
       0
       0
       0
       1
       0
       0
       0
       0
       0
       0
       1
       0
       0
       0
       0
       0
       0
       2
       0
       0
       0
       0
       0
       1
       0
       0
       0
       0
       1
       0
       0
       1
       0
       0
       1
       0
       0
       0
       0
       0
       0
       0
       0
       1
       0
       0
       1
       0
       0
       0
       1
       0
       0
       1
       0
       0
       0
       0
       0
       1
       0
       0
       0
       0
       0
       0
       0
       0
       0
       2
       0
       0
       1
       0
       0
       0
       0
       0
       0
       0
       0
       1
       0
       0
       0
       0
       0
       0
       1
       0
       0
       1
       1
       0
       0
       0
       0
       0
       1
       0
       0
       1
       0
       0
       0
       0
       0
       0
       1
       0
       0
       0
       0
       0
       0
       0
       0
       0
       0
       2
       1
       1
       0
       0
       0
       1
       0
       2
       0
       0
       0
       0
       0
       2
       0
       0
       0
       0
       0
       1
       0
       1
       0
       1
       0
       0
       0
       1
       0
       0
       0
       0
       0
       0
       0
       0
       1
       0
       0
       0
       0
       0
       1
       0
       0
       0
       0
       0
       0
       0
       0
       0
       0
       0
       0
       0
       0
       0
       0
       0
       0
       0
       0
       1
       0
       0
       0
       1
       0
       0
       0
       0
       0
       0
       0
       0
       0
       0
       0
       1
       0
       0
       0
       0
       1
       0
       0
       0
       0
       1
       0
       1
       0
       1
       0
       0
       1
       0
       1
       0
       0
       0
       0
       0
       0
       1
       0
       0
       0
       0
       0
       0
       0
       0
       0
       0
       0
       1
       0
       0
       0
       0
       2
       1
       1
       0
       0
       0
       0
       0
       0
       0
       0
       1
       1
       0
       0
       0
       0
       1
       1
       0
       1
       0
       0
       1
       0
       0
       0
       0
       0
       0
       0
       0
       0
       0
       1
       0
       0
       1
       0
       0
       1
       0
       0
       0
       0
       2
       0
       0
       0
       1
       0
       0
       0
       0
       0
       0
       0
       0
       0
       0
       0
       1
       0
       1
       0
       0
       0
       1
       1
       0
       1
       0
       0
       0
       0
       1
       0
       0
       0
       0
       0
       0
       1
       0
       0
       0
       0
       0
       0
       0
       0
       0
       1
       0
       0
       0
       0
       0
       0
       0
       2
       1
       0
       0
       0
       0
       0
       0
       0
       0
       0
       1
       0
       0
       0
       0
       0
       0
       0
       1
       0
       0
       0
       0
       0
       1
       0
       0
       1
       0
       0
       0
       0
       0
       0
       1
       0
       0
       0
       0
       0
       0
       0
       0
       0
       1
       0
       0
       0
       0
       0
       0
       0
       1
       0
       0
       0
       0
       0
       0
       0
       0
       0
       0
       0
       0
       0
       0
       0
       0
       1
       0
       0
       0
       0
       0
       0
       0
       0
       0
       0
       0
       0
       1
       1
       0
       0
       0
       0
       0
       0
       0
       0
       0
       0
       0
       0
       0
       0
       1
       0
       0
       0
       0
       0
       0
       0
       0
       0
       0
       0
       0
       0
       0
       0
       0
       0
       0
       0
       0
       0
       0
       0
       1
       0
       1
       1
       0
       0
       0
       0
       0
       0
       0
       0
       0
       0
       0
       1
       0
       0
       0
       0
       0
       0
       1
       0
       1
       0
       0
       1
       0
       1
       2
       0
       0
       0
       1
       0
       0
       0
       0
       0
       0
       0
       0
       0
       1
       0
       0
       0
       0
       0
       0
       0
       0
       0
       0
       0
       0
       0
       0
       0
       0
       0
       0
       0
       0
       0
       0
       0
       0
       1
       0
       0
       0
       0
       1
       0
       0
       2
       2
       1
       1
       0
       0
       1
       0
       0
       0
       1
       1
       0
       0
       0
       1
       0
       0
       0
       0
       0
       0
       0
       1
       0
       0
       0
       0
       0
       0
       0
       1
       1
       1
       0
       0
       0
       0
       0
       0
       1
       0
       0
       0
       0
       0
       0
       0
       1
       0
       0
       0
       0
       0
       0
       0
       0
       0
       0
       1
       1
       0
       0
       1
       0
       2
       0
       0
       1
       0
       0
       0
       0
       0
       0
       0
       0
       1
       0
       0
       0
       0
       1
       0
       2
       0
       1
       0
       0
       0
       1
       0
       0
       0
       0
       0
       0
       1
       0
       1
       0
       0
       0
       0
       0
       1
       0
       1
       0
       0
       1
       0
       0
       0
       0
       0
       1
       0
       0
       1
       1
       0
       1
       0
       0
       0
       1
       0
       0
       0
       1
       1
       0
       1
       0
       0
       0
       0
       0
       0
       0
       0
       0
       0
       0
       1
       0
       0
       0
       0
       0
       0
       1
       1
       0
       0
       0
       0
       0
       0
       0
       0
       0
       0
       0
       0
       0
       0
       0
       0
       0
       0
       0
       1
       0
       0
       0
       0
       0
       0
       0
       0
       0
       1
       0
       0
       0
       0
       0
       0
       0
       0
       1
       0
       0
       0
       0
       0
       0
       0
       0
       0
       0
       1
       0
       0
       0
       0
       0
       0
       1
       0
       1
       0
       0
       0
       0
       0
       0
       0
       0
       1
       0
       0
       0
       0
       0
       0
       0
       1
       0
       1
       0
       0
       0
       0
       0
       0
       0
       0
       0
       0
       1
       0
       0
       0
       0
       0
       0
       1
       1
       0
       0
       0
       0
       1
       2
       0
       0
       0
       1
       0
       1
       0
       0
       0
       0
       1
       0
       0
       0
       2
       0
       0
       1
       0
       0
       0
       1
       0
       1
       0
       1
       0
       0
       0
       0
       0
       0
       0
       0
       1
       0
       0
       0
       0
       0
       0
       0
       0
       0
       1
       0
       0
       0
       1
       0
       0
       0
       0
       0
       0
       0
       0
       0
       1
       0
       0
       0
       0
       0
       0
       0
       0
       0
       0
       0
       0
       0
       0
       0
       0
       0
       1
       1
       0
       1
       0
       0
       0
       0
       0
       1
       0
       0
       0
       1
       1
       0
       1
       0
       0
       0
       0
       0
       0
       0
       0
       0
       1
       0
       0
       0
       1
       0
       0
       1
       0
       0
       0
       0
       0
       0
       1
       0
       2
       0
       0
       0
       0
       0
       0
       0
       0
       0
       0
       0
       0
       0
       1
       0
       0
       1
       0
       0
       1
       2
       0
       0
       0
       0
       0
       0
       0
       0
       0
       0
       0
       0
       0
       0
       0
       1
       0
       1
       0
       0
       0
       0
       0
       0
       0
       0
       1
       0
       1
       0
       0
       0
       1
       0
       0
       0
       0
       0
       0
       0
       0
       0
       0
       0
       0
       0
       0
       0
       0
       0
       0
       0
       1
       0
       1
       0
       1
       0
       0
       0
       0
       0
       0
       0
       0
       0
       0
       0
       0
       0
       0
       1
       1
       0
       0
       0
       0
       0
       0
       0
       0
       0
       1
       2
       0
       0
       0
       0
       1
       0
       0
       0
       0
       0
       0
       0
       0
       0
       0
       0
       1
       0
       0
       0
       0
       0
       0
       0
       0
       0
       0
       0
       0
       0
       0
       0
       0
       0
       0
       0
       1
       0
       0
       0
       0
       0
       0
       0
       0
       0
       0
       0
       0
       0
       0
       0
       0
       0
       1
       0
       0
       0
       0
       0
       0
       0
       0
       0
       0
       0
       0
       0
       0
       0
       0
       0
       0
       0
       0
       0
       0
       0
       0
       0
       0
       1
       1
       1
       0
       0
       0
       0
       0
       0
       0
       0
       0
       0
       0
       1
       0
       0
       0
       0
       0
       0
       0
       0
       0
       1
       0
       0
       0
       0
       0
       0
       0
       0
       0
       0
       0
       1
       1
       0
       1
       0
       0
       0
       0
       0
       0
       0
       0
       0
       0
       0
       0
       0
       0
       1
       0
       0
       0
       0
       0
       0
       0
       0
       0
       0
       0
       0
       0
       0
       0
       0
       0
       0
       1
       0
       0
       0
       0
       0
       1
       0
       0
       0
       0
       0
       0
       0
       0
       0
       1
       0
       0
       0
       0
       0
       0
       0
       1
       0
       0
       0
       0
       0
       0
       1
       0
       0
       0
       0
       0
       1
       0
       0
       0
       0
       0
       0
       0
       0
       0
       0
       1
       0
       0
       0
       0
       0
       0
       0
       0
       0
       0
       0
       0
       0
       0
       0
       1
       0
       0
       0
       0
       0
       1
       1
       0
       0
       0
       0
       0
       0
       0
       0
       0
       0
       0
       0
       0
       0
       0
       0
       0
       0
       0
       0
       0
       0
       0
       0
       0
       0
       0
       0
       0
       0
       0
       0
       0
       0
       0
       0
       0
       0
       0
       0
       0
       0
       0
       0
       0
       0
       0
       1
       0
       0
       0
       0
       0
       0
       0
       0
       0
       0
       0
       0
       0
       1
       0
       0
       0
       0
       0
       0
       0
       0
       0
       0
       0
       0
       0
       0
       0
       1
       0
       1
       0
       0
       0
       0
       0
       0
       0
       0
       1
       0
       2
       0
       0
       0
       1
       0
       2
       0
       0
       0
       0
       0
       0
       0
       0
       0
       0
       0
       0
       0
       0
       1
       0
       0
       0
       0
       0
       0
       0
       1
       1
       0
       1
       0
       1
       1
       0
       0
       0
       0
       0
       0
       0
       0
       0
       0
       0
       0
       1
       0
       0
       0
       0
       0
       0
       0
       0
       0
       0
       0
       0
       0
       0
       0
       0
       0
       1
       0
       0
       0
       0
       0
       0
       0
       0
       0
       0
       1
       0
       1
       0
       0
       0
       0
       0
       1
       0
       0
       0
       0
       0
       0
       0
       0
       0
       0
       0
       0
       0
       0
       0
       0
       0
       0
       0
       0
       0
       0
       0
       0
       0
       0
       0
       0
       0
       1
       0
       0
       1
       1
       0
       0
       0
       0
       1
       0
       0
       0
       0
       0
       0
       0
       0
       0
       0
       0
       0
       1
       0
       0
       0
       0
       0
       0
       0
       0
       0
       0
       0
       1
       0
       0
       0
       0
       1
       0
       0
       0
       1
       0
       0
       0
       0
       0
       0
       0
       0
       1
       0
       0
       0
       0
       0
       0
       0
       0
       0
       0
       0
       0
       0
       0
       0
       0
       0
       0
       0
       0
       0
       0
       0
       1
       0
       0
       0
       0
       0
       0
       0
       0
       0
       0
       0
       0
       0
       0
       0
       0
       0
       0
       0
       0
       0
       0
       0
       0
       0
       0
       0
       0
       0
       0
       0
       0
       0
       0
       1
       0
       0
       1
       0
       0
       0
       0
       0
       0
       0
       0
       0
       0
       0
       0
       0
       0
       0
       0
       0
       0
       1
       0
       0
       0
       0
       1
       0
       0
       0
       0
       0
       0
       1
       0
       0
       0
       0
       0
       0
       0
       1
       0
       0
       0
       0
       0
       1
       0
       1
       0
       1
       0
       0
       0
       0
       0
       0
       1
       0
       0
       0
       1
       2
       0
       0
       0
       0
       0
       0
       0
       0
       0
       1
       0
       0
       0
       0
       0
       0
       0
       0
       0
       0
       0
       0
       0
       0
       1
       0
       0
       0
       0
       1
       0
       2
       0
       0
       2
       0
       0
       0
       0
       0
       1
       0
       0
       0
       0
       0
       0
       0
       0
       0
       0
       0
       0
       0
       0
       0
       0
       0
       0
       1
       0
       0
       0
       0
       0
       1
       0
       1
       0
       0
       0
       0
       0
       0
       0
       0
       0
       0
       0
       0
       0
       0
       0
       0
       0
       0
       2
       0
       0
       0
       0
       0
       0
       0
       0
       0
       0
       1
       0
       0
       0
       0
       0
       0
       0
       0
       0
       0
       1
       0
       0
       0
       0
       1
       0
       0
       0
       0
       0
       0
       0
       0
       0
       0
       0
       0
       0
       0
       1
       0
       0
       1
       0
       0
       0
       0
       0
       0
       1
       0
       0
       0
       0
       0
       0
       0
       0
       0
       0
       0
       0
       0
       0
       0
       0
       0
       0
       0
       0
       0
       0
       0
       0
       0
       0
       0
       0
       0
       0
       0
       0
       0
       0
       0
       0
       0
       0
       0
       0
       0
       0
       0
       0
       0
       0
       0
       0
       0
       0
       0
       0
       0
       0
       0
       0
       0
       0
       1
       0
       0
       0
       0
       0
       0
       0
       0
       0
       0
       0
       0
       0
       0
       1
       0
       0
       0
       0
       0
       1
       0
       0
       0
       0
       0
       0
       0
       0
       0
       0
       0
       0
       0
       0
       0
       0
       1
       0
       0
       1
       0
       0
       0
       0
       1
       0
       0
       0
       0
       0
       0
       0
       0
       0
       0
       0
       0
       1
       0
       0
       0
       0
       0
       0
       0
       0
       0
       0
       1
       0
       0
       0
       0
       0
       0
       0
       0
       0
       1
       0
       0
       0
       0
       0
       1
       0
       0
       0
       0
       0
       0
       0
       0
       0
       1
       0
       0
       0
       0
       0
       0
       0
       0
       0
       1
       0
       0
       0
       0
       0
       0
       0
       0
       0
       0
       0
       0
       0
       0
       0
       0
       0
       0
       1
       0
       0
       0
       0
       0
       0
       0
       0
       1
       0
       0
       0
       0
       0
       0
       0
       0
       0
       0
       0
       0
       0
       1
       1
       0
       0
       0
       1
       0
       0
       0
       0
       0
       0
       0
       0
       0
       0
       0
       0
       0
       0
       0
       0
       1
       0
       1
       0
       1
       1
       0
       0
       0
       0
       0
       1
       0
       0
       0
       0
       1
       0
       0
       0
       0
       0
       0
       0
       0
       0
       0
       0
       0
       0
       0
       1
       0
       0
       0
       0
       0
       0
       0
       0
       0
       0
       0
       0
       0
       0
       0
       0
       0
       0
       0
       0
       0
       0
       0
       0
       0
       1
       1
       0
       0
       1
       0
       0
       0
       0
       0
       0
       1
       0
       0
       0
       0
       0
       0
       0
       0
       0
       0
       1
       0
       1
       0
       0
       0
       0
       0
       0
       0
       0
       0
       0
       0
       0
       0
       0
       0
       1
       0
       0
       0
       0
       0
       0
       0
       0
       0
       0
       1
       0
       0
       0
       0
       0
       0
       0
       0
       0
       0
       0
       0
       0
       0
       0
       0
       0
       0
       0
       0
       1
       1
       0
       0
       0
       0
       0
       0
       0
       0
       0
       0
       0
       0
       0
       0
       1
       0
       1
       0
       0
       0
       0
       0
       0
       0
       2
       0
       0
       0
       0
       0
       0
       0
       0
       0
       0
       0
       0
       1
       0
       0
       0
       0
       0
       0
       0
       0
       0
       0
       0
       0
       0
       1
       0
       0
       0
       0
       0
       0
       0
       0
       0
       0
       0
       0
       0
       0
       0
       0
       0
       0
       0
       1
       0
       0
       0
       1
       0
       0
       0
       0
       0
       0
       1
       0
       0
       0
       1
       0
       0
       0
       0
       0
       0
       0
       0
       0
       0
       0
       0
       0
       0
       0
       0
       0
       0
       2
       0
       1
       0
       1
       0
       0
       0
       0
       0
       0
       0
       1
       0
       1
       0
       0
       0
       0
       0
       0
       0
       0
       0
       0
       0
       0
       0
       0
       0
       0
       0
       0
       0
       0
       0
       0
       0
       1
       0
       0
       0
       0
       0
       0
       0
       0
       0
       0
       1
       0
       0
       0
       1
       0
       0
       0
       1
       0
       1
       0
       0
       0
       0
       0
       0
       0
       0
       0
       0
       0
       0
       0
       0
       0
       0
       0
       0
       0
       0
       0
       0
       0
       0
       0
       0
       0
       0
       0
       0
       0
       0
       2
       0
       0
       0
       0
       0
       0
       0
       0
       0
       0
       0
       0
       0
       0
       0
       0
       0
       0
       0
       0
       0
       0
       0
       0
       0
       0
       0
       0
       0
       0
       0
       1
       0
       0
       0
       1
       0
       0
       1
       0
       1
       0
       0
       0
       0
       0
       0
       0
       0
       0
       0
       0
       0
       0
       0
       0
       0
       0
       0
       0
       0
       0
       0
       0
       0
       0
       0
       0
       0
       0
       0
       0
       0
       0
       0
       0
       0
       0
       0
       0
       1
       0
       0
       0
       1
       0
       0
       1
       0
       0
       0
       0
       0
       0
       1
       0
       0
       0
       0
       0
       0
       0
       0
       0
       0
       0
       0
       0
       0
       0
       0
       0
       0
       0
       0
       0
       0
       0
       0
       0
       0
       1
       0
       1
       0
       0
       0
       0
       0
       0
       0
       0
       0
       0
       0
       0
       0
       0
       0
       0
       0
       0
       0
       0
       0
       0
       0
       0
       0
       0
       0
       0
       0
       0
       0
       0
       0
       1
       0
       0
       0
       0
       0
       0
       0
       0
       0
       0
       0
       0
       0
       0
       0
       1
       0
       0
       0
       0
       0
       0
       0
       0
       0
       0
       1
       0
       0
       0
       0
       0
       0
       0
       0
       0
       0
       0
       0
       0
       0
       0
       0
       0
       0
       0
       1
       0
       0
       0
       0
       0
       0
       0
       0
       1
       0
       0
       0
       0
       0
       0
       1
       0
       1
       0
       0
       0
       0
       1
       0
       0
       0
       0
       1
       0
       0
       0
       0
       0
       0
       1
       0
       0
       0
       0
       0
       0
       0
       0
       0
       0
       0
       0
       0
       0
       0
       1
       1
       0
       0
       0
       0
       0
       0
       1
       0
       0
       0
       0
       0
       0
       0
       0
       0
       1
       1
       0
       0
       0
       0
       0
       0
       0
       0
       0
       0
       0
       0
       0
       0
       0
       0
       0
       0
       1
       0
       0
       0
       0
       0
       0
       0
       0
       0
       0
       0
       0
       0
       0
       0
       0
       0
       0
       0
       1
       1
       0
       0
       0
       0
       0
       0
       0
       0
       0
       0
       0
       0
       0
       0
       0
       0
       0
       0
       1
       0
       0
       0
       0
       0
       0
       0
       0
       0
       0
       0
       0
       0
       0
       1
       0
       1
       0
       0
       0
       0
       0
       0
       0
       0
       0
       0
       0
       0
       0
       0
       0
       1
       0
       0
       0
       0
       0
       0
       0
       0
       0
       0
       0
       0
       0
       0
       0
       0
       0
       0
       0
       0
       0
       0
       0
       0
$ROI:
0
$PRESETS:
Live Time
3600
0
$ENER_FIT:
0.137869 0.366631
$MCA_CAL:
3
1.378689E-001 3.666307E-001 -4.415950E-008 keV
$SHAPE_CAL:
3
2.301834E+000 9.195991E-004 -5.357180E-008
