$SPEC_ID:
Molnar Range
$SPEC_REM:
DET# 1
DETDESC# HPGe Detector 1
AP# GammaVision Version 6.07
$DATE_MEA:
02/03/2016 08:45:49
$MEAS_TIM:
3600 3902
$DATA:
0 8191
       0
       0
       0
       0
    1743
    1957
    1035
     763
     700
     773
     791
     832
     899
     997
    1054
    1182
    1545
    1773
    1984
    2221
    2458
    2753
    2970
    3250
    3441
    3434
    3686
    3687
    3618
    3375
    3032
    2910
    2689
    2041
    1435
    1287
    1076
     905
     875
     749
     638
     621
     501
     565
     638
     702
     828
    1172
    1175
     816
     490
     484
     545
     530
     556
     575
     790
     909
     766
     653
     621
     502
     514
     506
     820
    1545
    1543
     817
     471
     503
    1294
    3317
    3892
    1946
     889
     596
     466
     361
     316
     336
     346
     309
     322
     329
     315
     328
     354
     357
     449
     815
    1488
    1349
     696
     458
     406
     459
     457
     493
     569
     581
     516
     631
     748
     728
     835
     936
     928
    1110
    1127
    1168
    1268
    1406
    1565
    1723
    1881
    1988
    2390
    3300
    4682
    4529
    3674
    3486
    3885
    4034
    4591
    4870
    5375
    6213
    7020
    8170
   10430
   12978
   16722
   19042
   23282
   29776
   27554
   20388
   17262
   16673
   16430
   16308
   16074
   15446
   15184
   14812
   15329
   15632
   16495
   17485
   18796
   20038
   20725
   21258
   22920
   24615
   26890
   28851
   31312
   43365
  213705
 1136598
 2491905
 2029391
  603857
   65730
    2837
     370
     279
     314
     294
     292
     291
     307
     336
     320
     341
     326
     306
     298
     311
     373
     359
     411
     398
     397
     367
     371
     387
     509
     644
     568
     455
     426
     448
     468
     481
     572
     614
     637
     622
     642
     672
     774
     852
     847
     727
     668
     634
     695
     600
     605
     590
     535
     609
     583
     569
     560
     559
     543
     557
     607
     560
     637
     629
     631
     619
     636
     647
     753
     736
     786
     751
     746
     747
     748
     805
     794
     841
     816
     851
     826
     874
     880
     894
     901
     899
     902
     958
     902
     953
     986
    1069
    1023
    1076
    1137
    1184
    1155
    1237
    1193
    1301
    1299
    1367
    1539
    1766
    1812
    1611
    1766
    4203
    9555
   10755
    5468
    1848
    1130
    1469
    1963
    1848
    1468
    1740
    4762
   11235
   11846
    5250
    1235
     418
     363
     357
     387
     400
     518
     529
     492
     405
     412
     417
     442
     398
     429
     502
     503
     469
     508
     481
     446
     448
     484
     462
     537
     633
     730
     831
     881
     853
     578
     478
     483
     477
     516
     531
     617
     705
     632
     638
     971
    1665
    1848
    1204
     732
     586
     532
     508
     489
     519
     641
    1205
    1799
    1509
     793
     519
     828
    2531
    5111
    4744
    1983
     500
     235
     205
     194
     232
     212
     200
     216
     208
     197
     209
     210
     206
     223
     201
     193
     186
     193
     245
     220
     197
     213
     187
     212
     200
     215
     201
     223
     256
     229
     204
     242
     207
     219
     231
     265
     231
     224
     225
     215
     222
     219
     219
     215
     216
     211
     222
     241
     231
     227
     228
     199
     251
     301
     640
    1076
    1019
     543
     263
     210
     197
     205
     204
     225
     321
     359
     286
     237
     213
     208
     210
     213
     200
     199
     223
     180
     199
     224
     177
     195
     169
     198
     219
     215
     185
     203
     206
     208
     226
     195
     223
     196
     207
     197
     199
     209
     208
     183
     217
     221
     206
     206
     208
     265
     292
     374
     256
     243
     243
     258
     214
     203
     186
     185
     171
     207
     271
     441
     593
     500
     252
     193
     189
     183
     191
     198
     176
     152
     166
     180
     175
     167
     214
     216
     189
     225
     224
     149
     157
     189
     193
     173
     162
     148
     167
     157
     143
     174
     168
     167
     158
     172
     170
     161
     154
     164
     162
     160
     164
     158
     182
     173
     189
     180
     175
     169
     160
     152
     157
     161
     164
     162
     174
     166
     193
     185
     185
     158
     224
     228
     177
     163
     168
     180
     171
     161
     163
     162
     153
     165
     149
     155
     165
     164
     153
     133
     136
     177
     176
     148
     173
     151
     140
     144
     155
     170
     152
     145
     157
     129
     169
     161
     161
     136
     159
     141
     148
     161
     134
     177
     226
     640
    1646
    2173
    1482
     489
     169
     112
     122
     103
      99
     113
      97
     110
     112
      96
     114
     102
     104
     102
      96
      98
     102
     114
      97
      94
     103
      94
      86
     112
     111
     115
     104
      99
     104
      86
     105
     117
     157
     183
     205
     138
     119
      91
      87
      88
      95
      86
      90
      84
      84
      87
      64
      89
      82
      87
      82
      87
      98
      91
     112
      93
      81
      85
      86
      86
      72
      87
      68
      81
     105
      97
      99
      99
      92
      71
      87
      70
      72
     101
      76
      88
      76
      72
      96
      74
      72
      73
      70
      86
      75
      75
      89
      75
      86
      79
      99
      95
      74
      75
      65
      89
      65
      79
      80
      78
      85
      78
      87
      74
      74
      86
      77
      77
      81
      84
      89
      98
      71
      97
      59
      78
      71
      75
      71
      91
      79
      54
      69
      75
      79
      67
      80
      84
      72
      58
      82
      84
      77
      86
      80
      80
      99
      60
      72
      83
      82
      85
      79
      81
      70
      59
      73
      77
      73
      68
      91
      92
     101
      81
      85
      61
      80
      87
     106
     142
     146
      84
      88
      79
      72
      74
      76
      64
      69
      73
      79
      70
      60
      61
      70
      66
      68
      83
      77
      72
      92
      77
      83
      78
      60
      62
      65
      60
      62
      63
      69
      81
      72
      55
      64
      56
      58
      64
      53
      60
      57
      73
      60
      69
      57
      52
      61
      69
      63
      61
      63
      71
      52
      53
      66
      73
      75
      71
      74
      63
      71
      69
      58
      78
      67
      71
      85
     100
      97
     101
      71
      84
      76
      61
      63
      65
      53
      60
      70
      49
      53
      64
      66
      51
      60
      65
      81
      80
     119
      95
      68
      67
      58
      47
      51
      67
      65
      62
      68
      57
      59
      65
      58
      70
      77
      49
      65
      63
      56
      53
      60
      41
      70
      65
      57
      43
      65
      70
     128
     285
     405
     308
     172
     111
      53
      52
      69
      43
      59
      53
      54
      49
      50
      46
      54
      35
      58
      49
      53
      69
      45
      63
      55
      53
      64
      55
      76
     136
     282
     459
     324
     190
      95
      61
      46
      49
      62
      52
      59
      49
      55
      50
      49
      56
      46
      44
      52
      47
      47
      55
      43
      62
      36
      60
     148
     301
     364
     316
     142
      66
      45
      75
     244
     709
    1168
    1090
     550
     167
      48
      38
      36
      30
      50
      33
      34
      34
      47
      61
      58
      64
      41
      42
      29
      31
      37
      31
      25
      36
      37
      31
      40
      31
      27
      40
      25
      23
      23
      33
      33
      27
      38
      23
      36
      37
      26
      45
      34
      25
      42
      40
      37
      35
      29
      32
      22
      36
      24
      37
      40
      29
      25
      25
      29
      43
      27
      27
      26
      48
      33
      38
      18
      19
      30
      20
      22
      29
      32
      27
      23
      30
      25
      50
      34
      31
      27
      36
      35
      21
      34
      24
      35
      23
      51
     174
     374
     505
     340
     178
      74
      55
      86
      98
     137
      75
      43
      28
      23
      35
      25
      22
      21
      31
      26
      27
      68
     162
     255
     299
     236
      73
      42
      25
      26
      21
      18
      19
      18
      23
      31
      17
      27
      31
      23
      20
      36
      46
      78
      83
      46
      26
      18
      25
      28
      18
      23
      27
      17
      26
      21
      21
      17
      20
      24
      28
      34
      29
      32
      21
      32
      21
      20
      27
      17
      18
      31
      24
      18
      19
      18
      30
      19
      15
      27
      25
      17
      31
      18
      28
      27
      21
      22
      17
      13
      14
      23
      20
      26
      14
      17
      27
      24
      16
      18
      24
       9
      26
      20
      23
      23
      19
      13
      24
      19
      11
      23
      21
      18
      14
      24
      20
      18
      24
      17
      24
      29
      23
      25
      11
      17
      20
      12
      20
      24
      20
      31
      45
      44
      37
      30
      31
      23
      31
      64
      78
      74
      34
      24
      20
      19
      21
      20
      29
      28
      17
      16
      16
      18
      24
      12
      27
      22
      55
      64
      68
      49
      39
      19
      17
       9
      18
      18
      23
      22
      19
      24
      20
      16
      21
      18
      17
      18
      16
      20
      22
      22
      13
      14
      18
      17
      18
      14
      26
      13
      17
      19
      19
      19
      19
      32
      31
      38
      37
      27
      32
      23
      20
      27
      33
      24
      18
      15
      18
      27
      24
      20
      23
      10
      18
      20
      17
      16
      17
      18
      17
      21
      12
      21
      20
      23
      22
      23
      20
      18
      26
      21
      23
      22
      20
      24
      28
      33
      37
      26
      18
      22
      15
      23
      17
      30
      17
      12
      22
      23
      18
      22
      23
      20
      18
      19
      19
      23
      17
      20
      17
      24
      24
      23
      25
      12
      23
      23
      29
      25
      21
      22
      27
      32
      33
      28
      24
      35
      27
      30
      37
      32
      31
      31
      29
      37
      31
      36
      31
      36
      37
      34
      44
      36
      39
      39
      48
      38
      48
      48
      45
      49
      45
      53
      50
      46
      35
      39
      40
      35
      32
      28
      23
      28
      26
      28
      31
      33
      24
      21
      23
      28
      31
      25
      22
      15
      16
      22
      14
      19
      21
      14
      21
      14
      19
      15
      19
      16
      11
       9
      12
      10
      13
      12
      15
       9
      15
      14
      10
      12
      17
      16
      11
      14
      11
      18
       9
       7
      12
      12
      16
      18
      21
      11
      12
      17
      12
      11
      10
       8
      11
       9
      16
      20
      11
      10
      18
      11
      19
      12
       7
      10
      18
      14
      22
      23
      16
      20
      24
      19
      29
      33
      17
      19
      15
      22
      16
      12
      21
      20
      17
      12
      19
      11
      10
      12
      16
       9
      12
      20
      12
      15
      18
      11
      10
      15
      13
      13
      12
      14
      15
      12
      18
      10
      12
      15
      14
      13
      13
      10
      13
      12
      13
      12
       9
      19
      14
      16
      16
      11
       7
       8
       9
      14
      11
       5
       9
      13
      14
      17
      13
      13
      12
      13
      10
      12
       7
       6
       6
      17
      12
      10
       9
      13
      10
       8
      11
       6
       8
      11
       9
       7
      10
       6
       7
      11
      12
      10
       6
       8
      13
       6
       9
       7
      10
       8
      14
       4
      11
      10
       7
      17
       5
       6
      10
       9
       6
       7
       9
      12
       8
       6
       5
       6
       8
       9
       6
      10
       9
       6
       8
       8
       5
       6
      13
       6
       8
       5
       9
      10
       7
      10
       9
       8
       4
       4
      10
       9
       9
       7
       9
       5
      11
       7
      10
       6
      10
      15
      10
       8
       5
      13
      11
       2
       9
       5
      11
      10
       4
       7
       6
       7
      10
       8
       7
       8
       9
       3
       6
       7
      12
      14
       7
       7
       4
       5
      11
       5
       9
       7
       8
      15
      13
       6
       7
       9
       2
       7
       8
       3
       8
       6
      11
       3
       3
       3
       7
       8
      11
       6
       8
       5
      10
       6
       4
       7
      12
      11
       5
       3
       4
      10
       7
       5
       7
       7
      13
      15
      10
      11
       8
       7
       2
       8
       4
       7
       6
      11
       5
      10
       8
      11
       9
       8
      11
      15
      19
      10
      19
      12
      11
       7
       5
      12
       7
       6
       6
      10
      12
       7
      11
       8
      10
      11
       6
       5
       8
       9
       7
       5
       5
       8
       6
       8
       6
       6
       7
       9
       7
       6
       8
       2
       8
      13
       4
       9
       8
       6
       5
       8
       5
       5
       5
       5
       7
       2
       2
       6
       6
       4
       7
       8
      18
      29
      60
      91
      83
      43
      28
      11
       7
       2
       5
       5
       6
       7
       2
       3
       5
       7
       3
       4
       4
       5
       8
      10
       3
       5
      10
       5
       4
       4
       4
       5
       6
       6
       5
       2
       6
       6
       1
       7
       4
       7
       5
       2
       9
      11
       5
       4
       4
       3
      10
       4
       4
       4
       3
       2
       3
       3
       6
       5
       6
       6
       6
       8
      14
      13
       8
       8
       5
       8
       4
       4
       7
       4
       4
       4
       4
       6
       6
       4
       4
      12
       3
       6
       4
       7
       4
       7
       3
       6
       2
       7
       7
       8
      38
      60
      57
      39
      20
      10
       8
       4
       2
       5
       2
       4
       5
       7
       4
       3
       5
       5
       4
       0
       5
       5
       6
       8
      33
     135
     272
     467
     547
     376
     181
      71
      18
       5
       1
       2
       5
       2
       4
       2
       5
       1
       6
       4
       1
       3
       1
       3
       1
       1
       4
       1
       1
       3
       3
       1
       4
       3
       1
       3
       3
       4
      11
       2
       3
       1
       2
       2
       5
       1
       2
       2
       1
       6
       3
       9
       7
       7
       1
       2
       4
       3
       7
       2
       2
       3
       4
       3
       3
       4
       2
       3
       2
       5
       4
       1
       5
      13
      27
      52
      41
      39
      16
       6
       2
       4
       1
       3
       5
       5
       5
       3
       8
       2
       6
       3
       3
       2
       4
       8
       6
      13
       8
       7
       3
       4
       3
       6
       1
       9
       3
       3
       0
       4
       3
       5
       1
       3
       3
       3
       4
       1
       0
       2
       5
       4
       5
       4
       3
       2
       3
       6
       6
       4
       8
      16
       7
       4
       9
       4
       3
       0
       2
       3
       3
       3
       0
       1
       1
       1
       1
       3
       3
       2
       1
       1
       1
       2
       3
       2
       7
       1
       3
       0
       6
       3
       8
      44
      99
     163
     263
     250
     149
      63
      30
       9
       5
       4
       3
       0
       3
       2
       3
       3
       3
       1
       1
       1
       3
       1
       2
       0
       2
       4
       4
       0
       2
       3
       2
       0
       1
       1
       1
       0
       4
       0
       1
       1
       1
       4
       5
       7
      15
      13
       5
       3
       2
       2
       1
       0
       1
       1
       1
       0
       0
       1
       3
       0
       0
       4
       0
       0
       1
       0
       2
       1
       2
       3
       1
       2
       1
       4
       2
       2
       0
       4
       2
       2
       0
       2
       4
       4
       0
       0
       3
       0
       2
       1
       2
       3
       1
       4
       8
       9
      10
       6
       2
       2
       2
       1
       1
       2
       4
       1
       2
       3
       0
       3
       1
       0
       2
       3
       1
       1
       5
       4
       2
       3
       1
       1
       3
       5
       6
       9
       6
       6
       2
       2
       1
       1
       6
       5
       6
       8
       6
       1
       5
       7
       2
       2
       5
       1
       0
       0
       1
       0
       0
       4
       2
       1
       1
       0
       4
       2
       2
       0
       0
       1
       0
       0
       2
       0
       3
       2
       1
       1
       2
       1
       1
       2
       0
       3
       1
       4
       0
       2
       2
       0
       3
       0
       2
       2
       0
       3
       1
       0
       4
       1
       3
       3
       1
       0
       2
       1
       1
       2
       1
       1
       1
       2
       3
       0
       0
       3
       0
       0
       3
       1
       1
       1
       1
       2
       1
       1
       2
       1
       0
       1
       0
       3
       4
       0
       1
       3
       2
       1
       0
       1
       2
       0
       1
       2
       2
       4
       1
       0
       1
       1
       2
       2
       1
       4
       1
       1
       3
       3
       4
       4
       3
       0
       3
       2
       2
       4
       0
       2
       1
       2
       0
       0
       0
       0
       0
       1
       2
       0
       1
       0
       1
       0
       0
       1
       0
       1
       0
       2
       3
       3
       1
       0
       1
       1
       2
       3
       0
       1
       1
       2
       1
       3
       1
       2
       3
       2
       2
       1
       1
       4
       0
       0
       0
       2
       3
       2
       1
       1
       2
       0
       0
       3
       0
       0
       1
       2
       2
       1
       1
       1
       2
       1
       1
       2
       3
       2
       1
       3
       2
       0
       1
       3
       3
       4
       0
       3
       1
       1
       2
       4
       1
       3
       3
       4
       3
       2
       3
       1
       0
       1
       1
       1
       2
       2
       3
       1
       5
       2
       2
       4
       1
       3
       1
       0
       2
       2
       1
       1
       1
       1
       0
       2
       0
       1
       2
       2
       2
       1
       0
       0
       2
       0
       0
       0
       3
       0
       1
       0
       1
       2
       2
       2
       2
       0
       1
       1
       0
       0
       0
       0
       1
       1
       1
       1
       1
       0
       1
       0
       0
       1
       1
       0
       0
       2
       0
       1
       0
       1
       3
       0
       1
       1
       3
       1
       0
       0
       2
       1
       1
       1
       3
       2
       1
       2
       1
       1
       0
       0
       1
       1
       0
       2
       0
       3
       2
       1
       1
       1
       0
       1
       1
       1
       0
       0
       1
       1
       2
       4
       0
       1
       0
       1
       3
       1
       1
       1
       2
       1
       2
       0
       0
       1
       2
       0
       1
       2
       0
       1
       2
       2
       1
       0
       2
       1
       3
       1
       2
       1
       1
       1
       0
       1
       1
       0
       0
       1
       0
       2
       1
       0
       1
       2
       0
       2
       2
       0
       1
       2
       2
       0
       3
       0
       0
       2
       0
       0
       1
       2
       3
       1
       3
       3
       1
       3
       2
       1
       0
       2
       1
       0
       2
       3
       0
       1
       3
       1
       0
       1
       1
       3
       0
       0
       0
       2
       4
       1
       0
       0
       0
       2
       1
       2
       2
       1
       4
       1
       1
       1
       1
       0
       1
       1
       1
       1
       3
       1
       0
       1
       1
       0
       1
       0
       0
       0
       1
       3
       1
       2
       1
       0
       2
       1
       4
       1
       0
       2
       0
       0
       2
       3
       1
       0
       0
       0
       0
       0
       0
       1
       0
       0
       0
       0
       0
       0
       3
       2
       0
       0
       2
       0
       1
       1
       2
       1
       0
       0
       0
       0
       3
       0
       0
       0
       1
       0
       0
       1
       1
       0
       0
       0
       0
       0
       1
       1
       0
       0
       1
       1
       0
       4
       3
       2
       1
       2
       0
       0
       0
       0
       1
       1
       0
       0
       0
       0
       0
       3
       2
       0
       2
       1
       0
       1
       2
       1
       1
       1
       0
       0
       0
       2
       1
       1
       2
       0
       3
       2
       1
       2
       1
       1
       1
       0
       1
       1
       0
       0
       2
       0
       1
       0
       1
       2
       2
       2
       1
       3
       2
       0
       2
       1
       1
       1
       2
       2
       2
       0
       0
       0
       1
       3
       1
       0
       0
       2
       1
       1
       0
       1
       1
       0
       0
       0
       2
       0
       0
       1
       1
       1
       1
       0
       1
       0
       0
       1
       2
       0
       4
       1
       1
       1
       0
       0
       0
       1
       2
       1
       1
       0
       1
       0
       1
       1
       1
       0
       0
       2
       0
       0
       1
       0
       0
       1
       0
       0
       1
       2
       0
       2
       3
       3
       1
       2
       1
       0
       2
       2
       1
       3
       0
       0
       1
       1
       0
       0
       0
       1
       0
       0
       1
       2
       1
       3
       1
       2
       0
       0
       1
       1
       0
       1
       1
       4
       1
       2
       2
       2
       0
       2
       0
       0
       2
       1
       1
       2
       0
       0
       1
       1
       0
       0
       0
       0
       0
       0
       0
       2
       1
       1
       0
       0
       0
       1
       2
       0
       0
       1
       1
       0
       1
       0
       2
       0
       0
       1
       0
       0
       0
       1
       0
       1
       0
       2
       1
       1
       0
       2
       1
       1
       1
       1
       0
       0
       1
       0
       0
       1
       1
       0
       1
       1
       1
       1
       1
       0
       2
       0
       1
       2
       0
       3
       1
       0
       2
       0
       1
       0
       0
       2
       0
       1
       0
       1
       0
       1
       1
       1
       0
       0
       0
       0
       1
       0
       1
       1
       3
       1
       1
       0
       1
       1
       0
       2
       0
       4
       0
       0
       1
       0
       1
       2
       0
       0
       1
       0
       1
       0
       0
       0
       2
       0
       1
       0
       2
       0
       1
       0
       2
       2
       0
       1
       0
       1
       0
       1
       1
       0
       0
       0
       1
       1
       1
       2
       0
       0
       2
       0
       0
       0
       0
       2
       2
       1
       1
       0
       0
       0
       0
       1
       1
       1
       0
       0
       2
       0
       1
       0
       0
       0
       0
       0
       0
       0
       0
       1
       1
       1
       1
       1
       2
       2
       0
       0
       0
       2
       1
       2
       1
       0
       0
       0
       0
       0
       0
       1
       2
       0
       0
       0
       0
       1
       0
       0
       0
       0
       1
       0
       1
       0
       0
       1
       1
       2
       2
       0
       1
       0
       1
       2
       0
       0
       0
       0
       0
       0
       0
       1
       0
       0
       2
       1
       0
       0
       0
       0
       1
       2
       0
       1
       1
       0
       1
       0
       1
       1
       0
       2
       1
       1
       0
       1
       0
       1
       2
       1
       1
       1
       1
       0
       0
       0
       1
       1
       0
       0
       0
       1
       2
       0
       0
       1
       0
       0
       0
       0
       1
       0
       1
       2
       1
       0
       1
       1
       1
       1
       2
       0
       0
       2
       2
       4
       3
       0
       1
       3
       1
       1
       0
       0
       3
       2
       1
       5
       2
       5
       2
       2
       3
       3
       1
       4
       2
       3
       1
       2
       2
       1
       1
       5
       1
       0
       2
       1
       4
       0
       3
       0
       0
       0
       0
       0
       3
       2
       1
       1
       1
       0
       0
       0
       1
       1
       0
       0
       2
       0
       1
       1
       0
       1
       1
       0
       1
       1
       2
       1
       1
       0
       0
       0
       1
       0
       0
       0
       2
       0
       1
       0
       2
       2
       0
       1
       1
       0
       0
       1
       0
       1
       1
       0
       1
       0
       1
       1
       2
       1
       1
       0
       1
       0
       0
       1
       0
       0
       0
       0
       0
       0
       3
       0
       0
       1
       1
       1
       0
       2
       0
       0
       1
       0
       1
       0
       1
       1
       0
       0
       3
       1
       1
       1
       0
       3
       1
       1
       1
       1
       1
       1
       1
       1
       0
       0
       0
       0
       0
       0
       1
       1
       1
       0
       2
       0
       0
       0
       0
       1
       0
       1
       1
       2
       0
       1
       3
       1
       0
       0
       1
       0
       0
       1
       1
       0
       0
       1
       0
       0
       0
       0
       1
       0
       3
       0
       1
       0
       0
       0
       1
       0
       2
       0
       2
       1
       1
       1
       1
       1
       1
       2
       2
       0
       1
       1
       1
       0
       0
       0
       0
       0
       0
       0
       0
       1
       1
       1
       1
       0
       0
       1
       1
       0
       0
       1
       0
       0
       0
       1
       1
       2
       0
       1
       2
       0
       0
       1
       1
       0
       0
       0
       0
       1
       1
       0
       0
       2
       0
       0
       0
       1
       0
       0
       0
       0
       0
       1
       0
       1
       0
       0
       0
       3
       1
       1
       0
       1
       1
       1
       1
       0
       0
       0
       1
       1
       0
       0
       0
       0
       0
       3
       0
       0
       0
       1
       0
       0
       2
       1
       1
       2
       1
       1
       0
       0
       3
       0
       0
       0
       0
       1
       1
       1
       0
       2
       1
       1
       2
       1
       2
       2
       1
       0
       1
       1
       1
       0
       1
       0
       0
       0
       0
       0
       0
       0
       0
       1
       0
       0
       1
       2
       0
       1
       0
       1
       0
       0
       0
       0
       1
       2
       0
       1
       1
       1
       0
       0
       0
       1
       0
       0
       0
       0
       1
       0
       0
       3
       1
       0
       0
       0
       0
       0
       0
       1
       1
       1
       0
       0
       1
       2
       1
       1
       1
       1
       1
       1
       1
       0
       0
       0
       0
       0
       2
       0
       1
       5
       0
       0
       0
       0
       2
       0
       2
       2
       0
       1
       0
       1
       2
       0
       0
       0
       0
       1
       0
       1
       1
       0
       0
       1
       1
       1
       0
       1
       2
       1
       1
       0
       0
       0
       1
       1
       1
       0
       2
       1
       0
       1
       1
       0
       0
       1
       0
       0
       0
       1
       1
       2
       2
       0
       1
       1
       0
       4
       1
       0
       1
       2
       1
       0
       0
       1
       1
       1
       0
       0
       1
       0
       1
       2
       1
       0
       0
       1
       1
       0
       1
       0
       1
       3
       2
       0
       1
       1
       0
       1
       0
       2
       1
       2
       0
       0
       0
       0
       2
       1
       1
       1
       2
       1
       2
       0
       2
       1
       0
       0
       1
       0
       0
       0
       0
       1
       0
       0
       1
       1
       2
       0
       1
       0
       0
       0
       2
       0
       2
       0
       0
       0
       2
       0
       1
       2
       0
       0
       1
       1
       0
       0
       1
       0
       1
       0
       1
       0
       0
       0
       0
       2
       5
       2
       1
       0
       0
       0
       0
       0
       0
       1
       1
       0
       0
       0
       1
       0
       1
       0
       0
       0
       0
       1
       0
       0
       1
       0
       1
       1
       0
       1
       0
       1
       2
       0
       0
       1
       1
       1
       0
       1
       1
       0
       0
       1
       1
       0
       1
       1
       0
       1
       0
       0
       0
       1
       0
       0
       1
       1
       2
       0
       0
       0
       1
       1
       1
       0
       1
       1
       0
       0
       1
       2
       0
       2
       0
       1
       0
       0
       0
       0
       0
       0
       1
       0
       0
       1
       1
       0
       0
       1
       1
       1
       1
       0
       1
       0
       0
       0
       0
       0
       2
       0
       0
       1
       1
       2
       0
       0
       1
       3
       0
       0
       2
       0
       0
       1
       1
       0
       1
       0
       1
       0
       0
       0
       1
       0
       0
       0
       0
       2
       1
       0
       1
       1
       0
       0
       1
       2
       0
       1
       1
       0
       1
       2
       0
       1
       0
       0
       0
       1
       1
       0
       0
       0
       0
       1
       0
       0
       0
       1
       1
       0
       0
       0
       0
       0
       1
       0
       1
       1
       0
       0
       0
       1
       0
       0
       0
       2
       0
       1
       0
       0
       0
       0
       0
       0
       2
       1
       1
       1
       1
       2
       0
       0
       0
       1
       1
       1
       0
       0
       1
       1
       0
       0
       1
       0
       0
       0
       0
       1
       0
       0
       1
       0
       0
       0
       2
       1
       2
       0
       1
       0
       0
       0
       1
       0
       1
       0
       3
       0
       2
       0
       1
       1
       1
       0
       0
       0
       0
       0
       1
       1
       0
       0
       1
       0
       0
       2
       1
       0
       0
       1
       0
       0
       0
       0
       1
       0
       0
       0
       1
       0
       1
       1
       1
       0
       0
       0
       1
       2
       0
       0
       0
       0
       0
       1
       0
       1
       0
       0
       0
       1
       0
       0
       1
       0
       1
       0
       0
       0
       1
       1
       0
       0
       0
       0
       1
       1
       0
       1
       1
       0
       0
       1
       1
       0
       2
       0
       1
       0
       0
       0
       0
       0
       0
       1
       2
       0
       0
       0
       0
       0
       0
       1
       1
       1
       0
       2
       1
       0
       0
       0
       0
       0
       1
       1
       0
       0
       1
       0
       1
       1
       1
       0
       2
       0
       0
       0
       0
       1
       0
       1
       0
       0
       1
       0
       0
       0
       1
       0
       3
       0
       0
       0
       0
       1
       1
       0
       0
       1
       0
       1
       1
       0
       1
       0
       1
       0
       0
       0
       1
       0
       1
       1
       3
       2
       1
       1
       0
       3
       1
       0
       0
       0
       1
       1
       0
       2
       1
       0
       0
       0
       1
       0
       1
       0
       0
       0
       1
       2
       0
       0
       1
       0
       1
       0
       0
       0
       0
       0
       1
       0
       1
       0
       0
       1
       0
       0
       0
       1
       1
       0
       0
       0
       0
       1
       0
       1
       0
       0
       1
       2
       0
       0
       0
       2
       0
       1
       1
       1
       1
       0
       0
       0
       0
       0
       0
       0
       0
       0
       1
       0
       0
       0
       1
       1
       2
       0
       1
       0
       1
       1
       0
       0
       2
       0
       0
       0
       1
       0
       1
       1
       1
       0
       0
       1
       1
       0
       0
       0
       0
       0
       1
       0
       0
       0
       1
       1
       0
       1
       1
       1
       0
       0
       0
       0
       0
       0
       0
       0
       0
       1
       1
       0
       2
       1
       2
       1
       0
       1
       0
       1
       1
       0
       0
       2
       0
       0
       2
       0
       0
       1
       2
       0
       0
       0
       1
       1
       0
       0
       0
       0
       0
       0
       0
       3
       0
       0
       2
       0
       0
       0
       0
       1
       0
       0
       0
       0
       1
       0
       2
       1
       0
       1
       0
       0
       0
       0
       1
       1
       0
       0
       0
       2
       0
       1
       3
       1
       3
       1
       0
       0
       0
       2
       1
       0
       3
       1
       1
       0
       0
       0
       0
       1
       1
       0
       0
       1
       1
       0
       1
       0
       1
       3
       1
       2
       2
       1
       0
       1
       2
       0
       1
       0
       1
       1
       1
       0
       3
       0
       0
       0
       0
       1
       1
       0
       1
       1
       0
       0
       0
       0
       2
       1
       1
       0
       1
       1
       0
       1
       1
       0
       3
       0
       0
       0
       0
       0
       0
       2
       0
       2
       0
       0
       0
       1
       0
       0
       1
       0
       1
       0
       0
       2
       0
       1
       0
       0
       0
       0
       1
       0
       0
       1
       0
       1
       1
       2
       1
       0
       0
       0
       1
       0
       0
       1
       0
       0
       0
       0
       0
       0
       0
       1
       1
       0
       1
       0
       0
       0
       0
       1
       1
       0
       0
       1
       0
       0
       0
       0
       1
       1
       0
       0
       0
       0
       0
       1
       1
       0
       0
       0
       0
       0
       2
       0
       0
       2
       0
       0
       1
       3
       2
       2
       0
       1
       0
       1
       0
       0
       0
       0
       1
       0
       1
       1
       3
       0
       1
       1
       1
       1
       0
       0
       1
       0
       0
       0
       0
       0
       0
       0
       2
       0
       1
       3
       0
       1
       0
       0
       0
       0
       2
       0
       0
       2
       0
       0
       0
       1
       0
       1
       0
       2
       0
       0
       0
       0
       0
       0
       0
       1
       2
       0
       1
       1
       0
       0
       1
       0
       0
       1
       0
       0
       0
       0
       0
       0
       0
       0
       0
       1
       1
       1
       0
       0
       0
       0
       0
       1
       0
       1
       3
       2
       0
       0
       1
       1
       0
       0
       0
       0
       2
       0
       0
       0
       0
       2
       0
       0
       0
       1
       0
       0
       0
       0
       1
       1
       0
       0
       1
       0
       1
       0
       1
       0
       0
       1
       0
       0
       2
       0
       1
       0
       3
       0
       0
       0
       1
       1
       1
       1
       1
       2
       0
       0
       0
       0
       1
       0
       0
       1
       0
       0
       0
       0
       1
       0
       2
       0
       2
       3
       0
       0
       1
       1
       1
       2
       1
       0
       0
       1
       0
       0
       0
       0
       0
       0
       0
       0
       0
       1
       0
       0
       0
       0
       1
       0
       1
       2
       0
       0
       1
       0
       1
       0
       1
       0
       0
       0
       0
       1
       1
       1
       0
       0
       0
       0
       0
       0
       1
       0
       0
       1
       0
       1
       0
       0
       1
       0
       0
       0
       0
       0
       0
       0
       0
       0
       0
       2
       1
       0
       1
       1
       1
       0
       1
       0
       1
       0
       2
       0
       0
       0
       0
       0
       0
       0
       0
       1
       0
       0
       1
       1
       0
       0
       0
       0
       0
       1
       0
       1
       1
       1
       0
       0
       0
       0
       0
       0
       0
       0
       0
       0
       0
       1
       0
       0
       0
       0
       0
       0
       0
       1
       1
       0
       0
       0
       0
       0
       0
       0
       0
       1
       0
       0
       0
       0
       0
       0
       1
       1
       2
       1
       1
       1
       1
       0
       0
       0
       1
       0
       1
       1
       1
       0
       0
       1
       0
       1
       1
       1
       0
       0
       1
       1
       1
       0
       0
       0
       0
       1
       1
       0
       0
       0
       1
       1
       0
       0
       0
       0
       1
       0
       0
       0
       0
       0
       0
       1
       1
       0
       0
       0
       0
       1
       0
       1
       0
       0
       1
       0
       1
       0
       0
       0
       1
       0
       2
       0
       0
       0
       0
       0
       0
       0
       1
       0
       0
       0
       0
       1
       0
       0
       0
       0
       1
       0
       0
       0
       1
       0
       0
       1
       0
       0
       0
       0
       0
       0
       0
       0
       0
       0
       0
       1
       0
       0
       0
       1
       1
       0
       0
       0
       0
       1
       0
       0
       0
       0
       0
       0
       1
       1
       0
       0
       1
       0
       0
       2
       0
       0
       1
       1
       0
       0
       0
       0
       0
       0
       0
       0
       1
       0
       0
       0
       1
       0
       0
       0
       0
       0
       0
       0
       0
       0
       0
       1
       2
       1
       1
       0
       0
       1
       0
       0
       1
       0
       1
       0
       1
       0
       0
       0
       0
       0
       0
       2
       0
       1
       0
       1
       0
       0
       0
       1
       1
       0
       0
       1
       0
       0
       1
       0
       0
       1
       0
       0
       0
       1
       0
       0
       0
       1
       0
       0
       0
       0
       0
       0
       0
       1
       0
       1
       1
       0
       0
       2
       0
       0
       0
       0
       0
       0
       0
       1
       1
       0
       1
       0
       0
       1
       0
       0
       0
       0
       0
       0
       0
       0
       1
       0
       2
       1
       0
       0
       0
       0
       0
       0
       1
       0
       0
       0
       0
       1
       1
       0
       0
       0
       0
       1
       0
       0
       0
       0
       0
       0
       0
       0
       0
       0
       0
       0
       2
       0
       2
       0
       0
       1
       0
       0
       0
       0
       1
       0
       6
       2
       1
       2
       1
       1
       1
       0
       0
       1
       2
       4
       4
       1
       4
       6
       7
      10
       6
       8
       7
       8
       4
       4
       5
       2
       4
       3
       3
       2
       1
       0
       1
       0
       1
       2
       3
       1
       1
       1
       0
       1
       0
       0
       2
       1
       1
       1
       0
       1
       0
       0
       0
       1
       0
       0
       0
       2
       0
       0
       0
       0
       0
       0
       0
       0
       0
       0
       0
       0
       0
       0
       0
       0
       0
       0
       0
       0
       0
       0
       0
       1
       0
       2
       0
       0
       0
       0
       2
       2
       0
       0
       0
       0
       1
       0
       0
       0
       0
       0
       0
       0
       0
       0
       0
       0
       0
       0
       0
       1
       0
       0
       0
       1
       0
       0
       1
       0
       0
       0
       0
       0
       1
       1
       0
       0
       0
       1
       0
       0
       0
       0
       0
       0
       0
       0
       0
       0
       0
       0
       0
       0
       0
       0
       0
       0
       0
       0
       0
       0
       0
       0
       0
       0
       0
       0
       0
       0
       0
       0
       0
       0
       0
       0
       0
       0
       0
       0
       1
       0
       0
       0
       0
       0
       0
       1
       0
       0
       0
       0
       0
       0
       0
       1
       0
       0
       0
       0
       1
       0
       0
       1
       0
       0
       0
       0
       0
       0
       0
       0
       0
       1
       0
       0
       0
       0
       0
       0
       2
       0
       0
       1
       0
       0
       0
       0
       0
       0
       0
       0
       0
       0
       0
       0
       0
       0
       0
       1
       0
       0
       2
       0
       0
       0
       0
       0
       0
       1
       1
       0
       1
       0
       0
       0
       1
       0
       0
       0
       0
       0
       0
       1
       1
       0
       0
       0
       0
       0
       0
       1
       0
       0
       0
       1
       0
       0
       2
       0
       0
       0
       0
       0
       0
       1
       0
       0
       0
       0
       0
       1
       0
       1
       0
       0
       0
       2
       0
       1
       0
       0
       0
       0
       0
       1
       0
       0
       0
       0
       0
       0
       0
       1
       1
       0
       0
       0
       0
       0
       0
       0
       0
       0
       0
       0
       0
       0
       0
       0
       1
       2
       1
       0
       0
       0
       1
       0
       0
       0
       0
       0
       0
       0
       0
       0
       0
       0
       0
       0
       1
       0
       0
       0
       1
       0
       0
       0
       0
       1
       0
       0
       0
       0
       0
       0
       0
       0
       0
       1
       0
       1
       0
       1
       0
       0
       0
       1
       0
       0
       0
       0
       1
       1
       0
       0
       0
       0
       0
       1
       0
       0
       2
       1
       1
       0
       0
       0
       1
       0
       0
       1
       0
       0
       0
       0
       1
       0
       0
       0
       1
       0
       0
       0
       0
       0
       0
       1
       0
       1
       0
       0
       0
       1
       0
       0
       1
       0
       0
       0
       0
       0
       0
       0
       0
       0
       0
       0
       0
       0
       0
       0
       0
       0
       0
       0
       0
       0
       0
       0
       0
       0
       0
       0
       0
       1
       1
       0
       0
       0
       2
       0
       0
       0
       0
       0
       0
       1
       0
       0
       1
       0
       0
       0
       1
       0
       0
       0
       1
       0
       0
       0
       0
       0
       0
       0
       0
       0
       0
       1
       0
       1
       0
       0
       1
       0
       0
       0
       0
       0
       0
       0
       0
       0
       0
       0
       1
       0
       0
       0
       0
       0
       0
       0
       0
       0
       0
       0
       1
       0
       0
       0
       0
       0
       0
       0
       0
       0
       0
       0
       0
       0
       0
       1
       0
       0
       0
       0
       2
       0
       0
       2
       0
       0
       0
       1
       0
       0
       0
       0
       0
       0
       1
       0
       0
       1
       0
       0
       0
       0
       1
       0
       1
       0
       0
       0
       0
       1
       0
       0
       0
       0
       0
       0
       0
       0
       0
       0
       0
       0
       0
       0
       0
       0
       0
       0
       0
       0
       0
       0
       2
       0
       0
       0
       0
       1
       0
       1
       1
       0
       1
       0
       0
       0
       0
       1
       0
       0
       0
       0
       0
       0
       0
       0
       1
       0
       0
       0
       0
       0
       0
       1
       1
       0
       0
       0
       0
       0
       0
       0
       0
       0
       0
       0
       0
       0
       0
       0
       0
       0
       0
       0
       0
       0
       0
       0
       0
       0
       0
       0
       0
       0
       0
       1
       0
       0
       0
       0
       0
       0
       0
       0
       0
       0
       0
       0
       1
       0
       1
       0
       0
       0
       0
       0
       0
       1
       0
       0
       0
       0
       0
       0
       0
       0
       0
       0
       1
       0
       0
       0
       0
       0
       0
       0
       0
       2
       0
       1
       1
       0
       0
       0
       1
       0
       1
       0
       1
       0
       0
       0
       0
       0
       0
       1
       0
       0
       0
       0
       0
       0
       0
       0
       0
       0
       0
       0
       1
       0
       0
       0
       0
       0
       0
       1
       0
       0
       0
       1
       0
       0
       0
       0
       0
       0
       0
       1
       0
       0
       1
       0
       0
       0
       0
       0
       0
       0
       1
       0
       0
       0
       0
       0
       0
       1
       1
       0
       0
       0
       0
       0
       0
       0
       0
       0
       0
       0
       0
       0
       1
       0
       0
       0
       0
       1
       0
       0
       0
       0
       0
       0
       0
       0
       2
       0
       0
       0
       1
       0
       0
       0
       0
       0
       0
       0
       1
       0
       0
       0
       0
       0
       0
       0
       1
       0
       0
       0
       0
       0
       0
       0
       1
       1
       0
       0
       0
       1
       0
       1
       0
       1
       0
       0
       0
       0
       0
       1
       0
       0
       0
       0
       0
       1
       0
       0
       1
       0
       0
       0
       0
       0
       0
       0
       0
       1
       1
       1
       1
       0
       0
       0
       0
       0
       0
       1
       0
       0
       0
       0
       1
       0
       0
       0
       0
       1
       0
       0
       0
       0
       0
       0
       0
       0
       0
       0
       0
       0
       0
       0
       0
       0
       0
       1
       0
       0
       0
       0
       2
       0
       1
       0
       0
       1
       0
       0
       0
       0
       0
       0
       0
       0
       0
       0
       0
       1
       2
       1
       1
       1
       0
       0
       1
       0
       0
       0
       0
       0
       0
       0
       0
       0
       0
       0
       0
       0
       0
       1
       0
       0
       0
       1
       1
       0
       0
       0
       0
       1
       0
       1
       1
       1
       0
       0
       0
       0
       0
       0
       0
       0
       0
       0
       1
       0
       0
       0
       0
       1
       0
       0
       0
       0
       1
       0
       0
       1
       0
       0
       0
       0
       0
       0
       1
       0
       2
       0
       0
       0
       0
       0
       1
       0
       0
       0
       0
       0
       0
       0
       0
       0
       0
       1
       0
       0
       0
       0
       1
       0
       0
       0
       0
       0
       0
       0
       0
       1
       0
       0
       0
       0
       1
       0
       0
       0
       1
       0
       0
       0
       0
       0
       0
       0
       0
       0
       0
       0
       0
       0
       0
       0
       0
       0
       0
       0
       0
       0
       0
       0
       0
       0
       0
       2
       0
       0
       0
       0
       0
       0
       0
       0
       0
       0
       1
       0
       0
       0
       0
       0
       0
       0
       0
       0
       0
       0
       0
       0
       0
       0
       1
       0
       0
       0
       0
       0
       0
       0
       0
       1
       0
       0
       0
       0
       0
       0
       0
       1
       0
       0
       0
       0
       0
       0
       1
       0
       0
       0
       0
       0
       0
       0
       1
       1
       3
       2
       0
       0
       0
       0
       0
       0
       0
       0
       0
       0
       0
       0
       0
       0
       0
       0
       0
       0
       0
       0
       0
       0
       0
       0
       0
       0
       0
       0
       0
       0
       0
       0
       0
       0
       1
       0
       0
       0
       0
       0
       0
       1
       0
       1
       0
       0
       1
       1
       1
       0
       0
       0
       0
       0
       0
       0
       0
       0
       0
       0
       0
       0
       0
       0
       1
       0
       0
       1
       0
       0
       2
       0
       0
       1
       1
       0
       0
       0
       0
       0
       0
       0
       0
       1
       0
       0
       0
       0
       1
       2
       0
       0
       0
       0
       0
       0
       0
       0
       0
       0
       0
       0
       0
       0
       0
       0
       0
       0
       0
       0
       1
       0
       0
       0
       1
       0
       0
       0
       0
       0
       0
       0
       1
       1
       0
       0
       0
       0
       0
       0
       1
       0
       1
       0
       0
       2
       0
       0
       0
       0
       0
       0
       0
       0
       0
       0
       0
       0
       0
       1
       1
       0
       1
       1
       0
       0
       0
       0
       0
       0
       0
       0
       0
       1
       0
       0
       1
       1
       0
       0
       0
       1
       0
       0
       0
       0
       0
       0
       0
       0
       0
       0
       0
       0
       0
       0
       1
       0
       0
       0
       0
       0
       1
       0
       0
       0
       0
       0
       0
       0
       0
       0
       0
       0
       0
       0
       0
       0
       0
       0
       0
       1
       0
       0
       0
       0
       1
       0
       0
       0
       0
       0
       0
       0
       0
       0
       1
       1
       0
       0
       0
       0
       1
       0
       0
       0
       0
       0
       0
       0
       0
       0
       0
       0
       0
       0
       0
       0
       0
       0
       0
       0
       0
       1
       0
       0
       1
       0
       0
       0
       0
       0
       0
       0
       1
       0
       1
       0
       0
       0
       1
       0
       0
       1
       0
       0
       2
       0
       0
       0
       0
       0
       0
       0
       0
       0
       0
       0
       1
       0
       0
       0
       0
       0
       0
       2
       0
       0
       0
       0
       0
       0
       0
       0
       1
       0
       0
       0
       0
       0
       0
       0
       0
       3
       0
       0
       0
       0
       0
       1
       0
       0
       1
       0
       0
       0
       0
       0
       0
       0
       0
       1
       0
       0
       0
       0
       0
       1
       0
       0
       0
       0
       0
       0
       0
       1
       0
       0
       0
       0
       1
       0
       1
       0
       0
       1
       0
       0
       1
       0
       1
       0
       0
       0
       0
       0
       0
       0
       0
       0
       0
       1
       0
       0
       0
       0
       0
       0
       0
       0
       0
       0
       0
       0
       0
       0
       1
       0
       0
       1
       0
       0
       0
       0
       0
       0
       1
       0
       0
       0
       0
       0
       0
       0
       0
       0
       1
       0
       0
       0
       0
       0
       1
       0
       0
       0
       1
       0
       0
       0
       1
       0
       0
       0
       0
       1
       0
       0
       0
       0
       0
       0
       0
       0
       0
       0
       2
       1
       0
       1
       0
       0
       0
       0
       0
       0
       0
       0
       0
       0
       1
       0
       0
       0
       0
       1
       0
       0
       0
       0
       0
       0
       0
       0
       0
       0
       1
       0
       0
       0
       0
       1
       0
       0
       0
       0
       0
       1
       0
       1
       0
       0
       0
       0
       0
       0
       1
       0
       0
       0
       0
       0
       0
       1
       0
       0
       0
       0
       1
       0
       0
       0
       0
       0
       0
       0
       0
       0
       0
       0
       0
       0
       0
       0
       0
       1
       0
       0
       0
       0
       0
       1
       0
       0
       0
       1
       0
       0
       0
       0
       1
       0
       0
       0
       0
       0
       0
       0
       0
       1
       0
       1
       0
       0
       0
       0
       1
       0
       0
       0
       0
       0
       0
       0
       0
       0
       1
       0
       0
       0
       0
       0
       0
       0
       1
       0
       0
       0
       0
       0
       0
       0
       0
       0
       0
       0
       0
       0
       0
       0
       0
       1
       0
       0
       0
       0
       0
       1
       0
       0
       0
       0
       0
       0
       0
       0
       0
       1
       0
       0
       0
       0
       1
       0
       1
       0
       0
       0
       0
       0
       0
       0
       0
       0
       1
       0
       0
       0
       0
       0
       0
       0
       0
       0
       0
       0
       0
       0
       0
       0
       0
       1
       1
       0
       0
       0
       0
       0
       0
       1
       0
       0
       0
       0
       0
       0
       0
       0
       0
       0
       0
       0
       0
       1
       0
       0
       1
       0
       0
       1
       1
       0
       0
       0
       1
       0
       0
       0
       0
       1
       0
       1
       0
       1
       0
       0
       0
       0
       0
       0
       0
       0
       0
       0
       0
       0
       0
       0
       0
       0
       0
       1
       0
       0
       0
       1
       0
       0
       0
       1
       0
       0
       1
       0
       0
       0
       0
       0
       0
       0
       0
       0
       0
       0
       0
       0
       0
       0
       0
       0
       0
       0
       0
       0
       0
       0
       0
       0
       0
       0
       0
       0
       0
       0
       0
       0
       0
       0
       0
       0
       0
       1
       0
       0
       0
       0
       0
       0
       0
       0
       0
       0
       0
       0
       1
       0
       1
       0
       0
       0
       0
       0
       0
       1
       0
       0
       0
       0
       0
       0
       0
       0
       0
       0
       0
       0
       0
       0
       0
       0
       0
       0
       0
       0
       0
       0
       0
       0
       0
       0
       1
       0
       0
       0
       1
       0
       1
       0
       0
       0
       0
       0
       0
       0
       0
       0
       1
       1
       0
       0
       1
       0
       0
       1
       1
       0
       0
       0
       0
       0
       1
       0
       0
       0
       0
       0
       0
       1
       0
       0
       1
       0
       1
       1
       1
       0
       1
       0
       0
       0
       1
       1
       1
       0
       0
       0
       0
       0
       0
       1
       1
       0
       0
       0
       0
       0
       0
       3
       1
       0
       0
       0
       0
       1
       0
       0
       0
       0
       1
       0
       0
       0
       1
       0
       1
       1
       0
       0
       1
       0
       0
       0
       0
       0
       0
       0
       0
       0
       0
       0
       0
       0
       0
       0
       0
       0
       0
       0
       0
       0
       0
       0
       0
       0
       0
       0
       0
       1
       0
       0
       0
       0
       0
       0
       0
       0
       0
       0
       0
       0
       1
       2
       0
       0
       0
       0
       1
       0
       0
       0
       0
       0
       0
       0
       1
       0
       0
       0
       0
       0
       0
       0
       0
       0
       0
       0
       0
       0
       0
       0
       0
       1
       1
       0
       0
       0
       1
       0
       0
       0
       0
       0
       0
       0
       0
       0
       0
       1
       0
       0
       0
       0
       0
       0
       0
       0
       0
       0
       0
       0
       0
       2
       0
       0
       0
       0
       0
       1
       0
       0
       0
       0
       0
       0
       0
       0
       0
       0
       0
       0
       0
       0
       0
       0
       0
       0
       0
       0
       0
       0
       0
       0
       0
       0
       0
       0
       0
       0
       0
       0
       0
       0
       0
       0
       0
       1
       0
       0
       0
       0
       0
       0
       0
       0
       0
       0
       0
       0
       0
       0
       1
       0
       0
       0
       0
       0
       0
       0
       0
       0
       0
       0
       0
       0
       0
       0
       0
       0
       0
       0
       0
       0
       0
       0
       0
       0
       0
       1
       0
       1
       0
       0
       0
       0
       0
       0
       0
       0
       0
       0
       0
       0
       0
       0
       0
       0
       0
       0
       0
       0
       0
       0
       0
       0
       0
       0
       0
       0
       1
       0
       0
       0
       0
       0
       0
       1
       0
       0
       0
       1
       0
       0
       0
       1
       0
       1
       0
       0
       1
       0
       1
       0
       0
       0
       0
       1
       0
       0
       0
       0
       0
       0
       1
       0
       1
       0
       0
       0
       0
       1
       0
       0
       0
       0
       0
       1
       0
       0
       0
       0
       1
       0
       0
       0
       1
       0
       0
       0
       0
       0
       0
       0
       0
       0
       0
       0
       0
       0
       0
       1
       0
       1
       0
       1
       0
       0
       0
       0
       0
       0
       1
       0
       1
       0
       0
       0
       0
       0
       0
       0
       0
       0
       0
       0
       0
       0
       0
       0
       0
       0
       0
       0
       0
       0
       0
       0
       0
       0
       0
       0
       1
       0
       0
       0
       1
       0
       0
       0
       0
       0
       0
       0
       0
       0
       0
       0
       0
       0
       0
       0
       0
       0
       0
       0
       0
       0
       0
       1
       0
       0
       0
       0
       0
       1
       0
       0
       0
       0
       0
       0
       0
       0
       0
       0
       0
       0
       0
       0
       1
       0
       0
       1
       0
       0
       0
       0
       0
       0
       0
       0
       0
       0
       0
       0
       0
       0
       0
       0
       0
       0
       0
       0
       0
       0
       1
       0
       0
       0
       0
       0
       0
       0
       0
       0
       0
       0
       1
       0
       0
       0
       0
       0
       0
       0
       0
       0
       0
       0
       0
       0
       0
       0
       0
       0
       0
       0
       0
       0
       0
       0
       0
       0
       0
       0
       1
       0
       0
       0
       1
       0
       0
       0
       0
       0
       0
       0
       0
       0
       0
       0
       0
       0
       0
       1
       0
       0
       0
       0
       0
       1
       0
       0
       0
       0
       0
       0
       0
       0
       0
       0
       1
       0
       0
       0
       0
       0
       0
       0
       0
       0
       0
       0
       0
       0
       0
       1
       0
       0
       0
       0
       0
       0
       0
       1
       0
       0
       0
       0
       0
       0
       0
       0
       0
       1
       0
       0
       0
       0
       0
       0
       0
       0
       0
       0
       0
       0
       0
       0
       0
       0
       0
       0
       0
       0
       0
       0
       0
       0
       0
       0
       0
       0
       0
       0
       0
       0
       0
       0
       0
       0
       0
       0
       0
       0
       1
       0
       0
       0
       0
       0
       0
       0
       0
       0
       0
       0
       2
       0
       1
       0
       0
       0
       0
       0
       0
       0
       0
       0
       0
       0
       0
       0
       1
       0
       0
       2
       0
       0
       0
       1
       1
       0
       0
       0
       0
       0
       0
       0
       0
       0
       0
       0
       0
       0
       0
       0
       0
       0
       0
       0
       0
       0
       0
       1
       1
       0
       0
       0
       0
       0
       0
       0
       0
       0
       0
       0
       1
       0
       2
       0
       0
       0
       0
       0
       0
       0
       0
       0
       0
       0
       0
       0
       0
       0
       0
       0
       0
       0
       2
       0
       0
       0
       0
       0
       0
       0
       0
       0
       0
       0
       0
       0
       0
       0
       0
       0
       0
       0
       0
       0
       0
       0
       0
       0
       0
       0
       1
       0
       0
       1
       0
       0
       0
       0
       0
       0
       0
       0
       0
       0
       0
       0
       0
       0
       0
       0
       0
       0
       0
       0
       0
       0
       1
       0
       0
       1
       0
       0
       0
       0
       0
       0
       0
       0
       0
       0
       0
       1
       0
       1
       1
       0
       0
       0
       0
       0
       0
       0
       0
       0
       0
       0
       0
       0
       0
       0
       0
       0
       0
       0
       0
       0
       1
       0
       0
       0
       0
       0
       0
       0
       0
       1
       0
       0
       0
       0
       0
       0
       0
       0
       0
       0
       0
       0
       0
       1
       0
       0
       0
       0
       0
       0
       0
       0
       0
       0
       2
       0
       0
       0
       0
       0
       0
       0
       0
       0
       0
       0
       0
       1
       0
       0
       0
       0
       0
       0
       0
       0
       1
       0
       0
       0
       0
       0
       0
       0
       1
       0
       0
       0
       1
       0
       0
       0
       1
       0
       0
       0
       0
       0
       0
       0
       0
       0
       0
       0
       0
       0
       0
       0
       0
       0
       0
       0
       0
       0
       0
       0
       0
       0
       0
       0
       0
       0
       0
       0
       0
       0
       0
       0
       0
       0
       0
       0
       0
       0
       0
       0
       0
       0
       0
       0
       0
       1
       0
       0
       0
       0
       0
       0
       0
       0
       0
       0
       0
       1
       0
       0
       0
       0
       0
       0
       0
       0
       0
       0
       0
       0
       1
       0
       0
       0
       0
       0
       0
       0
       1
       0
       0
       0
       0
       0
       0
       0
       0
       0
       0
       0
       0
       0
       0
       0
       0
       0
       1
       0
       0
       0
       0
       0
       0
       0
       0
       0
       1
       0
       0
       0
       0
       0
       0
       0
       0
       1
       0
       0
       0
       0
       0
       0
       0
       0
       0
       0
       0
       0
       0
       0
       0
       0
       0
       0
       0
       0
       0
       0
       0
       0
       0
       0
       0
       0
       0
       0
       0
       0
       0
       0
       0
       0
       0
       0
       0
       0
       0
       0
       0
       0
       0
       0
       0
       0
       0
       0
       0
       0
       0
       0
       0
       0
       0
       0
       0
       0
       0
       1
       0
       0
       0
       0
       1
       1
       0
       0
       0
       1
       0
       0
       1
       0
       0
       0
       0
       0
       0
       1
       0
       0
       0
       0
       0
       0
       0
       0
       0
       0
       0
       1
       0
       0
       0
       0
       0
       1
       0
       0
       0
       0
       0
       0
       0
       0
       0
       0
       0
       0
       0
       0
       1
       0
       0
       0
       0
       0
       0
       0
       0
       0
       0
       0
       0
       0
       0
       0
       0
       0
       0
       1
       0
       0
       0
       0
       0
       0
       0
       0
       0
       0
       0
       0
       0
       0
       0
       0
       0
       1
       0
       0
       0
       0
       0
       0
       1
       0
       0
       0
       0
       0
       0
       0
       0
       0
       0
       0
       0
       0
       0
       0
       0
       0
       0
       0
       0
       0
       0
       0
       0
       0
       0
       0
       1
       0
       0
       0
       0
       0
       0
       1
       0
       0
       0
       0
       0
       0
       0
       0
       0
       0
       1
       0
       0
       0
       0
       0
       0
       0
       0
       0
       0
       0
       0
       0
       0
       0
       0
       0
       0
       1
       0
       0
       0
       0
       0
       0
       0
       0
       0
       0
       0
       0
       0
       0
       0
       0
       0
       1
       0
       0
       0
       0
       0
       0
       0
       0
       0
       0
       0
       0
       0
       0
       0
       0
       0
       1
       0
       0
       0
       1
       0
       0
       0
       0
       0
       0
       0
       0
       0
       0
       0
       0
       0
       0
       0
       0
       0
       0
       0
       0
       0
       0
       0
       0
       0
       0
       0
       0
       0
       0
       0
       0
       0
       0
       0
       0
       0
       0
       0
       0
       0
       1
       0
       0
       0
       0
       0
       0
       0
       0
       0
       1
       0
       0
       0
       0
       0
       0
       0
       0
       0
       0
       0
       0
       0
       0
       0
       0
       0
       0
       0
       0
       0
       0
       0
       0
       0
       0
       0
       1
       0
       0
       0
       0
       0
       0
       0
       0
       0
       0
       0
       0
       0
       0
       0
       0
       0
$ROI:
0
$PRESETS:
Live Time
3600
0
$ENER_FIT:
0.137869 0.366631
$MCA_CAL:
3
1.378689E-001 3.666307E-001 -4.415950E-008 keV
$SHAPE_CAL:
3
2.301834E+000 9.195991E-004 -5.357180E-008
