$SPEC_ID:
Molnar Range
$SPEC_REM:
DET# 1
DETDESC# HPGe Detector 1
AP# GammaVision Version 6.07
$DATE_MEA:
02/02/2016 12:44:21
$MEAS_TIM:
3600 3914
$DATA:
0 8191
       0
       0
       0
       0
    2428
    2131
    1127
     855
     760
     781
     811
     877
    1019
    1091
    1153
    1335
    1561
    1912
    2044
    2327
    2609
    2874
    3023
    3280
    3499
    3584
    3811
    3813
    3656
    3589
    3210
    2988
    2858
    2222
    1538
    1246
    1141
     994
     895
     813
     740
     624
     605
     624
     666
     738
     843
    1243
    1297
     788
     533
     491
     498
     603
     575
     546
     842
     971
     839
     715
     672
     609
     566
     539
    1004
    1828
    2116
    1010
     572
     527
    1275
    3538
    4316
    2247
    1044
     782
     532
     401
     386
     348
     364
     380
     372
     376
     388
     389
     382
     437
     447
     783
    1453
    1482
     785
     513
     450
     537
     606
     625
     596
     681
     753
     768
     860
    1008
    1031
    1125
    1207
    1302
    1448
    1540
    1681
    1794
    1922
    2117
    2303
    2625
    2927
    3957
    5344
    5538
    4598
    4450
    4787
    5173
    5793
    6121
    6888
    8001
    9011
   10625
   12948
   16632
   21187
   24381
   28840
   35893
   34032
   26146
   22113
   21686
   21126
   20798
   19893
   19181
   18693
   18414
   18372
   18734
   19146
   20025
   21240
   22025
   23159
   23422
   24452
   26363
   28342
   30310
   32304
   43017
  197427
 1086413
 2506408
 2152756
  679765
   78523
    3613
     398
     326
     336
     299
     313
     336
     333
     373
     336
     327
     309
     338
     337
     352
     374
     360
     396
     404
     390
     365
     409
     415
     517
     595
     546
     514
     452
     491
     496
     540
     607
     680
     643
     645
     710
     757
     782
     895
     856
     779
     753
     720
     705
     632
     647
     635
     649
     656
     636
     652
     615
     614
     587
     654
     651
     644
     630
     646
     641
     654
     642
     657
     714
     736
     831
     769
     767
     757
     806
     802
     804
     835
     874
     843
     830
     913
     857
     869
     913
     931
     917
     946
     934
     949
    1000
    1075
    1042
    1122
    1107
    1110
    1097
    1234
    1277
    1212
    1336
    1367
    1466
    1791
    1825
    1628
    1825
    4130
    9641
   11211
    5870
    2009
    1203
    1456
    2023
    2008
    1560
    1714
    4772
   11057
   12146
    5554
    1379
     469
     358
     374
     392
     383
     483
     562
     500
     444
     378
     392
     437
     445
     437
     435
     506
     503
     478
     435
     509
     465
     470
     514
     583
     660
     791
     856
     942
     845
     664
     547
     530
     529
     477
     495
     597
     670
     697
     680
     943
    1584
    1887
    1279
     715
     562
     518
     520
     488
     514
     641
    1238
    1787
    1518
     864
     542
     845
    2474
    5112
    5032
    2100
     543
     247
     200
     209
     228
     205
     192
     225
     220
     227
     204
     207
     216
     215
     212
     206
     235
     208
     210
     236
     211
     197
     237
     212
     232
     212
     228
     233
     225
     206
     262
     205
     217
     224
     252
     228
     239
     217
     237
     205
     198
     240
     238
     235
     235
     225
     219
     227
     234
     234
     240
     221
     235
     328
     622
    1026
     970
     549
     257
     239
     205
     208
     189
     241
     287
     375
     310
     254
     201
     223
     218
     226
     218
     225
     211
     193
     209
     217
     195
     199
     213
     195
     219
     195
     213
     212
     212
     204
     227
     210
     191
     246
     192
     201
     183
     198
     210
     191
     205
     197
     233
     190
     226
     268
     297
     340
     283
     222
     266
     224
     188
     191
     189
     163
     208
     203
     273
     416
     625
     532
     271
     198
     186
     202
     184
     180
     176
     163
     184
     192
     191
     172
     187
     209
     171
     196
     164
     176
     185
     192
     193
     163
     189
     151
     201
     200
     158
     160
     156
     189
     155
     179
     174
     151
     148
     179
     167
     176
     198
     193
     179
     166
     194
     177
     174
     168
     177
     174
     195
     180
     176
     158
     184
     146
     152
     190
     178
     151
     210
     222
     215
     183
     167
     167
     154
     167
     175
     162
     146
     147
     169
     156
     174
     172
     154
     160
     169
     154
     168
     158
     159
     144
     153
     152
     164
     174
     160
     158
     146
     148
     167
     149
     163
     157
     171
     164
     160
     139
     135
     146
     253
     671
    1612
    2136
    1503
     576
     168
     116
     124
     108
     101
     105
     102
     111
     104
     136
      99
     103
      97
     107
      98
     105
      91
      90
      95
      91
     100
     101
      94
      89
     114
     104
     106
      71
      92
      94
     107
     106
     154
     205
     178
     154
      91
      77
      86
      80
      77
      87
     104
     107
     104
      85
     106
      96
      85
     101
      88
      85
      96
      87
      90
      75
      67
      83
      97
      94
     100
      73
      80
      80
      79
      85
      92
      92
      77
      90
      90
      80
      82
      83
      76
      96
      84
      85
      68
      70
      68
      78
      82
     100
      76
      76
      77
      66
      94
      84
      88
      70
      73
      79
      89
      89
      69
      91
      76
      83
      89
      80
      98
      92
      83
      64
      80
      79
      75
      82
      79
      64
      90
      77
      79
      82
      72
      92
      73
      88
      89
      76
      85
      68
      75
      71
      80
      78
      65
      78
      66
      78
      82
      89
      86
      79
      62
      58
      80
      70
      71
      66
      72
      89
      89
      70
      68
      72
      84
      74
      84
      94
      98
     112
      89
      85
      69
      69
      91
     132
     121
     109
      66
      72
      65
      80
      49
      87
      79
      71
      61
      75
      56
      66
      61
      79
      58
      56
      58
      64
      64
      83
      88
      74
      57
      80
      68
      67
      76
      60
      67
      73
      78
      69
      56
      77
      69
      60
      59
      59
      77
      70
      78
      63
      58
      68
      51
      65
      67
      75
      71
      71
      67
      73
      65
      71
      73
      62
      67
      61
      52
      57
      67
      94
      63
      68
      69
      94
      92
      78
      85
      57
      71
      71
      61
      53
      70
      62
      57
      59
      67
      69
      55
      60
      62
      82
      70
      92
     124
      78
      77
      75
      68
      74
      67
      74
      52
      58
      59
      64
      58
      70
      56
      49
      55
      59
      52
      55
      54
      69
      54
      72
      64
      56
      72
      55
      62
      78
     134
     305
     373
     336
     166
      88
      52
      65
      47
      56
      55
      48
      57
      56
      41
      55
      56
      48
      49
      46
      51
      53
      53
      61
      50
      65
      56
      56
      63
     169
     267
     401
     357
     182
      76
      51
      56
      53
      46
      46
      52
      65
      45
      42
      40
      36
      54
      37
      40
      64
      43
      51
      46
      48
      48
      71
     153
     276
     421
     319
     155
      86
      55
      85
     234
     701
    1134
    1019
     596
     193
      63
      41
      45
      52
      42
      55
      34
      39
      45
      68
      77
      56
      36
      36
      34
      38
      40
      31
      27
      38
      33
      36
      35
      42
      31
      32
      29
      33
      27
      32
      36
      28
      37
      40
      16
      39
      32
      46
      43
      33
      37
      28
      37
      20
      31
      26
      38
      23
      34
      31
      40
      37
      28
      31
      27
      27
      36
      32
      31
      34
      37
      27
      28
      27
      36
      32
      32
      22
      35
      28
      36
      35
      30
      37
      38
      31
      19
      32
      35
      35
      44
      26
      31
      37
      75
     178
     417
     465
     384
     159
      51
      55
      92
     122
     152
      71
      37
      26
      35
      23
      28
      25
      19
      35
      34
      30
      50
     154
     290
     292
     207
     107
      34
      27
      19
      21
      23
      27
      19
      25
      21
      21
      18
      20
      22
      21
      30
      65
      73
      88
      46
      35
      22
      25
      19
      25
      21
      17
      24
      15
      19
      25
      28
      19
      26
      35
      27
      37
      27
      30
      25
      25
      26
      31
      21
      14
      30
      27
      20
      26
      17
      26
      28
      28
      20
      20
      32
      27
      26
      23
      20
      28
      22
      17
      24
      23
      26
      18
      18
      24
      17
      23
      17
      11
      16
      17
      29
      21
      27
      23
      25
      20
      20
      15
      17
      24
      30
      16
      19
      20
      16
      15
      10
      24
      21
      18
      19
      17
      23
      28
      25
      23
      17
      22
      31
      42
      37
      38
      41
      32
      27
      27
      20
      39
      74
      73
      63
      39
      24
      24
      30
      17
      27
      18
      17
      21
      19
      20
      13
      12
      22
      22
      22
      39
      65
      54
      51
      27
      15
      23
      27
      15
      17
      29
      20
      21
      20
      17
      23
      21
      22
      20
      17
      18
      19
      17
      20
      20
      19
      14
      20
      14
      23
      24
      25
      26
      17
      24
      21
      26
      31
      35
      38
      19
      30
      15
      19
      27
      19
      28
      28
      29
      20
      20
      23
      14
      22
      14
      22
      18
      27
      16
      13
      11
      14
      23
      16
      11
      21
      24
      23
      17
      24
      11
      10
      32
      27
      14
      18
      27
      25
      41
      33
      35
      26
      24
      15
      17
      21
      15
      23
      23
      24
      17
      22
      23
      23
      22
      18
      19
      18
      15
      15
      12
      19
      20
      26
      25
      13
      17
      17
      25
      19
      24
      20
      19
      35
      31
      29
      29
      33
      33
      27
      26
      25
      32
      21
      23
      30
      40
      27
      33
      45
      25
      29
      27
      34
      42
      25
      44
      40
      44
      46
      31
      38
      44
      34
      44
      35
      42
      35
      45
      47
      33
      30
      37
      37
      37
      26
      29
      28
      15
      26
      30
      20
      25
      20
      24
      17
      18
      18
      17
      23
      26
      18
      22
      10
      16
      11
      19
      16
      15
      14
      11
       7
      13
      14
      10
      10
      12
      14
      14
      18
      10
      15
      14
      14
      12
      12
      17
      10
      11
       7
      16
      17
      18
      14
       9
      16
      15
      10
      15
      11
      12
       9
       8
       9
      12
       8
       5
       7
      16
      13
      15
      12
      14
      11
      17
      10
      15
      15
      10
      22
      26
      24
      22
      21
      35
      34
      28
      25
      15
      17
      19
      16
      14
      11
      11
      10
      14
      14
      17
      11
      12
      13
      11
      20
      15
      11
      11
      11
      10
      15
      12
      15
      11
      10
      10
      13
       9
      17
      12
      18
      17
      12
      17
       9
      12
      16
      12
      12
       7
      11
      13
       9
       9
      15
      14
       7
       9
      13
       8
      12
      15
      15
       7
      19
       7
      13
       9
       7
       6
      12
      10
       8
      11
       5
       8
      13
      15
      11
      10
      13
       9
      15
      10
       9
       6
      11
       6
      11
      11
       4
       6
       8
      10
       9
       7
      13
       9
      11
      13
       9
       9
      16
       9
       7
      14
       8
       9
      13
       5
      13
      10
       9
      12
      12
      11
       4
      12
       9
       9
      10
       8
       3
      10
      11
       7
      11
       9
      13
      11
       6
       8
      11
       9
      10
       6
      12
       6
       7
      11
       5
       7
       7
       4
       3
       5
      17
       4
      11
      10
       7
       7
      11
       9
      11
       5
       7
      14
       6
       5
       8
       8
       8
       4
       6
       6
       8
       5
      16
       7
       6
       9
       9
       7
      16
      11
      10
       9
      13
       7
       9
       5
      10
      10
       5
      10
       5
       5
       4
      11
       7
       6
       5
      10
       5
       7
       8
       7
       9
       6
       6
       5
      11
       2
       4
       8
      10
      12
      10
       9
      10
       5
       6
       3
      10
       4
       9
      11
       6
      12
      11
      14
      14
       7
       7
       4
       7
       5
       7
       6
       9
       5
       4
       9
       7
       8
       7
      11
      15
      11
      19
      17
      13
      11
       3
      12
       9
      10
       9
       7
      11
       7
       7
      10
      10
       4
       6
       3
       3
      10
       5
       5
       7
       5
       8
       6
       5
       4
      11
       6
       9
      15
      10
       4
       8
       9
       7
       8
       4
       6
       7
       7
       5
      11
       9
       8
       9
       4
       8
       3
       7
      11
       7
       7
      10
      16
      27
      83
     103
      82
      60
      24
      11
       1
       7
       4
       6
       6
       8
       4
       5
       8
       4
       3
       1
       3
       4
       4
       7
       4
       7
       3
       5
      12
       6
       6
       9
       1
       7
       7
       2
       3
       7
       3
       6
      10
       4
       9
       3
       4
       7
       5
       5
       2
       5
       2
       7
       4
       4
       3
       4
       9
       9
       7
       3
       3
       9
      14
      14
      11
      18
       9
       5
       4
       8
       4
       6
       3
       6
       4
       3
       6
       5
       1
       6
      10
       4
       6
       7
       7
       5
       4
       6
       3
       3
       0
       3
       6
      13
      46
      47
      57
      46
      26
      14
       8
       7
       1
      11
       1
       9
       0
       1
       5
       4
       7
       6
       3
       2
      10
       8
      15
      10
      37
     128
     317
     466
     545
     381
     180
      63
      14
       4
       1
       3
       2
       1
       3
       1
       3
       1
       3
       1
       4
       4
       5
       2
       5
       2
       3
       0
       1
       2
       1
       2
       2
       3
       6
       2
       2
       1
       5
       1
       6
       3
       2
       2
       3
       3
       5
       3
       3
       4
       2
       7
       5
      13
       2
       2
       2
       2
       4
       2
       1
       2
       4
       2
       2
       1
       4
       6
       3
       5
       2
       3
       4
      17
      36
      42
      39
      36
      13
       8
       2
       2
       3
       2
       2
       6
       2
       7
       8
       8
       4
       3
       2
       8
       3
       8
       9
      11
       5
       9
       0
       4
       4
       5
       3
       4
       2
       4
       2
       4
       1
       3
       3
       2
       0
       1
       2
       4
       4
       6
       2
       4
       1
       3
       0
       2
       1
       4
       2
       7
       8
      11
      10
       8
       8
       4
       3
       1
       2
       2
       3
       1
       4
       4
       3
       1
       2
       1
       3
       3
       3
       4
       3
       2
       0
       2
       2
       2
       3
       3
       3
       8
       7
      48
      99
     177
     273
     242
     152
      81
      44
      14
      12
       2
       4
       3
       3
       1
       0
       3
       3
       2
       0
       1
       1
       5
       2
       6
       2
       0
       1
       2
       2
       0
       3
       3
       1
       2
       0
       0
       3
       1
       0
       2
       1
       6
       3
       6
      16
      12
       7
       4
       3
       2
       0
       3
       1
       1
       4
       1
       1
       2
       2
       0
       2
       5
       1
       0
       1
       1
       1
       3
       1
       3
       2
       3
       2
       2
       3
       1
       2
       6
       2
       2
       1
       4
       3
       2
       3
       0
       0
       2
       1
       0
       2
       3
       2
       7
       9
      11
       8
       2
       3
       1
       1
       3
       2
       4
       5
       2
       2
       3
       0
       2
       1
       0
       1
       0
       1
       2
       1
       1
       2
       1
       1
       2
       4
       2
       6
       6
       6
       4
       4
       4
       3
       0
       2
       6
      13
      14
       4
       4
       5
       3
       2
       3
       2
       2
       2
       1
       2
       1
       1
       0
       1
       1
       1
       2
       1
       0
       1
       2
       0
       2
       1
       0
       4
       2
       1
       0
       0
       1
       0
       0
       2
       0
       0
       0
       4
       3
       1
       1
       3
       0
       1
       2
       1
       0
       0
       0
       1
       3
       1
       0
       3
       0
       3
       1
       2
       0
       2
       2
       0
       2
       1
       1
       2
       1
       4
       0
       2
       1
       3
       1
       0
       1
       0
       1
       0
       1
       2
       1
       1
       1
       1
       4
       2
       2
       5
       0
       2
       3
       1
       1
       2
       1
       2
       1
       4
       1
       2
       2
       1
       1
       1
       0
       0
       1
       1
       2
       1
       2
       6
       4
       1
       0
       0
       0
       0
       0
       2
       0
       0
       1
       3
       1
       1
       0
       0
       1
       1
       3
       1
       2
       1
       2
       1
       3
       2
       0
       2
       1
       1
       3
       2
       0
       0
       1
       0
       1
       1
       2
       0
       0
       2
       3
       2
       1
       2
       1
       0
       1
       2
       1
       2
       4
       0
       1
       1
       0
       0
       4
       0
       1
       3
       1
       0
       3
       0
       1
       2
       1
       0
       3
       0
       4
       4
       1
       2
       0
       0
       0
       4
       2
       2
       1
       2
       3
       1
       3
       1
       3
       0
       0
       2
       3
       4
       1
       5
       0
       3
       1
       2
       1
       0
       0
       1
       1
       1
       3
       1
       2
       2
       2
       1
       0
       2
       0
       1
       0
       0
       2
       1
       1
       4
       1
       4
       3
       0
       0
       2
       1
       2
       0
       1
       2
       0
       0
       0
       2
       2
       5
       3
       2
       2
       2
       1
       0
       0
       1
       0
       0
       0
       1
       3
       1
       1
       0
       2
       0
       2
       0
       0
       2
       3
       4
       1
       2
       0
       0
       2
       0
       4
       1
       2
       0
       0
       0
       1
       2
       0
       1
       1
       1
       0
       4
       1
       0
       0
       0
       2
       3
       0
       0
       0
       2
       4
       1
       1
       0
       2
       0
       2
       1
       2
       0
       1
       1
       1
       1
       2
       1
       1
       1
       0
       1
       1
       1
       2
       0
       3
       1
       1
       1
       3
       1
       0
       1
       2
       0
       1
       1
       2
       1
       2
       2
       0
       2
       1
       4
       0
       0
       2
       1
       0
       0
       2
       0
       1
       1
       1
       1
       3
       1
       2
       0
       2
       0
       0
       1
       0
       0
       2
       0
       0
       0
       0
       0
       3
       0
       0
       3
       2
       1
       3
       0
       1
       0
       2
       0
       1
       0
       2
       2
       3
       0
       0
       0
       2
       0
       1
       3
       5
       1
       1
       1
       2
       1
       3
       1
       0
       2
       2
       1
       1
       0
       2
       0
       0
       0
       1
       0
       1
       1
       1
       0
       0
       3
       1
       0
       2
       1
       1
       1
       2
       5
       2
       1
       1
       0
       1
       0
       1
       1
       0
       2
       1
       1
       1
       1
       0
       2
       1
       2
       0
       1
       0
       2
       2
       0
       3
       1
       1
       0
       4
       0
       1
       0
       1
       2
       0
       1
       0
       0
       2
       0
       1
       0
       4
       0
       0
       2
       0
       0
       2
       0
       1
       1
       2
       0
       1
       0
       0
       0
       0
       2
       2
       0
       1
       0
       0
       0
       0
       3
       2
       3
       1
       0
       2
       0
       1
       0
       0
       2
       2
       0
       0
       0
       1
       1
       0
       2
       1
       1
       0
       2
       0
       2
       0
       1
       1
       0
       1
       0
       0
       0
       1
       1
       1
       0
       0
       4
       1
       0
       1
       0
       0
       0
       2
       1
       0
       2
       0
       1
       0
       1
       1
       0
       0
       2
       1
       1
       1
       0
       2
       0
       0
       1
       0
       1
       2
       1
       0
       1
       0
       0
       0
       1
       1
       1
       0
       0
       2
       1
       0
       2
       0
       0
       1
       1
       0
       0
       0
       0
       0
       1
       0
       1
       0
       2
       0
       0
       1
       0
       1
       1
       1
       0
       2
       0
       0
       0
       1
       1
       0
       0
       0
       1
       1
       0
       1
       3
       1
       0
       1
       0
       1
       2
       0
       1
       1
       0
       1
       2
       4
       4
       1
       1
       0
       0
       2
       0
       1
       0
       1
       0
       2
       0
       3
       2
       1
       0
       0
       0
       1
       0
       0
       1
       0
       3
       2
       0
       2
       0
       1
       1
       2
       0
       3
       0
       0
       1
       1
       0
       0
       1
       0
       2
       2
       1
       2
       1
       1
       1
       1
       1
       0
       1
       0
       2
       0
       0
       2
       1
       2
       1
       0
       0
       0
       0
       1
       1
       1
       0
       2
       2
       1
       2
       2
       0
       1
       1
       0
       1
       0
       1
       1
       2
       2
       1
       1
       0
       1
       1
       0
       0
       0
       1
       1
       1
       3
       1
       0
       1
       0
       0
       0
       0
       1
       0
       0
       1
       0
       1
       1
       0
       1
       0
       1
       1
       1
       3
       2
       1
       0
       2
       1
       3
       0
       0
       0
       0
       2
       1
       2
       0
       1
       1
       0
       0
       0
       0
       0
       0
       0
       2
       0
       1
       2
       0
       0
       0
       3
       0
       0
       0
       0
       1
       1
       0
       0
       0
       2
       0
       1
       2
       1
       0
       2
       0
       1
       0
       1
       1
       0
       1
       1
       2
       1
       0
       4
       1
       3
       3
       0
       0
       1
       0
       1
       1
       0
       1
       1
       4
       2
       0
       0
       1
       1
       1
       1
       1
       2
       0
       1
       1
       0
       1
       1
       0
       0
       2
       2
       0
       0
       1
       0
       0
       1
       0
       1
       0
       0
       0
       1
       1
       0
       0
       0
       0
       0
       1
       1
       1
       0
       0
       0
       0
       0
       1
       0
       2
       2
       0
       1
       1
       1
       0
       0
       0
       0
       0
       0
       1
       1
       1
       0
       0
       0
       1
       1
       0
       0
       1
       2
       1
       0
       1
       0
       2
       3
       0
       0
       3
       2
       0
       0
       0
       2
       0
       0
       0
       1
       2
       0
       0
       1
       0
       0
       1
       3
       0
       1
       0
       0
       1
       2
       1
       2
       1
       1
       0
       1
       1
       0
       0
       2
       1
       1
       0
       0
       0
       1
       1
       2
       0
       2
       0
       0
       0
       0
       0
       1
       0
       1
       2
       0
       1
       1
       2
       0
       1
       3
       1
       1
       1
       3
       2
       1
       4
       2
       0
       5
       4
       1
       2
       2
       1
       5
       1
       2
       3
       1
       3
       3
       0
       1
       2
       1
       5
       3
       3
       1
       0
       1
       1
       1
       2
       3
       2
       2
       3
       1
       1
       1
       0
       0
       1
       2
       0
       1
       0
       3
       1
       1
       0
       1
       0
       0
       1
       1
       1
       1
       2
       4
       2
       0
       0
       0
       1
       1
       1
       0
       1
       0
       0
       1
       0
       0
       1
       0
       0
       3
       1
       2
       1
       1
       0
       0
       1
       0
       0
       0
       0
       1
       0
       0
       0
       1
       0
       1
       0
       0
       0
       1
       0
       1
       1
       0
       0
       2
       0
       0
       2
       1
       0
       0
       0
       1
       0
       1
       0
       0
       1
       0
       1
       0
       0
       0
       0
       1
       0
       1
       0
       0
       0
       0
       1
       0
       1
       0
       1
       1
       0
       0
       0
       2
       0
       1
       1
       1
       1
       0
       0
       0
       1
       1
       0
       0
       1
       1
       0
       0
       4
       0
       1
       2
       0
       0
       0
       3
       0
       1
       0
       2
       1
       3
       2
       1
       2
       1
       0
       0
       2
       1
       0
       0
       0
       1
       0
       1
       1
       0
       1
       0
       1
       0
       0
       0
       1
       0
       0
       0
       2
       0
       0
       2
       3
       1
       0
       0
       0
       1
       1
       1
       0
       2
       3
       1
       0
       0
       3
       1
       0
       1
       0
       1
       1
       0
       2
       1
       1
       1
       0
       1
       0
       1
       1
       2
       0
       3
       0
       0
       0
       1
       1
       1
       0
       0
       0
       0
       0
       0
       1
       0
       0
       0
       0
       0
       0
       0
       0
       1
       0
       1
       1
       0
       1
       1
       1
       0
       0
       0
       0
       1
       1
       1
       0
       0
       0
       2
       1
       1
       1
       0
       1
       0
       0
       4
       0
       0
       1
       0
       2
       1
       0
       1
       0
       0
       0
       0
       2
       0
       0
       0
       0
       1
       3
       1
       0
       1
       1
       1
       0
       0
       0
       2
       0
       0
       0
       1
       1
       2
       1
       0
       0
       1
       0
       0
       0
       1
       0
       0
       1
       1
       0
       1
       1
       0
       0
       0
       0
       1
       0
       0
       0
       0
       1
       1
       0
       2
       1
       1
       1
       3
       0
       0
       1
       1
       1
       2
       1
       0
       0
       1
       0
       1
       0
       0
       0
       0
       0
       0
       1
       1
       1
       0
       0
       1
       1
       0
       1
       1
       0
       0
       0
       0
       1
       2
       3
       0
       0
       2
       1
       0
       0
       1
       0
       0
       0
       0
       0
       1
       1
       0
       0
       0
       1
       0
       0
       0
       1
       2
       0
       0
       2
       0
       1
       0
       2
       0
       0
       1
       0
       2
       0
       0
       1
       1
       0
       1
       1
       0
       0
       0
       0
       2
       0
       1
       1
       0
       1
       0
       0
       0
       0
       0
       0
       0
       0
       0
       0
       0
       0
       0
       1
       1
       0
       1
       1
       0
       0
       1
       1
       2
       2
       2
       0
       0
       0
       1
       1
       0
       2
       1
       1
       0
       0
       0
       2
       0
       2
       2
       0
       0
       1
       1
       1
       0
       2
       0
       0
       1
       3
       0
       0
       1
       2
       0
       1
       1
       2
       0
       1
       0
       0
       3
       0
       4
       0
       1
       0
       0
       0
       0
       0
       0
       1
       0
       1
       0
       1
       0
       0
       1
       1
       2
       2
       0
       0
       2
       0
       0
       1
       0
       1
       0
       0
       0
       1
       1
       0
       1
       0
       1
       1
       0
       1
       1
       0
       3
       0
       0
       0
       1
       0
       1
       0
       2
       0
       0
       0
       1
       1
       0
       0
       0
       0
       1
       1
       0
       2
       1
       0
       2
       0
       0
       0
       1
       0
       1
       1
       1
       0
       0
       0
       2
       0
       0
       1
       2
       0
       1
       1
       0
       0
       1
       2
       0
       2
       1
       0
       0
       0
       0
       0
       0
       1
       0
       1
       1
       0
       0
       0
       3
       0
       0
       0
       3
       1
       0
       2
       2
       0
       0
       0
       0
       1
       2
       1
       0
       0
       2
       0
       0
       1
       1
       0
       1
       0
       1
       0
       2
       0
       0
       0
       1
       1
       0
       0
       1
       0
       1
       0
       2
       1
       0
       0
       0
       2
       0
       0
       2
       0
       1
       0
       0
       1
       0
       0
       2
       0
       0
       0
       0
       0
       0
       0
       0
       2
       0
       1
       1
       0
       0
       1
       2
       0
       3
       3
       1
       1
       0
       2
       1
       0
       0
       0
       0
       2
       1
       0
       0
       1
       1
       1
       0
       1
       0
       0
       3
       0
       2
       0
       1
       0
       1
       0
       1
       0
       0
       1
       0
       0
       4
       1
       1
       0
       1
       0
       1
       0
       0
       0
       0
       0
       0
       1
       0
       1
       1
       0
       1
       0
       0
       2
       0
       0
       0
       1
       0
       0
       0
       0
       0
       0
       0
       0
       0
       1
       1
       0
       1
       0
       2
       1
       2
       0
       2
       2
       1
       1
       0
       0
       1
       0
       2
       2
       1
       0
       1
       0
       0
       2
       1
       2
       0
       1
       0
       3
       0
       1
       2
       1
       0
       1
       1
       1
       0
       1
       0
       0
       0
       0
       2
       1
       0
       0
       1
       1
       0
       0
       0
       0
       0
       0
       0
       0
       1
       0
       1
       0
       0
       0
       0
       0
       1
       1
       0
       0
       2
       0
       2
       1
       0
       0
       0
       0
       0
       1
       0
       0
       0
       1
       2
       3
       0
       0
       1
       0
       0
       1
       0
       1
       0
       0
       0
       0
       2
       1
       0
       0
       1
       1
       0
       0
       2
       0
       0
       0
       1
       1
       1
       0
       0
       1
       1
       2
       0
       1
       0
       0
       1
       1
       0
       2
       0
       1
       1
       0
       0
       0
       0
       0
       1
       0
       0
       0
       2
       1
       1
       2
       2
       0
       1
       0
       0
       1
       0
       0
       1
       1
       0
       1
       1
       1
       0
       2
       0
       0
       1
       0
       0
       1
       1
       2
       2
       0
       1
       3
       1
       0
       0
       0
       0
       0
       3
       0
       2
       1
       0
       0
       0
       1
       1
       1
       0
       0
       1
       2
       0
       0
       0
       1
       1
       0
       0
       1
       1
       0
       1
       1
       0
       1
       0
       0
       0
       2
       0
       3
       0
       0
       1
       1
       1
       0
       1
       0
       1
       1
       0
       2
       2
       0
       0
       2
       1
       0
       1
       0
       0
       0
       1
       0
       0
       0
       1
       0
       1
       1
       0
       2
       1
       0
       0
       2
       0
       0
       1
       1
       1
       1
       4
       1
       1
       2
       0
       0
       1
       0
       1
       0
       1
       1
       0
       0
       0
       1
       0
       1
       0
       0
       1
       0
       1
       0
       0
       0
       0
       0
       0
       0
       0
       0
       1
       1
       0
       0
       0
       1
       2
       1
       1
       3
       1
       0
       0
       1
       0
       1
       0
       0
       0
       1
       2
       0
       1
       2
       0
       1
       0
       0
       0
       0
       1
       1
       1
       1
       0
       0
       0
       1
       2
       1
       1
       1
       0
       0
       0
       0
       0
       0
       1
       2
       1
       0
       0
       0
       0
       1
       1
       1
       1
       0
       1
       1
       0
       3
       0
       0
       1
       0
       1
       0
       2
       0
       0
       0
       0
       3
       1
       0
       2
       0
       1
       1
       3
       1
       0
       3
       0
       0
       0
       0
       0
       0
       0
       1
       0
       0
       0
       0
       0
       0
       0
       0
       2
       0
       0
       1
       1
       1
       0
       0
       2
       1
       1
       0
       0
       0
       0
       0
       0
       0
       0
       1
       0
       1
       0
       1
       1
       0
       1
       1
       0
       0
       0
       1
       1
       1
       1
       0
       1
       0
       0
       0
       0
       1
       0
       1
       0
       0
       0
       0
       1
       1
       0
       1
       0
       1
       2
       1
       0
       0
       1
       0
       1
       2
       0
       1
       1
       0
       0
       0
       0
       1
       1
       1
       0
       0
       1
       0
       0
       0
       1
       0
       0
       1
       0
       1
       0
       0
       1
       1
       0
       1
       1
       0
       0
       1
       1
       3
       1
       1
       0
       0
       1
       1
       0
       0
       1
       1
       0
       1
       2
       1
       0
       0
       0
       2
       0
       1
       1
       0
       1
       0
       1
       1
       0
       0
       0
       0
       0
       1
       0
       0
       0
       2
       0
       0
       0
       1
       0
       1
       0
       1
       0
       2
       0
       1
       0
       0
       1
       2
       0
       0
       0
       0
       0
       1
       1
       0
       0
       0
       0
       0
       0
       1
       0
       0
       0
       0
       1
       0
       0
       0
       0
       0
       2
       0
       2
       0
       2
       1
       0
       0
       0
       0
       0
       0
       0
       1
       0
       0
       0
       0
       0
       0
       0
       1
       0
       1
       2
       1
       1
       2
       1
       0
       0
       0
       0
       2
       0
       2
       1
       0
       1
       1
       1
       1
       1
       2
       0
       1
       0
       0
       0
       2
       0
       0
       1
       0
       0
       1
       1
       1
       0
       0
       0
       0
       0
       0
       0
       1
       0
       0
       0
       2
       0
       0
       0
       0
       1
       0
       0
       2
       1
       1
       1
       0
       0
       0
       0
       0
       0
       1
       0
       2
       1
       3
       0
       1
       0
       0
       1
       0
       2
       0
       0
       1
       0
       1
       0
       0
       0
       0
       0
       1
       0
       0
       0
       1
       0
       0
       0
       0
       0
       1
       0
       0
       0
       0
       0
       1
       1
       1
       0
       0
       0
       0
       1
       0
       0
       1
       1
       0
       0
       0
       1
       1
       0
       0
       1
       2
       0
       0
       0
       0
       0
       0
       0
       0
       1
       0
       0
       0
       0
       1
       2
       1
       0
       1
       0
       2
       0
       0
       0
       0
       0
       1
       0
       0
       0
       0
       0
       0
       0
       0
       1
       0
       0
       1
       0
       0
       0
       1
       0
       0
       0
       0
       0
       0
       1
       1
       2
       1
       0
       0
       1
       0
       0
       0
       0
       1
       1
       1
       0
       0
       0
       0
       1
       0
       2
       0
       1
       2
       0
       0
       0
       0
       1
       0
       1
       2
       1
       0
       0
       2
       1
       1
       1
       1
       0
       0
       1
       0
       1
       0
       0
       2
       0
       1
       0
       1
       1
       1
       0
       1
       0
       1
       0
       1
       1
       0
       0
       0
       0
       0
       0
       0
       0
       0
       0
       0
       0
       0
       0
       0
       0
       0
       0
       0
       2
       0
       0
       0
       0
       1
       1
       0
       0
       0
       0
       2
       0
       1
       0
       0
       0
       1
       0
       1
       0
       0
       0
       0
       0
       0
       0
       0
       0
       1
       2
       0
       0
       1
       0
       0
       0
       0
       1
       0
       0
       0
       0
       0
       1
       0
       0
       1
       0
       1
       1
       2
       0
       0
       0
       1
       0
       0
       0
       0
       0
       0
       1
       1
       0
       0
       1
       0
       1
       0
       0
       0
       1
       0
       0
       0
       0
       0
       0
       0
       0
       0
       0
       0
       0
       0
       0
       0
       0
       0
       0
       0
       2
       0
       0
       0
       0
       0
       0
       0
       0
       0
       0
       0
       0
       1
       0
       0
       0
       0
       0
       0
       0
       0
       0
       0
       0
       0
       0
       0
       0
       2
       0
       0
       1
       0
       0
       0
       0
       0
       0
       0
       0
       0
       0
       0
       0
       0
       0
       0
       0
       0
       0
       0
       1
       0
       0
       0
       0
       1
       0
       0
       0
       0
       1
       0
       0
       0
       0
       0
       0
       0
       1
       1
       0
       1
       0
       0
       0
       0
       1
       1
       0
       0
       0
       0
       1
       1
       0
       0
       0
       0
       0
       0
       1
       0
       0
       1
       0
       0
       0
       0
       0
       1
       0
       1
       0
       0
       1
       0
       0
       1
       2
       0
       1
       1
       1
       0
       0
       0
       0
       0
       1
       0
       0
       0
       0
       0
       0
       1
       0
       1
       0
       0
       0
       0
       0
       1
       1
       0
       0
       0
       1
       1
       2
       0
       0
       0
       2
       0
       0
       1
       0
       1
       0
       0
       1
       1
       0
       1
       0
       1
       1
       1
       1
       0
       0
       0
       3
       0
       2
       1
       2
       1
       0
       4
       0
       0
       1
       1
       3
       1
       3
       0
       2
       2
       3
       5
       5
       7
      11
      14
       8
       7
       5
       5
       0
       2
       3
       0
       1
       2
       1
       0
       0
       2
       3
       1
       0
       1
       2
       2
       1
       0
       1
       0
       0
       2
       0
       1
       0
       0
       0
       0
       0
       1
       1
       2
       0
       0
       0
       1
       0
       0
       0
       0
       0
       0
       1
       0
       0
       0
       0
       0
       0
       0
       0
       0
       0
       1
       0
       0
       0
       1
       0
       0
       0
       0
       0
       0
       0
       0
       2
       0
       0
       0
       0
       1
       0
       0
       0
       0
       0
       0
       1
       0
       0
       0
       0
       0
       0
       0
       0
       0
       0
       1
       0
       1
       0
       0
       1
       0
       0
       0
       0
       0
       0
       1
       0
       0
       0
       0
       0
       0
       0
       0
       0
       1
       0
       2
       1
       0
       0
       0
       1
       0
       0
       0
       0
       1
       0
       0
       0
       2
       0
       0
       0
       0
       0
       1
       1
       1
       1
       0
       0
       1
       1
       0
       0
       0
       0
       1
       0
       0
       0
       0
       1
       0
       1
       0
       0
       0
       0
       0
       0
       0
       1
       0
       0
       0
       0
       0
       0
       0
       1
       0
       0
       0
       0
       1
       0
       0
       0
       0
       0
       0
       1
       0
       0
       2
       0
       0
       0
       0
       0
       0
       0
       0
       0
       0
       1
       0
       0
       0
       0
       0
       0
       0
       1
       0
       1
       0
       0
       0
       0
       1
       0
       0
       0
       1
       0
       2
       1
       0
       0
       0
       0
       0
       0
       0
       0
       0
       0
       0
       0
       0
       0
       0
       1
       0
       0
       0
       1
       0
       0
       1
       0
       1
       0
       0
       0
       0
       0
       0
       0
       0
       1
       1
       0
       1
       0
       0
       0
       0
       0
       0
       0
       0
       0
       0
       0
       0
       0
       0
       0
       0
       0
       2
       1
       0
       0
       0
       0
       0
       0
       1
       0
       1
       0
       0
       0
       0
       0
       0
       0
       0
       0
       0
       0
       1
       0
       1
       0
       0
       1
       0
       0
       0
       2
       0
       0
       1
       0
       0
       0
       1
       0
       1
       1
       0
       0
       0
       1
       0
       0
       0
       0
       0
       0
       0
       1
       1
       0
       1
       0
       0
       0
       1
       0
       0
       0
       1
       0
       0
       0
       0
       0
       0
       0
       0
       0
       0
       0
       0
       0
       0
       1
       0
       0
       0
       0
       0
       1
       2
       1
       0
       0
       0
       0
       0
       0
       0
       0
       1
       0
       0
       0
       0
       0
       0
       1
       0
       0
       0
       0
       0
       0
       0
       0
       0
       0
       0
       0
       1
       0
       1
       0
       0
       0
       0
       0
       0
       0
       0
       1
       0
       0
       0
       0
       0
       0
       0
       0
       0
       0
       0
       0
       0
       0
       0
       0
       0
       2
       0
       1
       0
       0
       1
       0
       1
       0
       0
       0
       0
       0
       1
       1
       0
       0
       0
       0
       1
       0
       0
       1
       0
       0
       0
       1
       0
       0
       0
       1
       0
       0
       0
       0
       1
       0
       0
       1
       0
       0
       0
       0
       0
       0
       0
       0
       0
       0
       0
       0
       0
       1
       1
       0
       2
       0
       0
       0
       0
       0
       0
       0
       0
       0
       0
       0
       0
       0
       0
       1
       0
       1
       0
       0
       0
       1
       1
       0
       0
       0
       1
       0
       0
       0
       1
       1
       0
       0
       0
       0
       0
       0
       0
       1
       0
       0
       1
       0
       1
       0
       0
       0
       0
       0
       0
       0
       0
       1
       0
       0
       0
       1
       0
       0
       0
       1
       0
       0
       0
       0
       0
       0
       0
       0
       0
       1
       0
       0
       2
       0
       0
       0
       0
       0
       0
       1
       0
       0
       0
       0
       1
       0
       0
       0
       0
       0
       1
       0
       0
       0
       0
       0
       0
       0
       0
       0
       0
       0
       0
       0
       1
       0
       0
       0
       0
       0
       0
       0
       0
       0
       0
       0
       1
       1
       0
       0
       0
       0
       0
       0
       2
       0
       0
       1
       0
       1
       0
       0
       0
       1
       1
       0
       0
       0
       0
       0
       0
       0
       0
       0
       0
       0
       0
       0
       0
       0
       0
       1
       0
       0
       0
       0
       0
       0
       1
       0
       0
       0
       0
       0
       0
       0
       0
       2
       0
       1
       0
       0
       0
       0
       0
       1
       0
       0
       0
       0
       0
       0
       1
       0
       0
       0
       0
       0
       0
       0
       0
       0
       0
       1
       0
       0
       0
       1
       0
       0
       0
       0
       0
       0
       0
       0
       0
       0
       0
       0
       0
       0
       0
       0
       0
       1
       0
       0
       0
       0
       1
       1
       0
       0
       0
       1
       0
       0
       0
       2
       1
       0
       0
       0
       0
       0
       0
       0
       0
       0
       1
       1
       0
       1
       0
       0
       0
       0
       0
       0
       1
       0
       0
       0
       0
       0
       0
       0
       0
       1
       2
       0
       0
       0
       1
       0
       0
       0
       1
       0
       0
       0
       0
       0
       0
       1
       0
       0
       0
       0
       0
       0
       0
       0
       0
       0
       0
       0
       1
       0
       0
       0
       1
       0
       0
       0
       0
       1
       0
       0
       1
       0
       0
       0
       1
       0
       0
       0
       0
       0
       0
       0
       0
       0
       0
       0
       0
       0
       0
       0
       0
       0
       0
       0
       0
       0
       0
       0
       1
       0
       0
       1
       1
       0
       0
       0
       1
       0
       0
       0
       0
       0
       0
       0
       0
       0
       0
       0
       0
       0
       0
       0
       0
       0
       0
       0
       0
       0
       0
       0
       0
       0
       0
       0
       0
       2
       0
       0
       0
       0
       0
       0
       0
       0
       0
       0
       0
       0
       0
       0
       0
       0
       0
       0
       0
       0
       0
       0
       1
       0
       0
       0
       0
       0
       0
       0
       1
       1
       0
       0
       0
       2
       0
       0
       0
       0
       1
       0
       1
       0
       1
       0
       0
       0
       0
       0
       0
       0
       0
       0
       0
       0
       0
       0
       0
       2
       1
       0
       0
       0
       0
       0
       0
       0
       0
       0
       0
       0
       0
       1
       0
       1
       0
       0
       0
       0
       0
       0
       2
       0
       0
       0
       0
       0
       0
       0
       0
       0
       0
       0
       0
       0
       1
       0
       0
       0
       1
       0
       1
       0
       0
       0
       0
       0
       0
       0
       0
       0
       0
       0
       0
       0
       0
       0
       0
       0
       0
       1
       1
       0
       0
       0
       0
       1
       0
       0
       0
       0
       0
       0
       0
       0
       0
       0
       0
       1
       1
       0
       0
       0
       0
       0
       0
       0
       0
       0
       0
       1
       0
       0
       0
       0
       0
       0
       0
       0
       2
       0
       0
       0
       0
       0
       0
       0
       1
       0
       0
       0
       0
       0
       0
       1
       0
       0
       0
       0
       0
       0
       0
       0
       0
       0
       0
       0
       0
       0
       1
       0
       0
       0
       0
       0
       0
       0
       0
       0
       0
       0
       0
       0
       0
       0
       0
       0
       0
       0
       0
       0
       0
       0
       0
       0
       0
       1
       0
       0
       1
       0
       0
       0
       1
       1
       1
       0
       0
       1
       0
       0
       0
       1
       0
       1
       0
       0
       0
       0
       0
       1
       0
       1
       0
       0
       0
       0
       0
       0
       0
       0
       0
       0
       1
       0
       0
       0
       0
       0
       0
       0
       0
       0
       2
       0
       0
       0
       0
       0
       0
       0
       0
       0
       0
       0
       0
       0
       0
       0
       0
       0
       0
       0
       0
       1
       0
       0
       0
       0
       1
       0
       0
       0
       0
       0
       0
       0
       1
       1
       0
       0
       2
       0
       0
       0
       0
       1
       0
       1
       0
       0
       0
       0
       0
       0
       0
       1
       0
       0
       0
       0
       1
       1
       0
       0
       0
       0
       0
       0
       1
       0
       1
       1
       0
       0
       0
       0
       0
       0
       0
       0
       0
       0
       0
       0
       0
       1
       0
       0
       0
       0
       0
       0
       0
       0
       0
       0
       0
       1
       1
       0
       0
       0
       2
       0
       0
       0
       1
       0
       1
       0
       0
       0
       0
       0
       0
       0
       0
       0
       0
       0
       0
       0
       1
       0
       0
       0
       0
       0
       0
       0
       0
       0
       0
       1
       0
       0
       0
       0
       0
       0
       0
       0
       0
       1
       0
       0
       0
       1
       0
       0
       0
       0
       0
       0
       1
       0
       0
       0
       1
       0
       0
       0
       1
       0
       1
       0
       0
       0
       0
       0
       0
       0
       1
       1
       1
       0
       0
       0
       0
       0
       0
       0
       0
       0
       0
       0
       0
       0
       0
       0
       0
       0
       0
       0
       1
       0
       1
       0
       1
       0
       1
       0
       0
       0
       0
       0
       0
       1
       0
       0
       0
       0
       0
       0
       0
       0
       0
       1
       1
       0
       1
       0
       1
       2
       0
       0
       0
       0
       0
       0
       0
       0
       0
       0
       0
       0
       0
       1
       0
       1
       0
       0
       0
       0
       0
       0
       0
       0
       0
       0
       0
       0
       0
       0
       0
       0
       0
       0
       0
       0
       0
       0
       0
       0
       0
       0
       0
       0
       0
       0
       0
       0
       0
       0
       0
       0
       0
       0
       1
       1
       0
       1
       0
       0
       0
       0
       0
       0
       0
       1
       0
       0
       1
       0
       0
       0
       0
       1
       0
       0
       0
       0
       0
       0
       0
       0
       0
       0
       0
       0
       0
       0
       0
       0
       0
       0
       0
       1
       0
       0
       0
       0
       0
       0
       1
       0
       0
       0
       0
       0
       0
       1
       0
       0
       0
       0
       0
       0
       0
       0
       1
       0
       0
       0
       0
       0
       0
       0
       0
       0
       0
       1
       0
       0
       0
       0
       0
       0
       0
       0
       1
       0
       0
       2
       0
       0
       0
       0
       0
       0
       0
       0
       0
       0
       0
       0
       0
       0
       0
       0
       0
       0
       1
       1
       0
       0
       0
       1
       0
       0
       0
       0
       1
       0
       0
       0
       0
       0
       0
       0
       0
       0
       0
       0
       0
       0
       0
       0
       0
       0
       0
       0
       0
       0
       0
       0
       0
       0
       0
       1
       0
       0
       0
       0
       0
       1
       0
       0
       0
       0
       1
       0
       0
       0
       0
       0
       0
       1
       0
       0
       0
       1
       0
       0
       0
       0
       1
       0
       0
       0
       1
       0
       1
       0
       0
       0
       0
       0
       0
       0
       0
       0
       1
       0
       0
       0
       0
       0
       0
       0
       0
       1
       0
       0
       0
       0
       0
       1
       0
       0
       0
       0
       0
       0
       0
       0
       0
       0
       0
       0
       0
       0
       0
       0
       0
       0
       0
       0
       0
       1
       1
       0
       0
       0
       0
       0
       0
       0
       0
       0
       0
       0
       0
       0
       0
       0
       0
       1
       0
       1
       0
       0
       0
       1
       1
       0
       0
       0
       0
       0
       0
       0
       0
       0
       0
       0
       0
       0
       0
       0
       0
       0
       0
       0
       1
       1
       0
       0
       0
       1
       0
       1
       0
       0
       0
       0
       1
       1
       0
       0
       0
       0
       0
       0
       0
       0
       0
       0
       0
       1
       0
       0
       0
       0
       0
       0
       0
       0
       0
       0
       1
       0
       0
       0
       0
       0
       0
       0
       0
       0
       0
       0
       1
       0
       0
       0
       2
       0
       0
       0
       0
       0
       0
       0
       0
       0
       0
       0
       1
       0
       0
       0
       0
       0
       0
       0
       0
       0
       0
       0
       0
       0
       0
       0
       0
       0
       0
       0
       0
       0
       0
       0
       0
       0
       0
       0
       0
       1
       0
       0
       0
       0
       1
       0
       0
       0
       0
       0
       1
       2
       0
       0
       0
       0
       0
       0
       0
       0
       0
       2
       0
       0
       0
       0
       0
       1
       0
       0
       0
       0
       0
       0
       0
       0
       0
       0
       0
       0
       1
       0
       1
       0
       0
       0
       1
       0
       0
       0
       0
       1
       0
       0
       0
       0
       0
       0
       0
       0
       0
       0
       0
       0
       0
       0
       0
       0
       0
       0
       0
       0
       0
       0
       0
       0
       0
       0
       0
       0
       0
       0
       0
       0
       0
       0
       0
       0
       0
       1
       0
       0
       0
       0
       0
       1
       0
       0
       0
       0
       0
       0
       0
       0
       0
       0
       0
       0
       0
       0
       0
       0
       0
       1
       1
       0
       0
       1
       0
       0
       0
       0
       0
       0
       0
       0
       0
       0
       0
       0
       0
       0
       1
       0
       0
       0
       0
       0
       0
       0
       0
       0
       0
       0
       0
       0
       1
       0
       0
       0
       1
       0
       0
       0
       0
       0
       0
       0
       0
       0
       0
       1
       1
       0
       0
       1
       0
       0
       0
       0
       0
       0
       1
       0
       1
       0
       0
       0
       0
       0
       0
       0
       0
       0
       1
       1
       1
       0
       0
       1
       0
       0
       0
       1
       1
       0
       0
       0
       0
       0
       0
       0
       0
       0
       1
       0
       0
       0
       1
       0
       0
       0
       0
       0
       0
       2
       0
       1
       0
       1
       0
       1
       2
       0
       1
       1
       0
       1
       1
       0
       0
       0
       0
       1
       0
       0
       0
       1
       0
       0
       0
       0
       1
       0
       0
       0
       0
       0
       0
       0
       0
       0
       1
       0
       0
       0
       0
       0
       0
       0
       0
       0
       0
       0
       1
       1
       0
       0
       0
       1
       0
       0
       0
       0
       0
       0
       0
       0
       0
       0
       0
       0
       1
       0
       0
       0
       1
       0
       0
       0
       0
       0
       0
       0
       0
       1
       0
       0
       0
       0
       0
       1
       0
       0
       0
       0
       0
       0
       0
       0
       0
       0
       1
       0
       1
       0
       0
       0
       0
       0
       0
       0
       0
       0
       0
       0
       0
       0
       0
       0
       0
       0
       0
       0
       0
       0
       0
       0
       0
       0
       0
       0
       0
       0
       0
       0
       0
       0
       0
       0
       0
       0
       0
       0
       0
       0
       0
       0
       0
       0
       0
       0
       0
       0
       0
       0
       0
       0
       0
       0
       0
       0
       0
       0
       0
       0
       0
       0
       0
       0
       0
       0
       0
       0
       0
       0
       0
       0
       0
       0
       0
       0
       0
       0
       0
       0
       0
       0
       0
       0
       0
       0
       0
       0
       0
       0
       1
       0
       0
       0
       0
       0
       0
       0
       0
       1
       1
       1
       0
       0
       0
       0
       1
       0
       0
       0
       0
       0
       0
       0
       0
       0
       0
       0
       1
       0
       0
       0
       0
       0
       1
       0
       0
       0
       0
       0
       0
       0
       0
       0
       0
       1
       0
       0
       2
       1
       3
       2
       0
       0
       1
       0
       0
       0
       0
       0
       0
       0
       0
       0
       0
       0
       0
       0
       0
       1
       0
       0
       0
       0
       1
       0
       0
       0
       0
       0
       1
       0
       0
       0
       0
       0
       0
       1
       0
       0
       0
       0
       1
       0
       0
       0
       0
       1
       0
       0
       0
       0
       0
       0
       0
       0
       0
       0
       0
       0
       1
       0
       0
       0
       1
       0
       1
       0
       0
       0
       0
       1
       0
       0
       0
       0
       0
       1
       0
       0
       0
       0
       0
       0
       0
       0
       0
       0
       0
       0
       0
       0
       0
       1
       0
       0
       0
       0
       0
       0
       0
       0
       0
       0
       0
       0
       0
       1
       0
       0
       0
       0
       0
       0
       0
       0
       0
       0
       0
       0
       0
       0
       0
       0
       0
       0
       0
       0
       0
       0
       0
       0
       0
       0
       0
       0
       0
       0
       1
       0
       0
       1
       0
       0
       0
       0
       0
       0
       0
       0
       0
       0
       0
       0
       0
       0
       0
       0
       0
       0
       0
       0
       0
       0
       0
       0
       1
       0
       0
       0
       0
       0
       0
       0
       0
       1
       0
       0
       0
       0
       0
       0
       0
       0
       0
       0
       0
       0
       0
       0
       0
       0
       0
       0
       0
       0
       0
       0
       0
       0
       0
       0
       0
       0
       0
       0
       1
       0
       0
       0
       0
       0
       0
       0
       0
       0
       0
       0
       0
       0
       0
       0
       0
       0
       0
       0
       0
       0
       1
       0
       0
       0
       0
       0
       0
       0
       0
       0
       0
       0
       0
       0
       0
       0
       0
       0
       0
       0
       0
       0
       0
       0
       0
       0
       0
       0
       0
       0
       1
       1
       0
       0
       0
       0
       0
       0
       0
       0
       0
       0
       0
       0
       0
       1
       0
       0
       0
       0
       0
       0
       0
       0
       0
       0
       0
       1
       0
       0
       0
       0
       0
       0
       0
       0
       0
       0
       0
       0
       0
       0
       0
       1
       1
       0
       0
       0
       1
       1
       0
       0
       0
       0
       0
       0
       0
       0
       0
       0
       0
       0
       0
       0
       1
       0
       0
       1
       0
       0
       0
       0
       0
       0
       0
       0
       0
       0
       0
       0
       0
       0
       0
       0
       0
       0
       0
       0
       0
       0
       0
       0
       0
       0
       0
       0
       0
       0
       0
       1
       0
       0
       1
       0
       0
       0
       0
       0
       0
       1
       0
       0
       0
       0
       0
       0
       1
       0
       1
       0
       0
       0
       0
       0
       0
       0
       0
       0
       0
       0
       0
       0
       0
       0
       0
       0
       0
       0
       1
       1
       0
       0
       0
       1
       0
       0
       0
       0
       0
       0
       0
       0
       0
       0
       0
       0
       0
       0
       0
       0
       0
       0
       0
       0
       0
       0
       0
       0
       0
       0
       0
       0
       1
       0
       0
       1
       0
       0
       0
       1
       0
       0
       0
       0
       0
       0
       0
       1
       0
       0
       0
       0
       0
       0
       0
       1
       0
       0
       0
       0
       0
       0
       0
       0
       0
       0
       0
       0
       0
       0
       0
       0
       0
       0
       0
       0
       0
       0
       0
       0
       0
       1
       0
       0
       0
       0
       0
       0
       0
       0
       0
       0
       0
       0
       0
       0
       0
       1
       0
       0
       0
       0
       0
       1
       0
       1
       0
       0
       0
       0
       0
       0
       0
       0
       0
       0
       0
       0
       0
       0
       0
       0
       1
       0
       0
       0
       0
       0
       0
       0
       0
       0
       1
       1
       0
       0
       0
       0
       0
       0
       0
       0
       0
       0
       0
       0
       0
       0
       0
       0
       0
       0
       0
       0
       0
       0
       0
       0
       0
       0
       0
       0
       0
       0
       0
       0
       0
       0
       0
       0
       0
       0
       0
       0
       0
       0
       0
       0
       0
       0
       0
       1
       1
       0
       0
       0
       0
       0
       0
       0
       0
       0
       0
       0
       0
       0
       0
       1
       0
       0
       0
       0
       0
       0
       0
       0
       0
       1
       0
       0
       0
       0
       0
       0
       0
       1
       0
       0
       0
       0
       0
       0
       0
       0
       0
       0
       1
       0
       0
       0
       0
       1
       0
       0
       0
       0
       0
       0
       0
       0
       0
       0
       0
       0
       0
       0
       0
       0
       0
       0
       0
       1
       1
       0
       0
       0
       0
       0
       0
       0
       0
       0
       0
       0
       0
       0
       0
       0
       0
       0
       0
       0
       0
       0
       0
       0
       0
       1
       0
       0
       0
       0
       0
       0
       0
       0
       0
       0
       0
       0
       0
       0
       0
       0
       0
       0
       0
       0
       1
       0
       0
       0
       0
       0
       0
       0
       0
       0
       0
       0
       0
       0
       0
       0
       0
       0
       0
       0
       0
       0
       0
       0
       1
       0
       0
       0
       1
       0
       0
       0
       0
       0
       0
       0
       0
       0
       0
       0
       0
       0
       0
       0
       0
       0
       0
       0
       0
       0
       0
       1
       1
       0
       0
       0
       0
       0
       0
       0
       0
       0
       0
       0
       0
       0
       0
       0
       0
       0
       0
       1
       0
       1
       0
       0
       0
       0
       0
       0
       0
       0
       0
       0
       0
       0
       0
       0
       0
       0
       0
       0
       0
       0
       0
       0
       0
       1
       0
       0
       0
       0
       0
       0
       0
       0
       0
       0
       1
       0
       0
       0
       0
       0
       0
       0
       0
       0
       0
       0
       0
       1
       1
       0
       0
       0
       0
       0
       0
       0
       1
       0
       0
       0
       0
       0
       0
       0
       0
       0
       0
       0
       0
       0
       0
       0
       0
       0
       0
       0
       0
       0
       0
       0
       0
       0
       0
       0
       0
       0
       0
       0
       0
       0
       1
       0
       0
       0
       0
       1
       0
       1
       0
       0
       0
       0
       0
       0
       0
       0
       1
       0
       2
       0
       0
       0
       0
       0
       0
       0
       0
       0
       0
       0
       0
       0
       0
       0
       0
       0
       1
       0
       0
       1
       0
       0
       0
       0
       0
       0
       0
       0
       0
       0
       0
       0
       0
       0
       0
       0
       0
       0
       0
       0
       0
       0
       0
       0
       0
       0
       1
       0
       0
       0
       0
       0
       0
       0
       0
       0
       0
       0
       0
       0
       0
       0
       0
       0
       0
       0
       0
       0
       0
       0
       0
       0
       0
       0
       0
       1
       1
       0
       0
       0
       0
       0
       0
       0
       0
       0
       0
       0
       0
       0
       0
       0
       0
       0
       0
       0
       1
       0
       0
       0
       0
       1
       0
       0
       1
       0
       0
       0
       0
       0
       0
       0
       0
       0
       1
       0
       0
       0
       0
       0
       0
       0
       0
       0
       0
       0
       0
       0
       0
       0
       0
       0
       0
       0
       0
       0
       0
       0
       0
       0
       0
       0
       0
       0
       0
       0
       0
       0
       0
       0
       0
       0
       0
       0
       0
       1
       0
       0
       0
       0
       0
       0
       0
       0
       0
       0
       0
       2
       0
       0
       0
       0
       0
       0
       1
       0
$ROI:
0
$PRESETS:
Live Time
3600
0
$ENER_FIT:
0.137869 0.366631
$MCA_CAL:
3
1.378689E-001 3.666307E-001 -4.415950E-008 keV
$SHAPE_CAL:
3
2.301834E+000 9.195991E-004 -5.357180E-008
