$SPEC_ID:
Molnar Range
$SPEC_REM:
DET# 1
DETDESC# HPGe Detector 1
AP# GammaVision Version 6.07
$DATE_MEA:
02/03/2016 13:05:24
$MEAS_TIM:
3600 3905
$DATA:
0 8191
       0
       0
       0
       0
    1646
    2130
    1031
     748
     728
     777
     852
     843
     961
    1054
    1157
    1321
    1579
    1935
    2196
    2317
    2501
    2762
    3002
    3140
    3398
    3478
    3625
    3731
    3765
    3446
    3119
    2971
    2649
    2085
    1449
    1241
    1120
     896
     850
     741
     661
     620
     578
     565
     628
     740
     922
    1339
    1384
     823
     518
     505
     458
     608
     605
     607
     811
     975
     854
     739
     701
     573
     522
     516
     853
    1520
    1576
     842
     508
     564
    1431
    3673
    4186
    1980
     887
     606
     513
     389
     353
     350
     314
     340
     339
     341
     309
     320
     357
     347
     393
     798
    1469
    1314
     733
     432
     457
     458
     481
     509
     545
     554
     596
     660
     722
     790
     796
     925
     939
    1082
    1135
    1235
    1300
    1446
    1609
    1727
    1776
    2126
    2483
    3398
    4793
    4601
    3680
    3499
    3753
    4084
    4468
    4760
    5556
    6148
    7147
    8577
   10372
   13211
   17055
   19171
   23453
   30203
   27771
   20301
   17384
   16747
   16788
   16580
   15848
   15395
   15095
   14863
   15281
   15818
   16281
   17548
   19008
   20262
   20926
   21670
   23012
   24934
   26725
   29567
   31830
   44396
  224552
 1175028
 2529629
 2020496
  592620
   62996
    2734
     383
     331
     294
     287
     316
     293
     321
     318
     315
     319
     305
     336
     352
     323
     330
     346
     417
     402
     400
     400
     402
     431
     479
     617
     537
     466
     458
     448
     487
     566
     549
     617
     667
     649
     653
     673
     723
     798
     753
     721
     628
     654
     677
     631
     580
     581
     564
     585
     592
     633
     561
     568
     607
     555
     617
     555
     580
     626
     626
     605
     616
     674
     684
     754
     830
     756
     721
     732
     810
     804
     778
     792
     832
     859
     791
     857
     800
     852
     886
     882
     893
     879
     965
    1011
     993
    1057
    1011
    1073
    1104
    1046
    1104
    1216
    1167
    1251
    1247
    1317
    1609
    1828
    1867
    1560
    1887
    4352
    9820
   10836
    5229
    1660
    1169
    1476
    1920
    1919
    1415
    1791
    5023
   11349
   11603
    5092
    1143
     416
     376
     376
     412
     419
     462
     609
     512
     450
     423
     414
     416
     412
     495
     466
     468
     428
     426
     467
     466
     470
     430
     483
     508
     648
     686
     771
     931
     842
     617
     494
     513
     508
     508
     537
     620
     694
     666
     644
     954
    1610
    1801
    1156
     669
     564
     466
     514
     522
     472
     668
    1240
    1809
    1441
     791
     559
     844
    2595
    5124
    4865
    1987
     479
     231
     204
     174
     215
     246
     218
     198
     227
     191
     197
     198
     217
     225
     205
     228
     225
     221
     223
     216
     198
     224
     232
     249
     191
     204
     195
     202
     230
     214
     245
     228
     231
     198
     230
     222
     220
     229
     219
     240
     248
     227
     197
     197
     242
     248
     242
     231
     223
     249
     221
     203
     212
     341
     674
    1087
     967
     542
     233
     204
     202
     205
     198
     220
     295
     367
     286
     213
     205
     227
     183
     204
     219
     213
     213
     196
     234
     177
     216
     194
     177
     207
     231
     202
     215
     197
     225
     214
     238
     226
     180
     169
     181
     233
     212
     207
     213
     204
     196
     231
     187
     197
     185
     233
     322
     309
     244
     253
     263
     230
     214
     182
     209
     175
     195
     224
     290
     444
     579
     453
     282
     189
     180
     176
     177
     180
     171
     138
     173
     184
     190
     183
     181
     219
     198
     169
     161
     156
     163
     178
     193
     178
     189
     174
     161
     171
     174
     161
     185
     182
     168
     142
     162
     189
     183
     159
     151
     172
     162
     169
     178
     208
     153
     188
     204
     172
     151
     159
     143
     148
     161
     167
     182
     169
     158
     163
     177
     178
     186
     200
     217
     176
     153
     156
     150
     166
     162
     163
     157
     143
     168
     156
     168
     146
     169
     139
     156
     163
     185
     164
     140
     160
     168
     158
     168
     139
     137
     144
     135
     144
     161
     158
     159
     157
     151
     168
     149
     146
     145
     174
     229
     744
    1621
    2266
    1362
     509
     185
     126
     105
     102
     130
     118
      86
     100
     108
     104
      99
      95
     113
      93
     109
      98
     103
      97
      97
     115
     102
     106
     101
     101
     106
      94
     104
      90
     112
     101
     103
     113
     137
     206
     201
     140
     123
      85
     109
      86
      93
      87
      79
      92
      96
      97
      67
     103
      93
     105
      78
      75
      91
     104
     102
      94
      90
      98
      87
      73
      74
      88
      80
     103
      96
      97
      85
      94
      89
      92
      99
      91
      71
      71
      69
      97
      80
      73
      76
      73
      82
      89
      67
      86
      76
      83
      89
      73
      92
      83
      87
      97
      82
      79
      78
      97
      88
      86
      94
      93
      85
      99
      68
      86
      70
      81
      74
      88
      82
      80
      73
      84
      79
      63
      83
      91
      78
      67
      85
      93
      86
      55
      96
      81
      79
      78
      81
      79
      65
      88
      79
      79
      73
      66
      79
      86
      82
      87
      69
      82
      68
      80
      73
      67
      75
      81
      78
      78
      81
      72
      65
      86
      95
      77
      81
      82
      72
      84
     121
     116
     117
      79
      69
      76
      69
      66
      79
      71
      70
      76
      80
      71
      71
      72
      76
      69
      66
      85
      68
      82
      80
      69
      85
      78
      76
      69
      80
      61
      70
      76
      73
      70
      68
      70
      75
      56
      69
      74
      72
      57
      71
      62
      65
      68
      70
      69
      73
      67
      76
      64
      68
      71
      73
      71
      70
      50
      56
      55
      46
      55
      87
      71
      61
      77
      80
      65
      76
     100
      81
      95
      79
      63
      61
      51
      65
      60
      63
      63
      58
      50
      60
      57
      58
      74
      62
      56
      81
      91
     128
     119
      74
      70
      61
      46
      60
      64
      59
      63
      59
      48
      69
      75
      49
      68
      61
      55
      53
      64
      49
      56
      55
      57
      53
      61
      60
      67
      49
      65
     143
     306
     376
     329
     166
     100
      59
      50
      46
      55
      56
      57
      44
      45
      43
      58
      49
      58
      42
      58
      46
      66
      51
      55
      55
      54
      53
      59
      67
     119
     324
     386
     331
     172
      66
      51
      47
      35
      57
      52
      46
      55
      47
      37
      48
      50
      41
      39
      47
      58
      52
      59
      48
      45
      55
      77
     159
     311
     385
     282
     145
      81
      45
      81
     270
     703
    1061
    1050
     557
     171
      67
      56
      45
      32
      26
      34
      34
      36
      43
      56
      70
      57
      42
      33
      25
      27
      39
      21
      34
      39
      29
      28
      27
      27
      32
      28
      24
      36
      31
      37
      37
      33
      35
      28
      26
      30
      27
      31
      33
      31
      37
      39
      31
      42
      30
      37
      34
      24
      28
      28
      26
      41
      35
      36
      22
      36
      31
      41
      33
      39
      34
      31
      27
      36
      37
      24
      39
      26
      37
      20
      24
      32
      28
      29
      32
      35
      28
      27
      26
      45
      28
      31
      26
      48
      64
     200
     391
     500
     354
     178
      64
      53
      96
     139
     110
      82
      41
      27
      24
      31
      28
      24
      30
      21
      24
      24
      58
     153
     262
     298
     214
      88
      34
      27
      16
      24
      17
      31
      17
      25
      25
      30
      25
      21
      23
      29
      43
      61
      78
      71
      42
      36
      22
      15
      18
      21
      22
      28
      26
      16
      22
      22
      24
      26
      18
      34
      38
      29
      20
      35
      20
      21
      17
      17
      22
      16
      17
      32
      25
      29
      21
      15
      24
      11
      26
      23
      26
      27
      35
      28
      21
      13
      16
      20
      17
      16
      19
      14
      24
      16
      20
      19
      28
      19
      19
      23
      17
      20
      18
      21
      14
      22
      25
      27
      32
      25
      15
      18
      18
      20
      27
      21
      17
      17
      20
      26
      20
      23
      21
      25
      15
      25
      19
      23
      29
      31
      37
      38
      39
      33
      28
      22
      25
      44
      62
      70
      80
      48
      33
      24
      21
      20
      10
      18
      30
      20
      17
      24
      18
      18
      22
      29
      38
      48
      72
      73
      57
      30
      30
      25
      20
      15
      17
      21
      25
      15
      20
      15
      17
      22
      21
      14
      13
      17
      22
      17
      21
      19
      29
      14
      20
      22
      15
      29
      21
      26
      18
      20
      19
      21
      19
      34
      27
      26
      23
      22
      19
      27
      30
      20
      21
      19
      15
      18
      11
      28
      19
      26
      19
      27
      17
      24
      23
      18
      21
      19
      15
      26
      24
      19
      16
      13
      23
      18
      25
      24
      24
      11
      21
      23
      22
      36
      40
      31
      28
      20
      18
      17
      19
      15
      23
      15
      15
      23
      28
      29
      27
      20
      13
      14
      15
      15
      24
      19
      18
      17
      14
      18
      17
      21
      22
      14
      23
      19
      26
      33
      26
      26
      24
      23
      27
      29
      26
      24
      31
      23
      23
      26
      27
      37
      38
      31
      32
      40
      35
      36
      37
      39
      43
      31
      43
      37
      42
      43
      50
      62
      42
      55
      38
      43
      45
      45
      45
      33
      40
      39
      35
      24
      21
      22
      26
      29
      24
      23
      28
      20
      28
      20
      29
      25
      15
      20
      13
      22
      21
      12
      12
      12
      16
      15
      19
      17
       8
      19
      17
       8
      15
      13
      12
      11
      12
       8
       9
      15
      19
      12
      11
      14
      13
       7
      14
      11
      13
      11
      11
      11
      22
       9
      15
      13
      11
      15
      17
       9
      17
       7
      11
      16
      19
      11
      13
      13
      12
      15
      12
      13
      11
      13
      14
      13
      16
      17
      20
      17
      32
      32
      29
      16
      30
      27
      18
       9
      18
      13
      18
      21
      10
      17
      10
       9
       9
      10
       9
      16
      13
       7
       9
      22
       8
       6
      18
      12
       5
      18
      17
      10
      14
       9
       3
      15
      10
      13
       7
       9
      14
       7
       9
       9
      12
      10
      13
      12
       7
      20
       8
      12
      12
      14
      17
       9
      14
      15
      10
      17
       9
      10
       9
      10
       6
      10
       8
      11
      12
       9
       7
       6
       8
      11
       9
       9
      11
      12
       8
      12
       7
      12
      12
      11
       9
      14
      17
      11
      10
      13
       7
       5
      12
      10
      11
      11
      11
      12
       7
       8
       6
       9
       7
       6
       8
       8
       6
       7
       4
       8
      12
      10
       3
      10
      10
       5
       4
       9
       5
      12
       7
       6
      14
       8
      12
       5
       7
      13
       9
       8
      14
       8
       7
      18
      10
       9
       9
       5
      11
       6
      13
       8
       8
       5
      14
       9
      12
       8
       7
      14
       3
       6
       7
      12
       8
      11
       6
       9
       7
       9
      11
      11
      10
       7
      14
       5
       7
       6
       3
      10
       8
       9
       6
       9
       5
       4
       6
      11
       6
       8
       8
       7
       6
       6
       8
       8
       7
       8
       4
       6
       8
       7
       7
       3
       8
       8
       4
      12
       7
      12
       6
       7
       5
       3
       8
       7
       8
       7
      16
       5
      11
       5
       3
       6
       7
       5
       7
       7
      18
      14
       7
       7
       7
       7
       8
       5
       7
       5
       4
       4
       3
       6
       1
       5
       5
       8
      13
      14
      21
      16
       9
       8
       6
       7
       3
       9
       5
       7
       7
      13
      12
       6
       6
       5
       3
       5
       6
      10
       5
       5
       5
       3
       9
       9
       3
       8
       5
       1
       8
       4
       9
      12
       9
      10
       8
       5
       8
       3
       5
       3
       9
       9
       6
       6
       8
       4
       7
       4
       7
       9
       6
       8
       8
      23
      44
      65
      91
      92
      53
      22
       6
       6
      10
       3
       4
       6
       7
       8
       9
       0
       4
       3
       8
       5
       7
       5
       4
       5
       3
      15
       7
       4
       5
       2
       9
       2
       2
       8
       6
       5
       6
       6
       3
       8
       8
       9
       4
       6
       4
       4
       4
       4
       6
       4
       4
       5
       3
       6
       4
       7
       2
       5
       4
       8
       6
      12
       8
      17
      12
      10
      15
       4
       6
       8
       6
       5
       5
       6
       4
       0
       6
       5
       3
       2
       5
       7
       4
       4
      10
       6
       2
       8
       5
       4
       6
       5
      12
      37
      61
      57
      43
      24
      14
       2
       4
       5
       7
       7
       5
       6
       6
       2
       3
       4
       3
       5
       4
       8
      10
       4
      10
      22
     106
     293
     485
     534
     374
     180
      70
      10
       4
       3
       1
       5
       1
       3
       4
       4
       0
       2
       4
       1
       1
       3
       2
       2
       8
       2
       3
       2
       4
       3
       2
       4
       4
       4
       3
       3
       3
       2
       6
       5
       4
       3
       2
       2
       7
       2
       1
       3
       2
       3
       6
       8
       6
       3
       1
       3
       3
       3
       3
       3
       0
       3
       2
       2
       1
       1
       3
       3
       1
       2
       2
      10
      12
      26
      40
      51
      26
      21
       9
       5
       2
       3
       2
       4
       5
       8
       5
      12
       7
      10
       4
       8
       4
       6
      10
       7
       6
       8
       3
       2
       2
       3
       6
       2
       6
       6
       1
       2
       2
       1
       3
       2
       1
       3
       3
       3
       2
       4
       1
       5
       0
       2
       5
       2
       2
       4
       1
       4
       1
       5
       8
      10
      11
       7
       4
       0
       3
       1
       3
       4
       3
       1
       1
       2
       6
       2
       2
       3
       0
       0
       1
       2
       0
       6
       0
       3
       0
       2
       3
       6
       3
      13
      30
     124
     186
     284
     229
     168
      76
      27
      10
       9
       2
       2
       3
       2
       2
       1
       1
       3
       6
       1
       1
       2
       3
       6
       4
       1
       2
       1
       3
       2
       2
       0
       2
       2
       1
       1
       0
       1
       0
       0
       1
       3
       1
       8
       7
      17
      13
       8
       5
       5
       4
       3
       2
       1
       1
       1
       1
       1
       0
       2
       2
       1
       0
       1
       4
       3
       0
       1
       3
       2
       5
       1
       1
       1
       1
       2
       1
       1
       2
       0
       1
       2
       0
       3
       1
       2
       1
       1
       0
       2
       0
       2
       2
       0
       5
       5
       9
      10
       6
       2
       3
       0
       1
       3
       0
       3
       2
       3
       0
       0
       2
       1
       0
       1
       2
       0
       1
       1
       1
       5
       0
       3
       2
       1
       1
       7
       5
       8
       5
       2
       0
       2
       4
       2
       7
       6
       5
       9
       1
       6
       7
       5
       0
       0
       2
       0
       1
       2
       0
       1
       1
       1
       1
       0
       1
       0
       3
       0
       2
       1
       1
       2
       1
       2
       2
       0
       2
       2
       1
       1
       1
       2
       1
       1
       2
       1
       0
       0
       1
       1
       1
       1
       0
       2
       2
       0
       2
       1
       1
       3
       1
       2
       1
       3
       2
       3
       3
       0
       2
       0
       1
       3
       0
       1
       1
       1
       3
       0
       2
       0
       2
       3
       1
       3
       1
       3
       3
       0
       0
       2
       3
       3
       4
       3
       5
       0
       4
       4
       2
       3
       0
       1
       1
       1
       1
       1
       2
       3
       6
       0
       0
       2
       0
       0
       2
       2
       4
       2
       0
       1
       1
       1
       1
       0
       0
       1
       1
       2
       0
       2
       0
       0
       2
       1
       0
       2
       3
       0
       3
       2
       1
       3
       1
       0
       2
       2
       3
       2
       1
       1
       0
       3
       4
       2
       0
       0
       1
       0
       2
       1
       0
       2
       2
       2
       0
       2
       2
       0
       1
       3
       1
       0
       2
       3
       3
       4
       1
       1
       2
       0
       0
       0
       3
       2
       1
       1
       3
       4
       0
       0
       0
       2
       3
       0
       2
       2
       3
       2
       4
       1
       1
       2
       0
       1
       2
       2
       0
       1
       0
       1
       2
       2
       4
       3
      10
       1
       1
       0
       5
       0
       1
       2
       1
       1
       0
       1
       1
       4
       0
       0
       1
       1
       1
       2
       1
       1
       1
       1
       0
       0
       0
       3
       0
       5
       1
       2
       2
       1
       0
       1
       2
       1
       1
       2
       0
       3
       1
       2
       4
       3
       3
       1
       1
       2
       1
       1
       1
       0
       2
       2
       2
       2
       0
       1
       4
       0
       1
       3
       2
       1
       2
       3
       3
       2
       1
       0
       1
       4
       0
       3
       2
       4
       3
       2
       1
       0
       0
       3
       0
       0
       0
       0
       1
       0
       0
       1
       2
       1
       0
       3
       2
       2
       0
       0
       2
       1
       0
       3
       0
       1
       2
       0
       0
       1
       2
       1
       3
       1
       0
       4
       1
       1
       1
       0
       0
       0
       0
       1
       2
       1
       0
       0
       0
       1
       1
       0
       0
       0
       0
       0
       2
       0
       2
       1
       3
       1
       2
       3
       1
       0
       3
       1
       0
       2
       5
       1
       1
       0
       1
       0
       1
       0
       2
       2
       0
       1
       0
       1
       0
       1
       3
       1
       1
       2
       2
       1
       2
       0
       0
       0
       3
       1
       2
       2
       0
       0
       0
       1
       1
       1
       0
       2
       2
       0
       1
       0
       1
       1
       0
       1
       0
       3
       0
       0
       1
       0
       0
       0
       1
       3
       0
       1
       2
       1
       3
       1
       1
       1
       1
       1
       0
       1
       1
       5
       1
       0
       1
       1
       2
       2
       2
       0
       1
       0
       3
       1
       0
       0
       1
       0
       0
       1
       1
       2
       2
       0
       1
       0
       0
       1
       0
       0
       1
       1
       0
       3
       0
       0
       0
       0
       2
       1
       3
       1
       0
       2
       1
       0
       0
       0
       0
       1
       1
       0
       1
       0
       0
       2
       1
       1
       1
       0
       0
       4
       0
       0
       1
       3
       2
       0
       1
       3
       1
       1
       1
       2
       1
       0
       5
       0
       1
       2
       2
       2
       2
       0
       0
       0
       0
       0
       1
       1
       0
       1
       0
       1
       1
       3
       2
       0
       3
       0
       1
       1
       1
       2
       0
       2
       2
       0
       1
       4
       1
       1
       1
       1
       0
       1
       1
       2
       1
       0
       0
       0
       2
       1
       0
       1
       0
       0
       0
       1
       0
       0
       3
       1
       1
       0
       0
       1
       0
       0
       1
       0
       1
       0
       2
       2
       0
       2
       0
       1
       1
       0
       2
       0
       0
       1
       0
       3
       0
       0
       1
       1
       1
       0
       0
       1
       1
       0
       3
       0
       2
       0
       0
       0
       2
       2
       0
       0
       1
       0
       4
       0
       1
       1
       1
       1
       2
       1
       1
       0
       1
       0
       1
       1
       1
       1
       1
       2
       0
       0
       1
       2
       1
       0
       0
       1
       0
       0
       4
       2
       1
       0
       2
       2
       0
       2
       0
       2
       0
       1
       0
       1
       1
       2
       1
       0
       1
       2
       0
       0
       0
       1
       0
       0
       2
       0
       1
       0
       0
       1
       0
       0
       1
       1
       0
       2
       0
       1
       0
       1
       1
       0
       2
       0
       0
       0
       3
       0
       1
       0
       0
       0
       2
       1
       3
       2
       2
       1
       2
       1
       0
       0
       0
       1
       3
       0
       1
       1
       1
       2
       1
       0
       0
       0
       1
       2
       0
       1
       1
       1
       1
       1
       1
       0
       2
       0
       0
       1
       1
       1
       0
       1
       1
       1
       0
       1
       0
       0
       0
       0
       0
       1
       1
       1
       0
       0
       1
       1
       1
       0
       1
       1
       1
       1
       0
       2
       2
       0
       1
       1
       1
       0
       1
       1
       0
       0
       0
       0
       1
       1
       2
       2
       1
       3
       0
       1
       0
       0
       0
       1
       0
       1
       0
       1
       1
       0
       1
       0
       0
       0
       1
       2
       0
       0
       0
       1
       0
       1
       2
       1
       0
       1
       0
       1
       0
       1
       0
       0
       1
       0
       2
       0
       0
       1
       0
       1
       2
       2
       1
       1
       1
       0
       1
       0
       0
       0
       0
       0
       2
       0
       1
       3
       1
       0
       3
       2
       0
       0
       2
       1
       0
       1
       0
       1
       0
       2
       0
       0
       2
       1
       1
       2
       1
       0
       0
       3
       2
       0
       0
       0
       1
       1
       0
       1
       0
       0
       0
       1
       2
       1
       0
       0
       0
       0
       0
       3
       2
       3
       0
       1
       1
       1
       2
       0
       2
       1
       0
       1
       0
       2
       1
       2
       2
       2
       2
       1
       0
       1
       0
       0
       1
       0
       0
       1
       1
       1
       2
       1
       0
       0
       0
       1
       0
       1
       1
       0
       0
       0
       0
       0
       2
       1
       0
       1
       1
       1
       0
       4
       0
       0
       1
       0
       1
       2
       3
       1
       0
       0
       0
       0
       1
       1
       0
       0
       1
       1
       0
       3
       1
       2
       0
       0
       0
       0
       3
       3
       1
       2
       0
       1
       3
       3
       0
       0
       0
       4
       2
       2
       1
       2
       0
       2
       0
       2
       3
       1
       1
       2
       2
       2
       0
       4
       1
       3
       7
       5
       2
       1
       0
       1
       4
       6
       1
       3
       1
       0
       2
       3
       0
       0
       0
       0
       2
       2
       0
       2
       1
       1
       0
       2
       0
       3
       1
       0
       1
       0
       1
       1
       1
       0
       0
       0
       1
       2
       0
       0
       0
       2
       0
       1
       0
       0
       0
       0
       1
       3
       0
       1
       1
       0
       1
       0
       1
       2
       1
       1
       1
       0
       1
       0
       1
       0
       1
       0
       1
       0
       0
       0
       2
       0
       0
       2
       0
       1
       0
       1
       1
       0
       0
       1
       1
       0
       2
       0
       0
       0
       0
       1
       0
       2
       0
       1
       2
       0
       0
       2
       0
       0
       0
       0
       1
       1
       1
       1
       1
       0
       2
       2
       0
       0
       0
       1
       1
       1
       0
       0
       1
       2
       1
       4
       2
       1
       0
       0
       0
       0
       0
       1
       1
       0
       1
       1
       2
       1
       1
       0
       1
       1
       0
       0
       2
       0
       0
       0
       0
       0
       0
       1
       1
       0
       0
       0
       0
       0
       0
       1
       1
       0
       1
       0
       0
       0
       2
       0
       0
       0
       0
       0
       3
       0
       0
       1
       0
       0
       0
       0
       0
       0
       1
       1
       0
       3
       0
       1
       0
       0
       0
       0
       0
       0
       0
       2
       0
       1
       3
       0
       0
       0
       1
       1
       0
       0
       1
       2
       0
       1
       1
       0
       0
       2
       0
       1
       2
       2
       1
       3
       1
       0
       1
       0
       1
       1
       0
       0
       0
       1
       1
       0
       1
       1
       1
       1
       1
       0
       0
       0
       0
       0
       0
       1
       0
       2
       0
       1
       2
       0
       2
       2
       0
       3
       0
       2
       1
       0
       0
       0
       0
       2
       2
       0
       3
       0
       1
       0
       0
       0
       0
       0
       1
       3
       0
       1
       0
       1
       0
       1
       3
       0
       0
       0
       2
       1
       1
       3
       1
       3
       2
       0
       1
       0
       0
       2
       0
       1
       0
       0
       0
       0
       0
       0
       0
       0
       0
       0
       0
       1
       0
       0
       0
       0
       1
       2
       1
       2
       2
       1
       0
       1
       0
       0
       0
       0
       0
       0
       0
       0
       1
       1
       2
       1
       0
       0
       0
       1
       1
       0
       1
       0
       0
       1
       1
       1
       1
       1
       0
       0
       0
       0
       0
       0
       0
       1
       0
       0
       1
       1
       1
       2
       0
       1
       1
       0
       2
       2
       1
       2
       0
       1
       0
       1
       2
       1
       2
       0
       0
       0
       2
       1
       0
       1
       0
       0
       0
       0
       0
       0
       0
       0
       0
       1
       2
       0
       1
       1
       3
       0
       1
       1
       0
       0
       0
       0
       0
       1
       0
       0
       3
       1
       2
       1
       0
       1
       0
       0
       0
       0
       0
       1
       0
       1
       0
       1
       0
       1
       0
       0
       2
       1
       0
       1
       0
       3
       1
       0
       1
       0
       1
       1
       1
       1
       0
       0
       0
       2
       0
       0
       0
       0
       4
       1
       1
       1
       0
       1
       0
       1
       2
       1
       0
       1
       0
       0
       0
       1
       0
       1
       0
       1
       0
       0
       0
       0
       0
       0
       1
       1
       1
       1
       1
       0
       0
       1
       0
       0
       2
       0
       0
       3
       0
       1
       2
       1
       1
       0
       3
       2
       1
       0
       2
       1
       0
       0
       3
       0
       1
       1
       0
       0
       0
       0
       0
       0
       1
       0
       0
       0
       0
       1
       1
       0
       0
       0
       0
       0
       0
       0
       0
       0
       0
       0
       0
       0
       0
       1
       2
       0
       0
       0
       0
       1
       2
       1
       0
       1
       0
       1
       0
       1
       1
       0
       1
       1
       1
       2
       0
       1
       0
       0
       0
       0
       1
       0
       0
       1
       1
       1
       0
       0
       2
       2
       1
       1
       3
       2
       0
       0
       1
       0
       3
       1
       0
       0
       0
       0
       0
       0
       1
       0
       0
       0
       0
       2
       0
       0
       0
       0
       0
       0
       0
       1
       0
       0
       0
       0
       2
       1
       0
       2
       0
       0
       1
       0
       0
       0
       0
       1
       1
       1
       1
       1
       0
       1
       1
       2
       2
       2
       0
       0
       0
       0
       1
       0
       0
       0
       1
       1
       1
       0
       0
       1
       0
       0
       1
       0
       0
       1
       1
       0
       0
       0
       2
       1
       2
       1
       1
       2
       1
       0
       0
       0
       1
       0
       1
       0
       0
       0
       0
       0
       2
       2
       1
       3
       1
       0
       2
       1
       2
       0
       0
       0
       0
       0
       2
       3
       0
       0
       0
       0
       2
       0
       0
       1
       0
       0
       0
       0
       2
       0
       1
       0
       0
       0
       1
       0
       0
       2
       0
       1
       1
       0
       0
       0
       1
       1
       2
       1
       1
       1
       1
       0
       0
       3
       0
       1
       1
       0
       1
       0
       0
       2
       1
       2
       1
       0
       0
       0
       0
       1
       0
       1
       1
       0
       0
       1
       0
       0
       1
       1
       1
       1
       2
       1
       0
       2
       1
       3
       0
       0
       0
       1
       2
       0
       1
       0
       0
       3
       0
       0
       0
       1
       1
       0
       1
       0
       0
       0
       0
       1
       1
       0
       0
       2
       1
       0
       0
       0
       0
       0
       0
       0
       1
       1
       1
       0
       1
       0
       0
       1
       1
       0
       3
       1
       0
       0
       0
       2
       0
       0
       0
       2
       2
       1
       0
       1
       1
       1
       3
       0
       1
       2
       0
       1
       0
       0
       1
       1
       1
       0
       1
       0
       0
       1
       1
       1
       0
       0
       0
       0
       1
       1
       2
       0
       1
       0
       2
       0
       1
       1
       0
       2
       1
       1
       0
       0
       1
       1
       2
       2
       1
       0
       0
       0
       0
       0
       0
       0
       2
       0
       2
       0
       0
       0
       0
       1
       0
       0
       0
       1
       0
       4
       0
       0
       2
       0
       1
       1
       0
       2
       0
       0
       1
       0
       0
       1
       0
       2
       2
       1
       0
       3
       1
       0
       1
       0
       0
       0
       0
       1
       0
       0
       0
       0
       0
       0
       0
       0
       0
       0
       3
       0
       0
       0
       1
       0
       0
       0
       0
       0
       1
       1
       0
       0
       0
       0
       1
       1
       1
       1
       2
       0
       0
       0
       0
       1
       2
       0
       1
       1
       1
       0
       1
       0
       0
       0
       0
       0
       1
       0
       1
       1
       0
       0
       0
       1
       0
       0
       1
       0
       1
       0
       2
       0
       1
       0
       0
       0
       0
       0
       1
       1
       1
       0
       2
       1
       0
       2
       0
       0
       0
       0
       2
       2
       2
       0
       1
       1
       0
       1
       0
       0
       0
       0
       0
       0
       0
       0
       1
       0
       1
       0
       0
       2
       1
       0
       0
       0
       1
       0
       0
       1
       1
       1
       0
       0
       0
       1
       0
       1
       0
       0
       1
       0
       1
       0
       0
       0
       0
       1
       1
       1
       2
       1
       0
       1
       2
       0
       1
       0
       0
       1
       4
       1
       1
       2
       0
       0
       2
       2
       1
       1
       1
       2
       1
       1
       0
       0
       1
       0
       1
       1
       2
       1
       4
       1
       0
       1
       0
       0
       1
       0
       1
       0
       1
       0
       1
       1
       1
       0
       0
       1
       1
       0
       0
       0
       1
       0
       0
       1
       0
       0
       3
       0
       2
       0
       1
       1
       0
       0
       0
       1
       0
       0
       1
       0
       1
       1
       2
       0
       1
       1
       0
       1
       0
       2
       0
       1
       0
       0
       1
       1
       0
       1
       2
       0
       0
       1
       0
       1
       1
       0
       1
       1
       1
       2
       1
       1
       1
       1
       2
       0
       0
       0
       0
       1
       0
       0
       1
       0
       1
       0
       2
       1
       0
       1
       1
       1
       0
       1
       1
       0
       1
       0
       2
       0
       0
       0
       1
       1
       1
       0
       1
       1
       0
       0
       0
       0
       0
       2
       0
       2
       0
       1
       0
       0
       1
       0
       1
       0
       0
       0
       0
       0
       1
       0
       0
       0
       2
       4
       1
       1
       1
       1
       0
       2
       0
       0
       1
       0
       0
       0
       2
       0
       1
       0
       0
       0
       0
       1
       0
       1
       1
       0
       1
       0
       0
       1
       0
       0
       1
       0
       0
       1
       1
       1
       1
       1
       0
       0
       0
       0
       0
       3
       1
       0
       1
       0
       0
       0
       1
       1
       2
       0
       1
       1
       2
       0
       0
       2
       0
       0
       1
       0
       0
       1
       1
       0
       2
       1
       0
       2
       0
       0
       0
       0
       1
       0
       0
       0
       0
       1
       0
       0
       0
       1
       0
       1
       1
       0
       0
       0
       1
       0
       0
       0
       0
       0
       0
       0
       1
       0
       1
       1
       0
       1
       0
       0
       0
       0
       0
       0
       1
       0
       0
       0
       2
       1
       0
       0
       1
       0
       0
       0
       0
       0
       2
       0
       0
       1
       2
       2
       1
       0
       0
       0
       2
       3
       1
       1
       0
       1
       1
       0
       1
       0
       1
       0
       1
       1
       1
       1
       1
       0
       0
       0
       0
       2
       0
       0
       0
       0
       1
       0
       0
       0
       0
       2
       0
       0
       0
       0
       1
       1
       1
       1
       1
       0
       1
       0
       0
       0
       2
       1
       0
       0
       0
       1
       0
       0
       0
       0
       1
       0
       0
       0
       1
       0
       0
       0
       3
       0
       0
       2
       0
       0
       0
       0
       0
       0
       0
       0
       0
       2
       2
       1
       0
       0
       0
       1
       0
       0
       0
       1
       0
       2
       0
       1
       1
       0
       0
       0
       0
       0
       0
       0
       0
       0
       0
       0
       0
       0
       1
       0
       0
       1
       0
       0
       0
       0
       0
       0
       0
       0
       0
       0
       0
       1
       0
       0
       0
       1
       0
       1
       1
       0
       0
       0
       1
       0
       0
       1
       1
       0
       0
       1
       0
       0
       0
       0
       0
       0
       0
       2
       0
       0
       0
       1
       0
       0
       1
       2
       0
       1
       3
       1
       0
       1
       0
       0
       0
       0
       0
       0
       1
       0
       0
       0
       0
       0
       0
       0
       0
       0
       0
       0
       1
       0
       2
       1
       0
       1
       0
       0
       0
       0
       0
       1
       1
       0
       0
       1
       1
       0
       0
       0
       0
       0
       0
       0
       0
       0
       0
       0
       1
       0
       0
       0
       0
       0
       0
       0
       0
       0
       0
       0
       1
       2
       0
       1
       0
       0
       0
       0
       1
       0
       0
       1
       2
       0
       0
       0
       0
       2
       0
       0
       0
       0
       0
       0
       1
       1
       0
       1
       0
       0
       0
       0
       0
       0
       0
       1
       0
       1
       2
       1
       0
       0
       1
       0
       1
       0
       0
       0
       1
       0
       0
       0
       0
       0
       0
       1
       0
       0
       0
       0
       0
       0
       0
       1
       0
       1
       0
       0
       1
       0
       0
       1
       0
       1
       1
       0
       1
       0
       0
       1
       0
       0
       0
       0
       0
       1
       1
       0
       1
       0
       0
       0
       1
       0
       0
       1
       1
       0
       0
       0
       0
       0
       1
       0
       0
       0
       0
       0
       0
       3
       0
       0
       0
       1
       0
       1
       1
       0
       3
       0
       0
       1
       0
       0
       0
       0
       0
       0
       0
       1
       1
       0
       0
       0
       0
       0
       1
       0
       1
       1
       0
       0
       1
       0
       0
       0
       0
       0
       0
       0
       0
       0
       0
       0
       0
       0
       1
       1
       0
       0
       0
       0
       2
       0
       0
       0
       1
       2
       0
       1
       0
       1
       1
       0
       0
       2
       0
       0
       0
       0
       0
       0
       1
       1
       0
       1
       1
       0
       0
       0
       1
       0
       0
       0
       0
       0
       0
       0
       2
       0
       2
       1
       0
       1
       0
       1
       2
       0
       1
       1
       0
       0
       0
       1
       0
       0
       0
       0
       0
       1
       1
       0
       0
       0
       0
       0
       0
       0
       1
       0
       1
       0
       0
       0
       2
       0
       1
       0
       1
       0
       0
       0
       0
       0
       1
       2
       1
       0
       0
       0
       1
       1
       0
       1
       2
       1
       0
       2
       0
       1
       1
       1
       0
       0
       0
       0
       2
       3
       1
       2
       0
       2
       1
       3
       1
       0
       2
       1
       0
       2
       6
       3
       4
      16
      13
       8
       5
       4
       5
       4
       0
       3
       1
       1
       1
       1
       2
       3
       0
       1
       0
       2
       1
       0
       0
       3
       1
       0
       1
       0
       1
       1
       1
       0
       2
       0
       1
       0
       0
       0
       0
       0
       1
       0
       0
       0
       0
       0
       1
       1
       0
       0
       0
       0
       0
       1
       0
       0
       1
       0
       0
       0
       1
       0
       0
       0
       0
       0
       0
       0
       0
       0
       0
       0
       1
       0
       0
       0
       0
       0
       0
       1
       0
       0
       1
       0
       0
       0
       0
       0
       0
       1
       0
       0
       1
       0
       0
       0
       1
       0
       0
       1
       0
       0
       0
       0
       0
       0
       0
       1
       1
       0
       0
       0
       1
       0
       0
       0
       0
       0
       0
       1
       0
       0
       0
       0
       0
       0
       0
       0
       1
       0
       2
       0
       0
       0
       0
       1
       0
       0
       0
       1
       0
       1
       1
       1
       0
       0
       0
       0
       0
       0
       0
       0
       0
       0
       1
       0
       0
       0
       0
       0
       0
       1
       0
       1
       1
       2
       0
       0
       0
       1
       1
       0
       0
       0
       0
       1
       0
       0
       0
       1
       0
       0
       0
       0
       0
       0
       0
       0
       0
       0
       0
       0
       1
       1
       1
       1
       0
       0
       0
       1
       0
       0
       0
       0
       1
       0
       0
       0
       1
       1
       1
       0
       0
       1
       0
       0
       0
       0
       0
       0
       0
       0
       2
       1
       0
       1
       0
       0
       1
       0
       0
       1
       0
       0
       1
       0
       0
       0
       0
       0
       0
       0
       1
       0
       0
       0
       0
       1
       0
       0
       0
       0
       0
       0
       0
       0
       0
       0
       1
       0
       0
       0
       0
       0
       0
       0
       0
       0
       0
       0
       0
       0
       0
       0
       1
       1
       1
       0
       0
       0
       0
       0
       1
       0
       0
       0
       0
       0
       0
       0
       2
       0
       0
       0
       0
       0
       0
       0
       0
       0
       0
       1
       0
       1
       0
       0
       0
       0
       0
       0
       0
       0
       0
       0
       0
       0
       1
       0
       0
       0
       0
       1
       0
       0
       1
       0
       0
       0
       0
       0
       0
       0
       0
       0
       0
       0
       0
       0
       0
       0
       1
       1
       1
       0
       1
       0
       1
       1
       0
       0
       0
       1
       0
       1
       0
       0
       1
       0
       0
       0
       0
       0
       0
       0
       1
       0
       0
       0
       0
       0
       0
       0
       0
       1
       0
       0
       0
       0
       0
       0
       0
       0
       0
       0
       1
       1
       0
       0
       0
       0
       0
       1
       1
       0
       0
       0
       0
       0
       0
       0
       0
       0
       1
       1
       1
       0
       0
       0
       0
       0
       1
       0
       1
       0
       1
       0
       0
       0
       0
       0
       0
       0
       0
       0
       0
       0
       0
       0
       0
       0
       0
       1
       0
       0
       2
       0
       0
       0
       0
       1
       0
       0
       1
       0
       0
       0
       0
       1
       0
       0
       0
       0
       0
       0
       0
       1
       0
       0
       0
       0
       0
       0
       0
       0
       0
       0
       0
       0
       0
       0
       0
       1
       0
       0
       0
       0
       0
       1
       0
       0
       0
       0
       0
       0
       0
       1
       0
       0
       2
       0
       0
       1
       0
       1
       0
       0
       1
       0
       0
       0
       0
       0
       0
       0
       0
       0
       0
       2
       0
       1
       0
       0
       0
       0
       0
       1
       0
       0
       0
       0
       0
       1
       0
       1
       0
       2
       2
       0
       0
       0
       0
       0
       0
       0
       0
       0
       0
       0
       0
       0
       0
       0
       0
       0
       1
       0
       0
       0
       1
       0
       0
       0
       0
       0
       0
       0
       0
       0
       1
       0
       0
       0
       0
       0
       0
       0
       0
       0
       1
       0
       0
       0
       0
       0
       0
       0
       1
       0
       0
       0
       0
       0
       0
       0
       1
       1
       0
       0
       2
       1
       0
       0
       1
       0
       0
       0
       0
       0
       1
       0
       0
       0
       0
       0
       0
       0
       0
       0
       0
       0
       0
       0
       0
       0
       0
       0
       0
       0
       0
       0
       0
       1
       0
       0
       0
       0
       0
       0
       0
       0
       0
       0
       0
       0
       0
       1
       0
       0
       0
       0
       1
       0
       0
       0
       0
       0
       0
       0
       0
       1
       0
       0
       0
       0
       0
       0
       0
       0
       0
       0
       0
       1
       1
       0
       0
       0
       0
       1
       0
       1
       0
       0
       0
       0
       0
       0
       0
       0
       1
       0
       0
       0
       1
       0
       0
       0
       0
       0
       0
       0
       0
       0
       0
       0
       0
       0
       0
       0
       0
       0
       0
       0
       0
       0
       0
       0
       0
       1
       0
       0
       0
       0
       0
       0
       0
       0
       0
       0
       2
       0
       0
       0
       0
       0
       0
       1
       0
       0
       0
       0
       0
       0
       0
       0
       0
       0
       0
       0
       0
       0
       0
       0
       0
       0
       0
       0
       0
       0
       0
       0
       0
       0
       0
       0
       1
       0
       0
       0
       0
       0
       0
       0
       1
       0
       1
       0
       0
       0
       0
       0
       0
       0
       0
       0
       0
       0
       0
       0
       0
       0
       1
       0
       0
       0
       1
       2
       0
       0
       0
       0
       0
       0
       0
       0
       0
       0
       0
       0
       1
       0
       0
       0
       0
       0
       0
       0
       0
       1
       0
       1
       0
       0
       0
       0
       0
       0
       0
       0
       0
       0
       0
       0
       0
       0
       0
       0
       0
       0
       0
       0
       0
       1
       0
       1
       0
       1
       0
       0
       0
       0
       1
       0
       0
       0
       0
       0
       0
       0
       0
       1
       0
       0
       0
       1
       0
       0
       1
       0
       1
       0
       0
       0
       0
       0
       0
       0
       0
       0
       0
       0
       0
       0
       1
       0
       0
       1
       0
       1
       0
       0
       0
       1
       0
       1
       1
       0
       0
       1
       1
       0
       0
       0
       1
       0
       0
       0
       0
       1
       0
       0
       0
       0
       0
       1
       1
       1
       1
       0
       0
       0
       0
       0
       0
       0
       0
       0
       0
       0
       0
       0
       0
       0
       0
       0
       0
       0
       0
       0
       0
       0
       0
       0
       0
       0
       0
       0
       0
       0
       0
       0
       0
       0
       0
       0
       0
       0
       0
       1
       0
       0
       0
       0
       0
       1
       0
       0
       1
       0
       0
       0
       0
       0
       0
       0
       0
       0
       1
       0
       1
       0
       0
       1
       0
       0
       0
       1
       0
       0
       0
       0
       0
       0
       0
       0
       0
       0
       0
       0
       0
       0
       0
       0
       0
       1
       0
       1
       0
       0
       0
       0
       0
       0
       1
       0
       0
       0
       0
       0
       0
       1
       0
       0
       0
       0
       0
       0
       0
       0
       0
       0
       1
       0
       0
       0
       0
       0
       0
       1
       0
       0
       1
       1
       0
       0
       1
       0
       0
       1
       2
       0
       1
       0
       0
       0
       0
       0
       0
       0
       0
       0
       0
       0
       0
       0
       0
       0
       0
       0
       0
       0
       0
       0
       0
       0
       0
       0
       0
       0
       0
       0
       0
       0
       0
       0
       0
       0
       0
       0
       0
       1
       0
       0
       0
       0
       0
       0
       0
       0
       0
       0
       0
       0
       0
       0
       1
       1
       0
       0
       0
       0
       0
       1
       0
       0
       0
       0
       0
       0
       0
       0
       0
       0
       0
       0
       1
       1
       1
       2
       0
       0
       0
       1
       0
       0
       0
       0
       1
       0
       0
       0
       0
       0
       0
       0
       0
       0
       0
       1
       0
       0
       0
       0
       0
       0
       0
       0
       0
       0
       0
       0
       0
       0
       0
       0
       0
       0
       1
       0
       0
       0
       0
       0
       1
       0
       0
       0
       0
       0
       0
       0
       0
       0
       0
       0
       0
       0
       0
       0
       0
       1
       0
       0
       0
       0
       1
       0
       0
       0
       0
       1
       0
       0
       0
       0
       0
       0
       0
       0
       0
       1
       0
       1
       0
       1
       0
       0
       1
       0
       0
       0
       0
       0
       0
       0
       0
       0
       0
       0
       0
       1
       0
       0
       0
       0
       0
       0
       0
       1
       0
       0
       0
       1
       0
       0
       1
       0
       0
       0
       0
       1
       0
       0
       0
       0
       0
       0
       1
       0
       0
       0
       0
       1
       0
       0
       0
       0
       1
       0
       0
       0
       0
       0
       0
       0
       0
       0
       0
       0
       0
       0
       0
       0
       0
       0
       0
       0
       0
       0
       0
       0
       1
       0
       0
       0
       0
       0
       0
       0
       0
       0
       0
       0
       0
       0
       1
       0
       0
       0
       0
       0
       0
       0
       0
       2
       0
       0
       0
       0
       0
       0
       0
       0
       0
       0
       1
       0
       1
       1
       0
       0
       1
       0
       0
       0
       1
       1
       0
       0
       1
       0
       0
       0
       1
       1
       1
       0
       0
       0
       0
       0
       1
       0
       0
       0
       0
       0
       1
       0
       0
       2
       0
       0
       0
       0
       0
       0
       0
       0
       0
       0
       0
       0
       0
       1
       0
       0
       0
       0
       0
       0
       0
       0
       1
       0
       0
       0
       0
       0
       0
       0
       0
       0
       0
       0
       1
       0
       0
       1
       0
       0
       0
       0
       0
       0
       0
       0
       0
       0
       0
       0
       0
       1
       0
       0
       1
       0
       1
       0
       0
       0
       0
       0
       0
       0
       0
       0
       0
       0
       0
       0
       0
       0
       0
       0
       0
       0
       0
       0
       0
       0
       0
       0
       0
       0
       0
       1
       0
       0
       0
       0
       0
       0
       1
       0
       0
       1
       0
       0
       0
       0
       0
       0
       1
       0
       0
       1
       0
       0
       0
       0
       0
       1
       0
       0
       1
       0
       0
       0
       2
       0
       1
       0
       0
       0
       0
       0
       0
       1
       0
       1
       0
       0
       1
       0
       0
       0
       0
       0
       0
       0
       0
       1
       0
       0
       0
       0
       1
       0
       0
       0
       0
       1
       0
       0
       0
       0
       1
       0
       1
       0
       0
       1
       0
       0
       0
       0
       0
       0
       0
       0
       0
       0
       0
       0
       1
       0
       0
       0
       0
       0
       0
       0
       0
       0
       0
       0
       0
       0
       0
       0
       0
       0
       0
       1
       1
       0
       0
       1
       0
       0
       0
       0
       0
       0
       0
       0
       0
       0
       0
       0
       0
       0
       0
       0
       0
       0
       0
       0
       0
       1
       0
       2
       0
       0
       0
       0
       0
       0
       0
       0
       0
       0
       0
       0
       0
       0
       0
       0
       0
       0
       0
       0
       0
       0
       0
       0
       0
       0
       1
       0
       0
       0
       0
       0
       0
       1
       0
       0
       0
       0
       0
       0
       0
       0
       0
       0
       0
       0
       1
       1
       0
       0
       0
       1
       0
       0
       0
       0
       0
       0
       0
       0
       0
       0
       0
       0
       0
       0
       0
       1
       1
       0
       0
       0
       0
       1
       0
       0
       0
       0
       0
       0
       0
       0
       0
       1
       0
       0
       0
       0
       0
       0
       0
       0
       0
       0
       1
       0
       0
       0
       1
       0
       0
       0
       0
       0
       0
       1
       0
       0
       0
       1
       1
       0
       0
       0
       1
       0
       0
       0
       1
       0
       0
       1
       0
       0
       0
       0
       0
       1
       0
       0
       0
       0
       0
       0
       0
       0
       0
       0
       0
       0
       0
       0
       0
       1
       0
       0
       0
       0
       1
       0
       0
       0
       0
       0
       0
       0
       0
       0
       0
       0
       0
       0
       0
       0
       0
       0
       0
       0
       0
       1
       2
       0
       0
       0
       0
       0
       0
       0
       0
       1
       0
       0
       0
       0
       0
       0
       0
       0
       0
       0
       0
       0
       0
       0
       0
       0
       0
       0
       0
       0
       0
       0
       0
       0
       0
       0
       0
       0
       0
       0
       0
       0
       0
       0
       1
       0
       0
       0
       0
       0
       0
       0
       1
       0
       0
       1
       1
       0
       1
       0
       0
       0
       0
       1
       0
       0
       0
       0
       0
       0
       0
       1
       0
       0
       0
       0
       0
       0
       0
       0
       1
       0
       0
       0
       0
       0
       0
       0
       0
       0
       0
       0
       1
       0
       0
       0
       0
       1
       0
       0
       0
       0
       0
       0
       0
       0
       0
       0
       0
       0
       0
       0
       0
       0
       2
       0
       0
       0
       0
       0
       1
       0
       1
       0
       0
       0
       1
       0
       0
       0
       0
       0
       0
       0
       1
       0
       1
       0
       0
       1
       0
       0
       0
       0
       0
       0
       0
       0
       0
       0
       0
       0
       0
       0
       0
       0
       0
       0
       0
       0
       0
       0
       0
       0
       0
       0
       2
       0
       0
       0
       0
       1
       0
       0
       1
       0
       1
       1
       0
       0
       0
       0
       0
       1
       0
       1
       0
       0
       1
       0
       0
       0
       0
       1
       1
       0
       0
       1
       0
       1
       0
       0
       0
       0
       0
       0
       1
       1
       0
       1
       0
       0
       1
       1
       0
       0
       0
       0
       0
       0
       0
       0
       1
       0
       0
       0
       0
       0
       0
       0
       1
       0
       0
       0
       0
       0
       0
       0
       0
       0
       0
       0
       1
       0
       0
       0
       0
       0
       0
       0
       0
       0
       0
       0
       0
       0
       0
       0
       1
       0
       0
       0
       0
       0
       0
       1
       0
       0
       0
       0
       1
       0
       0
       0
       0
       0
       0
       0
       0
       1
       0
       1
       0
       0
       1
       0
       0
       1
       0
       0
       0
       0
       0
       0
       0
       0
       0
       0
       0
       0
       0
       0
       0
       0
       0
       0
       0
       0
       0
       0
       0
       0
       0
       0
       0
       0
       0
       0
       0
       0
       0
       1
       1
       0
       0
       0
       0
       0
       0
       0
       0
       0
       0
       0
       2
       0
       0
       0
       0
       0
       0
       0
       1
       0
       0
       0
       0
       0
       0
       0
       0
       0
       0
       1
       0
       0
       0
       0
       0
       0
       0
       1
       0
       0
       0
       0
       0
       0
       0
       0
       0
       0
       0
       0
       0
       0
       0
       0
       0
       0
       1
       0
       0
       0
       0
       0
       0
       0
       0
       0
       0
       0
       0
       0
       0
       0
       0
       0
       0
       0
       0
       0
       0
       0
       1
       0
       0
       0
       0
       0
       0
       0
       0
       0
       0
       0
       0
       1
       0
       0
       1
       0
       0
       0
       0
       0
       0
       0
       0
       0
       1
       0
       1
       1
       1
       0
       0
       0
       0
       0
       0
       0
       0
       0
       0
       1
       0
       0
       1
       1
       1
       0
       0
       0
       1
       0
       0
       1
       1
       1
       1
       0
       0
       0
       1
       0
       1
       0
       1
       0
       1
       0
       0
       0
       0
       0
       0
       0
       0
       1
       0
       0
       0
       1
       0
       0
       0
       0
       0
       1
       0
       0
       0
       0
       0
       0
       0
       0
       0
       0
       0
       1
       0
       0
       0
       0
       0
       0
       0
       0
       0
       0
       0
       0
       1
       0
       0
       0
       0
       0
       0
       0
       0
       0
       0
       0
       0
       0
       0
       0
       0
       0
       0
       0
       0
       0
       0
       0
       0
       0
       0
       0
       0
       0
       0
       0
       0
       0
       0
       0
       0
       0
       0
       0
       0
       0
       1
       0
       0
       0
       0
       1
       0
       0
       0
       0
       0
       0
       0
       0
       0
       0
       0
       0
       0
       0
       0
       0
       0
       0
       0
       0
       0
       0
       0
       0
       0
       0
       0
       0
       0
       0
       0
       0
       0
       0
       1
       0
       1
       0
       0
       0
       0
       0
       0
       0
       0
       0
       1
       0
       0
       0
       0
       0
       0
       0
       0
       0
       1
       0
       0
       0
       0
       0
       0
       0
       0
       0
       0
       0
       0
       0
       0
       0
       0
       2
       1
       0
       0
       0
       0
       2
       0
       0
       0
       1
       0
       0
       0
       0
       0
       0
       0
       0
       0
       0
       1
       0
       0
       0
       0
       0
       0
       0
       0
       1
       0
       0
       0
       0
       0
       0
       0
       0
       0
       0
       0
       0
       0
       0
       0
       0
       0
       1
       0
       0
       0
       0
       0
       1
       0
       0
       1
       0
       0
       0
       0
       0
       0
       0
       0
       0
       0
       0
       0
       0
       0
       0
       0
       0
       0
       0
       0
       0
       0
       0
       0
       0
       0
       0
       0
       0
       0
       0
       0
       0
       0
       0
       0
       0
       0
       0
       0
       0
       0
       0
       0
       0
       0
       0
       0
       0
       0
       0
       0
       0
       0
       0
       1
       0
       0
       0
       0
       0
       0
       0
       0
       0
       0
       0
       0
       0
       0
       0
       0
       0
       0
       0
       0
       0
       0
       1
       0
       0
       0
       0
       0
       0
       0
       0
       0
       0
       0
       0
       0
       0
       0
       0
       0
       0
       0
       0
       0
       0
       0
       0
       0
       0
       0
       0
       0
       0
       0
       0
       0
       0
       0
       0
       0
       1
       0
       1
       0
       0
       0
       0
       1
       1
       0
       0
       0
       0
       0
       1
       0
       0
       0
       0
       0
       0
       0
       0
       0
       0
       0
       0
       0
       0
       0
       0
       0
       0
       0
       0
       0
       0
       0
       0
       0
       0
       0
       1
       0
       0
       0
       0
       0
       0
       0
       0
       0
       0
       1
       0
       0
       0
       0
       0
       0
       0
       0
       0
       0
       1
       0
       0
       0
       0
       1
       0
       0
       1
       0
       0
       0
       0
       0
       0
       0
       0
       0
       0
       0
       0
       0
       0
       0
       0
       0
       0
       0
       1
       0
       0
       0
       0
       0
       0
       0
       0
       0
       0
       0
       0
       0
       0
       0
       0
       1
       0
       0
       0
       0
       0
       0
       0
       0
       0
       0
       0
       0
       0
       0
       1
       0
       0
       0
       0
       0
       0
       0
       0
       0
       0
       0
       0
       0
       0
       0
       0
       0
       0
       0
       0
       0
       0
       0
       0
       0
       0
       0
       0
       0
       0
       0
       0
       0
       0
       0
       1
       0
       0
       0
       0
       0
       0
       1
       0
       0
       0
       0
       0
       0
       0
       0
       0
       0
       0
       0
       0
       0
       0
       0
       0
       0
       0
       0
       0
       0
       0
       0
       1
       0
       0
       0
       0
       0
       0
       0
       1
       0
       0
       0
       0
       0
       0
       0
       0
       0
       0
       0
       0
       0
       0
       0
       0
       0
       0
       0
       0
       0
       0
       0
       0
       0
       1
       0
       0
       0
       1
       0
       0
       0
       0
       0
       0
       1
       0
       0
       0
       0
       0
       0
       0
       0
       1
       0
       0
       0
       0
       0
       0
       0
       0
       0
       0
       0
       0
       0
       0
       0
       0
       0
       0
       0
       0
       0
       0
       0
       0
       0
       0
       1
       0
       0
       0
       0
       0
       0
       0
       0
       0
       0
       0
       1
       0
       0
       0
       0
       0
       0
       0
       0
       0
       0
       1
       0
       0
       0
       0
       0
       0
       0
       0
       0
       0
       0
       0
       0
       0
       0
       0
       0
       0
       0
       0
       0
       0
       0
       0
       0
       0
       0
       0
       0
       0
       0
       0
       0
       0
       0
       0
       0
       0
       0
       0
       0
       0
       0
       1
       0
       0
       0
       0
       0
       0
       0
       0
       0
       0
       0
       0
       0
       0
       0
       0
       0
       0
       0
       0
       0
       0
       0
       0
       0
       0
       0
       0
       0
       0
       0
       0
       1
       0
       0
       0
       0
       0
       0
       1
       0
       0
       0
       1
       0
       0
       0
       0
       0
       0
       0
       0
       0
       0
       0
       0
       0
       0
       0
       0
       0
       0
       0
       0
       0
       0
       0
       0
       0
       0
       0
       0
       0
       0
       0
       0
       0
       0
       0
       0
       0
       0
       0
       0
       1
       0
       0
       0
       0
       0
       0
       0
       0
       0
       0
       0
       0
       0
       0
       0
       0
       0
       1
       1
       0
       0
       0
       0
       0
       0
       0
       0
       0
       0
       0
       0
       0
       0
       0
       0
       0
       0
       0
       0
       0
       0
       0
       0
       0
       0
       1
       0
       0
       0
       0
       0
       0
       0
       0
       0
       0
       0
       0
       0
       0
       0
       0
       0
       0
       1
       0
       0
       0
       0
       0
       0
       0
       0
       0
       0
       1
       0
       0
       0
       0
       0
       0
       0
       0
       0
       0
       0
       0
       0
       0
       1
       1
       0
       0
       0
       0
       0
       0
       0
       0
       0
       0
       0
       0
       0
       0
       0
       1
       0
       0
       0
       0
       1
       0
       0
       0
       0
       0
       0
       0
       0
       0
       0
       0
       0
       0
       0
       0
       0
       0
       0
       0
       1
       0
       0
       0
       0
       0
       0
       1
       0
       0
       0
       0
       0
       0
       0
       0
       0
       0
       0
       0
       0
       0
       0
       0
       0
       0
       0
       0
       0
       0
       0
       0
       0
       0
       0
       0
       0
       0
       0
       0
       0
       0
       0
       0
       0
       0
       0
       0
       0
       0
       0
       0
       0
       0
       0
       0
       0
       0
       0
       0
       0
       0
       0
       0
       0
       0
       0
       0
       0
       0
       0
       0
       0
       0
       0
       1
       0
       0
       0
       1
       0
       1
       0
       0
       0
       0
       0
       0
       0
       0
       0
       0
       0
       0
       0
       0
       0
       0
       0
       1
       0
       0
       0
       0
       0
       0
       0
       0
       0
       0
       0
       0
       1
       0
       0
       0
       0
       0
       0
       0
       0
       0
       0
       0
       0
       0
       0
       0
       0
       0
       0
       0
       0
       0
       0
       0
       0
       0
       0
       0
       0
       0
       0
       0
       0
       0
       0
       0
       0
$ROI:
0
$PRESETS:
Live Time
3600
0
$ENER_FIT:
0.137869 0.366631
$MCA_CAL:
3
1.378689E-001 3.666307E-001 -4.415950E-008 keV
$SHAPE_CAL:
3
2.301834E+000 9.195991E-004 -5.357180E-008
