$SPEC_ID:
Molnar Range
$SPEC_REM:
DET# 1
DETDESC# HPGe Detector 1
AP# GammaVision Version 6.07
$DATE_MEA:
02/02/2016 11:25:48
$MEAS_TIM:
3600 3891
$DATA:
0 8191
       0
       0
       0
       0
    2085
    2027
    1092
     800
     696
     763
     788
     846
     880
    1020
    1089
    1234
    1404
    1637
    1948
    2049
    2303
    2462
    2768
    3001
    3147
    3310
    3424
    3515
    3536
    3331
    2873
    2802
    2587
    2073
    1395
    1186
    1054
     944
     863
     798
     658
     607
     527
     560
     576
     574
     549
     576
     568
     457
     425
     427
     410
     478
     393
     438
     527
     577
     526
     522
     455
     452
     418
     463
     962
    1983
    1974
    1026
     464
     458
     949
    2239
    2508
    1419
     902
     734
     461
     379
     352
     340
     353
     340
     344
     334
     360
     338
     369
     375
     385
     688
    1244
    1126
     652
     493
     519
     513
     574
     573
     595
     722
     707
     751
     858
     905
    1009
    1155
    1217
    1387
    1438
    1564
    1699
    1704
    1962
    2014
    2329
    2577
    2971
    3782
    5110
    5131
    4430
    4479
    4782
    5108
    5696
    6185
    7082
    7995
    9084
   10687
   12830
   16419
   20850
   24041
   28405
   34240
   32603
   25505
   21671
   21051
   20704
   19934
   19751
   18587
   18001
   17631
   17634
   17675
   18575
   19056
   20027
   20977
   21305
   22022
   22985
   24546
   26281
   28078
   29916
   40788
  199260
 1063698
 2348389
 1928967
  580372
   64149
    2867
     372
     276
     320
     319
     294
     326
     313
     313
     320
     321
     334
     336
     353
     342
     379
     313
     370
     396
     353
     376
     365
     394
     474
     563
     603
     494
     441
     513
     514
     554
     655
     674
     685
     666
     698
     722
     742
     881
     783
     729
     731
     741
     705
     663
     633
     603
     619
     613
     584
     556
     538
     543
     609
     567
     616
     592
     565
     643
     574
     641
     652
     682
     695
     774
     796
     836
     772
     770
     810
     780
     785
     862
     874
     868
     805
     859
     846
     852
     849
     874
     904
     956
     930
     946
    1024
    1026
    1067
    1133
    1097
    1059
    1131
    1162
    1224
    1176
    1257
    1406
    1547
    1783
    1844
    1650
    1909
    4365
    9611
   10345
    5340
    1792
    1162
    1418
    2033
    1960
    1504
    1704
    4983
   11230
   11539
    5041
    1233
     433
     388
     394
     405
     392
     494
     580
     525
     435
     415
     381
     415
     454
     482
     429
     423
     449
     473
     463
     430
     518
     488
     473
     538
     700
     759
     812
     916
     790
     625
     558
     504
     441
     497
     578
     583
     705
     674
     643
     941
    1522
    1666
    1047
     613
     548
     517
     457
     474
     506
     648
    1180
    1736
    1479
     784
     529
     811
    2560
    5129
    4704
    2024
     502
     210
     210
     204
     194
     187
     200
     215
     201
     179
     223
     208
     201
     212
     210
     196
     230
     213
     198
     217
     209
     224
     201
     220
     230
     215
     242
     219
     211
     212
     224
     234
     206
     233
     233
     221
     226
     204
     205
     219
     226
     226
     197
     236
     225
     233
     225
     205
     231
     207
     233
     243
     253
     280
     595
    1032
     961
     534
     238
     229
     207
     198
     255
     237
     303
     336
     337
     236
     223
     209
     210
     200
     182
     192
     194
     220
     190
     194
     193
     197
     220
     208
     191
     183
     210
     209
     201
     218
     208
     186
     186
     196
     203
     194
     217
     214
     176
     207
     218
     203
     199
     180
     194
     242
     336
     318
     245
     265
     258
     235
     214
     182
     197
     198
     175
     189
     249
     448
     543
     480
     277
     178
     186
     194
     182
     156
     173
     132
     169
     161
     178
     153
     188
     236
     189
     187
     182
     177
     156
     166
     172
     180
     168
     156
     200
     158
     197
     162
     193
     177
     146
     160
     159
     176
     172
     155
     184
     177
     146
     152
     185
     186
     178
     165
     186
     162
     177
     157
     186
     196
     187
     153
     176
     189
     188
     165
     175
     180
     203
     203
     186
     166
     143
     181
     168
     132
     170
     172
     159
     183
     172
     155
     129
     184
     141
     171
     163
     166
     149
     143
     169
     162
     157
     172
     156
     143
     157
     145
     137
     135
     175
     169
     157
     144
     157
     154
     142
     135
     160
     171
     261
     666
    1710
    2124
    1368
     427
     162
     111
     124
     101
     111
     101
     101
     109
      97
     115
      98
     113
      99
      85
      90
     126
      90
      98
      90
     101
     102
      96
      91
      95
      95
      92
     100
      93
     111
     105
      82
      93
     154
     198
     185
     172
     102
      83
      88
      90
      94
      81
      81
     106
     107
      90
      86
      80
      92
      73
      83
      89
      69
      78
      96
      83
      82
      89
      88
      93
      80
      85
      85
      86
      79
     103
      95
      81
      94
      80
     101
      82
      76
      86
      70
      77
      86
      77
      71
      93
     104
      81
      90
      80
      77
      76
      69
      79
      94
      95
      89
      83
      94
      79
      79
      64
      77
      92
      82
      82
      78
      95
      85
      92
      89
      92
      94
      71
      66
      71
      78
      83
      74
      81
      77
      71
      70
      93
      71
      80
      67
      77
      61
      91
      78
      80
      70
      67
      56
      77
      73
      68
      97
      83
      70
      85
      79
      63
      69
      73
      76
      68
      72
      81
      79
      75
      58
      68
      59
      78
      83
      83
      98
      96
      73
      67
      71
      95
     134
     154
     116
      94
      61
      76
      72
      60
      68
      73
      67
      55
      70
      82
      79
      81
      84
      69
      59
      68
      64
      83
      86
      87
      75
      60
      64
      60
      71
      60
      70
      77
      67
      74
      63
      60
      67
      70
      67
      67
      66
      69
      55
      64
      48
      48
      63
      70
      50
      87
      62
      62
      59
      68
      82
      70
      64
      56
      68
      67
      67
      64
      56
      65
      73
      71
      71
      71
      84
      88
     117
      83
      65
      67
      64
      60
      54
      66
      64
      51
      62
      57
      58
      57
      66
      63
      48
      61
      88
      86
     147
      91
      70
      53
      56
      62
      54
      52
      60
      64
      58
      57
      61
      74
      55
      53
      54
      61
      60
      69
      56
      44
      66
      52
      63
      63
      51
      74
      60
      87
     147
     285
     361
     319
     175
      94
      73
      47
      49
      58
      54
      46
      43
      54
      60
      51
      66
      56
      39
      50
      42
      56
      40
      47
      47
      72
      64
      58
      81
     166
     285
     429
     293
     186
      68
      55
      42
      51
      55
      68
      44
      65
      44
      56
      45
      48
      43
      42
      44
      42
      58
      48
      48
      48
      50
      75
     125
     297
     367
     341
     142
      64
      41
      98
     290
     703
    1103
     971
     505
     146
      57
      40
      40
      33
      33
      45
      29
      30
      52
      68
      58
      63
      37
      31
      31
      23
      31
      27
      33
      21
      33
      21
      24
      24
      33
      31
      33
      30
      23
      33
      31
      29
      35
      26
      28
      30
      30
      32
      33
      36
      39
      32
      34
      38
      26
      31
      36
      31
      28
      34
      33
      31
      29
      30
      29
      39
      32
      37
      24
      34
      29
      22
      27
      24
      31
      33
      28
      34
      23
      27
      29
      32
      35
      25
      19
      36
      32
      25
      32
      36
      27
      35
      37
      51
      69
     197
     398
     501
     360
     138
      54
      66
      94
     134
     123
      78
      36
      34
      25
      28
      21
      23
      22
      31
      21
      31
      62
     142
     269
     329
     192
      94
      31
      29
      27
      25
      20
      25
      35
      26
      18
      22
      32
      19
      20
      26
      43
      69
      89
      73
      43
      23
      26
      25
      25
      22
      24
      19
      14
      17
      29
      25
      22
      16
      14
      23
      32
      32
      31
      32
      15
      21
      19
      21
      17
      27
      20
      27
      19
      20
      23
      17
      20
      22
       9
      19
      24
      27
      32
      34
      20
      25
      14
      19
      22
      28
      13
      13
      11
      16
      18
      23
      14
      18
      27
      28
      23
      24
      26
      26
      27
      16
      21
      28
      25
      17
      22
      19
      18
      19
      23
      26
      21
      17
      22
      22
      15
      29
      19
      22
      21
      15
      15
      22
      26
      25
      35
      33
      33
      33
      25
      25
      27
      34
      58
      63
      43
      36
      26
      24
      17
      19
      21
      17
      14
      20
      18
      16
      22
      20
      28
      22
      21
      39
      71
      52
      44
      37
      21
      20
      18
      17
      21
      15
      19
      24
      20
      17
      28
      22
      19
      15
      28
      20
      27
      13
      19
      22
      19
      31
      26
      14
      22
      15
      25
      19
      16
      22
      17
      21
      31
      38
      38
      29
      23
      15
      20
      20
      31
      15
      26
      25
      17
      22
      12
      12
      14
      15
      23
      19
      20
      15
      17
      22
      21
      16
      22
      10
      21
      13
      15
      13
      19
      18
      24
      17
      22
      22
      30
      21
      28
      34
      35
      26
      29
      13
      22
      16
      16
      14
      18
      20
      16
      19
      21
      22
      21
      22
      10
      19
      18
      16
      21
      15
      20
      18
      18
      23
      14
      22
       8
      18
      18
      29
      22
      25
      25
      31
      31
      31
      32
      28
      24
      28
      29
      25
      31
      37
      28
      23
      43
      36
      26
      33
      33
      47
      35
      51
      44
      40
      41
      45
      51
      42
      46
      52
      51
      42
      44
      39
      27
      36
      35
      35
      29
      32
      20
      19
      22
      30
      23
      24
      20
      23
      15
      22
      19
      18
      26
      20
      23
      19
      22
      27
      15
      24
      17
      12
      11
      13
      19
      17
      11
      15
       9
      12
      17
      11
       7
       9
      15
      13
       9
       9
       7
      15
      13
      15
      11
      14
      13
      11
      11
      10
      12
      14
      14
      11
      12
      14
      11
      22
      12
       8
      13
      14
      17
      14
      20
      10
      12
      12
      18
      15
      11
      20
      12
       8
      10
      18
      16
      13
      26
      19
      25
      25
      30
      18
      23
      22
      22
      15
      22
      15
      14
      19
      15
       9
      10
      11
      12
      14
      15
      11
      12
      20
       7
      13
      17
      17
      11
      14
      10
      12
      10
      13
      13
       6
      14
       8
      16
       5
      11
      12
       9
      13
       9
      14
       9
      13
      11
      15
      11
       9
      11
      12
      12
      13
       7
      15
       8
       4
      12
      14
       9
       8
       5
      16
      16
      11
      14
      12
       4
       9
       8
       3
      12
       3
       9
      11
       6
       7
       6
      11
      13
      13
      11
      10
      12
       5
       3
      12
      12
       4
       5
       8
       5
       7
       7
      14
      14
       5
       8
      16
       9
       7
      11
       4
       5
       6
      13
       8
       8
       5
      14
       8
       7
      11
       6
       5
      10
       9
       9
      10
      13
      12
      11
       9
      10
       4
       9
      13
       6
       9
       5
      10
       8
       7
      10
       9
       5
       4
       7
       6
       5
       8
       7
       2
      11
       5
      10
       7
      11
       6
       7
       9
       7
      18
      10
       5
       4
      10
       3
       7
       8
       6
      13
       5
       5
       6
      11
       4
       7
       5
       7
      13
      14
      11
      11
      14
      12
       6
       6
       7
       8
      10
      10
       8
       5
       7
       7
       3
       5
       6
       8
       7
       4
       7
      11
      12
       8
       5
       7
       8
       7
       4
       8
       7
       6
       9
      11
      14
      10
       9
      10
       8
       8
       9
       8
      10
       9
       6
       7
       9
       4
       6
       6
       6
      12
       5
      11
       4
       6
       9
       6
       9
      10
       9
       9
      11
      17
      21
      15
      22
      10
       6
       8
       6
       7
       7
       9
       3
       2
       6
       4
      10
       8
       7
       4
       6
       0
       2
       5
       5
       6
       8
       6
       9
       8
       4
       2
       4
       6
       9
       9
       7
       9
       5
       3
       7
       4
       6
       6
       9
       2
       6
       7
       9
       2
       6
       5
       5
       3
       5
       4
       9
       9
      18
      38
      69
      86
      67
      51
      20
       8
       7
       6
       9
       5
       3
       6
       8
       5
       7
       5
       6
      12
      11
       9
       1
       5
       7
       6
       5
       5
       6
      10
       5
       5
       7
       4
       6
       4
       5
       9
       7
       6
       7
       8
       5
       8
       7
       7
       2
       9
       3
       7
       8
      10
       8
       4
       5
       7
       6
       8
       6
       2
       6
       4
      15
      19
      11
      11
      12
       8
       7
       7
       3
       9
       1
       3
       3
       4
       3
       3
       6
       6
       7
       6
       5
       5
       7
       5
       3
       8
       4
       5
       7
       7
       5
      14
      28
      64
      61
      40
      28
      15
       7
       5
       3
       3
       4
       5
       2
       7
       3
      10
       3
       4
       6
       2
       7
       6
       7
      16
      53
     143
     305
     484
     485
     360
     174
      49
      20
       4
       4
       2
       0
       1
       2
       3
       3
       3
       3
       2
       2
       3
       4
       3
       3
       2
       2
       1
       0
       3
       3
       4
       4
       2
       5
       8
       3
       0
       2
       3
       2
       1
       3
       2
       1
       1
       3
       4
       0
       5
       8
      11
       6
       6
       8
       6
       4
       3
       1
       3
       2
       6
       3
       3
       3
       1
       4
       2
       2
       4
       1
       3
       5
      17
      31
      48
      41
      28
      13
       7
       4
       3
       1
       2
       3
       6
       4
      13
      10
      10
       7
       1
       3
       0
       2
      11
      13
       8
       8
       3
       3
       1
       1
       4
       2
       6
       4
       6
       1
       2
       1
       7
       4
       2
       3
       3
       2
       1
       3
       1
       4
       4
       2
       4
       2
       7
       1
       3
       1
       6
      10
      11
      16
       7
       6
       6
       0
       3
       2
       4
       1
       2
       2
       2
       4
       5
       5
       6
       2
       3
       4
       1
       2
       2
       3
       3
       2
       3
       2
       3
       2
       3
      18
      39
     107
     192
     252
     208
     165
      69
      16
      10
       3
       2
       0
       2
       0
       0
       4
       2
       1
       1
       2
       4
       2
       3
       4
       5
       3
       1
       1
       4
       1
       2
       2
       0
       2
       1
       3
       1
       0
       1
       0
       0
       5
       8
       5
      19
      13
      17
       5
       4
       1
       1
       0
       0
       2
       0
       2
       1
       0
       1
       1
       5
       2
       2
       0
       1
       1
       4
       3
       1
       2
       4
       2
       1
       2
       1
       1
       3
       0
       0
       1
       1
       3
       0
       2
       1
       0
       1
       0
       0
       1
       1
       3
       3
       4
       9
      12
       5
       5
       4
       3
       1
       1
       1
       1
       3
       2
       5
       0
       1
       2
       0
       0
       3
       0
       0
       1
       3
       1
       1
       2
       1
       0
       0
       7
       5
       7
       6
       6
       4
       5
       2
       0
       0
       2
       4
       9
       5
       6
       6
       4
       6
       9
       3
       2
       2
       2
       1
       1
       2
       0
       1
       2
       1
       4
       1
       2
       1
       1
       1
       0
       2
       1
       2
       0
       2
       1
       0
       0
       2
       0
       2
       1
       2
       2
       2
       1
       0
       3
       3
       1
       0
       1
       1
       1
       3
       0
       1
       1
       1
       0
       1
       0
       1
       3
       1
       3
       2
       1
       0
       0
       2
       2
       1
       0
       2
       0
       1
       0
       0
       2
       0
       1
       2
       1
       2
       3
       2
       0
       0
       2
       0
       4
       0
       6
       2
       1
       0
       2
       0
       0
       2
       4
       5
       1
       0
       3
       1
       0
       0
       3
       1
       2
       0
       1
       1
       1
       0
       1
       2
       1
       4
       0
       1
       2
       1
       3
       2
       1
       1
       2
       4
       0
       3
       1
       4
       0
       1
       2
       1
       1
       0
       0
       1
       1
       0
       1
       1
       2
       1
       0
       0
       1
       2
       2
       1
       1
       0
       0
       2
       0
       1
       2
       2
       2
       1
       3
       0
       2
       1
       3
       1
       1
       2
       1
       2
       0
       0
       1
       1
       2
       1
       2
       2
       1
       0
       3
       1
       0
       2
       3
       3
       2
       3
       1
       2
       1
       4
       0
       2
       2
       1
       1
       0
       2
       1
       2
       1
       1
       2
       1
       1
       2
       1
       3
       3
       2
       2
       0
       1
       0
       0
       0
       1
       0
       1
       5
       1
       2
       1
       2
       1
       1
       1
       2
       1
       0
       0
       1
       0
       1
       2
       0
       1
       2
       1
       2
       0
       3
       2
       1
       2
       0
       0
       0
       2
       2
       1
       2
       0
       2
       2
       0
       1
       1
       0
       3
       2
       2
       0
       0
       0
       1
       0
       2
       1
       2
       0
       0
       1
       0
       3
       0
       2
       1
       0
       1
       2
       0
       0
       1
       0
       2
       5
       2
       2
       0
       1
       0
       1
       1
       0
       2
       1
       1
       1
       0
       0
       0
       1
       0
       0
       1
       1
       1
       1
       0
       1
       1
       0
       1
       1
       0
       0
       1
       2
       3
       0
       1
       0
       1
       0
       2
       0
       2
       1
       2
       1
       2
       3
       1
       1
       0
       2
       0
       3
       1
       0
       1
       2
       1
       0
       0
       2
       1
       0
       1
       2
       0
       1
       0
       1
       0
       3
       1
       0
       1
       1
       1
       1
       1
       2
       1
       1
       1
       0
       0
       0
       2
       0
       0
       1
       0
       1
       0
       2
       0
       1
       1
       5
       2
       1
       0
       1
       2
       2
       1
       1
       0
       1
       0
       0
       1
       2
       1
       1
       0
       0
       2
       0
       3
       0
       1
       0
       0
       1
       0
       0
       0
       0
       0
       0
       0
       0
       2
       2
       2
       1
       2
       2
       1
       1
       1
       1
       0
       1
       0
       1
       1
       1
       1
       0
       1
       2
       1
       3
       1
       0
       0
       1
       0
       1
       0
       5
       2
       1
       1
       1
       1
       2
       2
       1
       0
       0
       0
       1
       0
       1
       1
       0
       0
       0
       2
       0
       0
       0
       0
       0
       0
       0
       0
       2
       1
       0
       1
       0
       0
       2
       1
       1
       1
       3
       2
       1
       0
       1
       1
       0
       1
       1
       0
       1
       0
       1
       0
       0
       1
       0
       0
       1
       0
       1
       2
       3
       2
       1
       1
       1
       0
       2
       0
       1
       3
       0
       0
       1
       0
       1
       0
       1
       0
       0
       1
       0
       1
       1
       1
       1
       2
       3
       1
       0
       0
       0
       1
       2
       3
       2
       0
       0
       0
       1
       1
       0
       0
       0
       1
       0
       1
       1
       1
       1
       1
       1
       1
       1
       1
       1
       0
       0
       1
       0
       3
       0
       2
       0
       0
       0
       0
       1
       0
       0
       0
       0
       0
       0
       1
       1
       3
       1
       1
       3
       0
       1
       1
       1
       0
       3
       0
       1
       0
       1
       2
       2
       1
       1
       1
       0
       0
       0
       1
       1
       2
       0
       1
       1
       1
       0
       1
       0
       0
       0
       2
       1
       2
       1
       0
       0
       1
       1
       2
       0
       1
       3
       0
       1
       2
       1
       1
       2
       3
       2
       1
       3
       2
       0
       1
       0
       3
       1
       2
       0
       0
       1
       0
       1
       0
       2
       1
       0
       0
       1
       1
       0
       0
       0
       0
       1
       0
       0
       1
       1
       0
       0
       0
       0
       2
       0
       0
       2
       0
       1
       2
       0
       0
       0
       0
       0
       3
       0
       0
       0
       2
       3
       1
       1
       0
       3
       2
       0
       1
       0
       0
       0
       1
       1
       1
       1
       1
       2
       0
       1
       1
       0
       0
       1
       2
       1
       1
       2
       1
       0
       0
       0
       3
       1
       1
       1
       1
       0
       0
       1
       0
       0
       0
       0
       1
       1
       0
       0
       0
       1
       0
       1
       1
       0
       1
       1
       1
       4
       0
       0
       0
       1
       0
       3
       0
       2
       1
       1
       1
       1
       1
       2
       1
       0
       0
       0
       0
       0
       0
       0
       0
       2
       3
       1
       0
       0
       1
       1
       0
       1
       1
       0
       3
       0
       0
       0
       1
       0
       0
       0
       1
       0
       0
       0
       1
       0
       0
       1
       2
       0
       1
       1
       0
       0
       0
       0
       0
       1
       1
       0
       3
       0
       2
       2
       1
       1
       1
       0
       3
       1
       0
       1
       2
       0
       2
       1
       0
       0
       0
       1
       0
       1
       0
       1
       0
       0
       2
       0
       1
       0
       0
       0
       0
       0
       0
       2
       1
       1
       1
       0
       1
       0
       0
       0
       1
       0
       1
       0
       0
       0
       0
       1
       0
       0
       0
       0
       0
       0
       4
       1
       0
       1
       0
       0
       1
       0
       0
       1
       0
       1
       0
       0
       0
       2
       2
       0
       1
       1
       1
       2
       0
       0
       1
       2
       0
       4
       0
       0
       0
       0
       1
       2
       1
       0
       1
       0
       1
       0
       0
       0
       0
       1
       1
       0
       0
       0
       0
       0
       1
       1
       0
       1
       0
       0
       0
       0
       1
       0
       1
       1
       0
       1
       2
       2
       0
       1
       1
       0
       0
       0
       0
       0
       1
       1
       1
       0
       1
       0
       1
       1
       0
       0
       0
       0
       0
       2
       1
       2
       1
       0
       1
       0
       2
       2
       1
       0
       1
       4
       1
       1
       3
       1
       2
       1
       3
       2
       0
       2
       3
       3
       1
       4
       2
       4
       5
       2
       2
       2
       2
       1
       3
       1
       3
       2
       3
       1
       3
       1
       1
       3
       2
       1
       2
       0
       2
       1
       3
       0
       0
       1
       0
       1
       0
       1
       0
       1
       0
       0
       1
       0
       1
       0
       1
       3
       3
       1
       1
       0
       0
       1
       1
       0
       1
       1
       2
       2
       0
       1
       0
       2
       0
       1
       1
       1
       1
       1
       1
       0
       0
       1
       0
       0
       0
       1
       1
       0
       2
       2
       1
       1
       1
       1
       0
       2
       0
       0
       1
       0
       1
       0
       0
       1
       1
       0
       0
       0
       0
       1
       0
       0
       0
       0
       1
       3
       2
       2
       1
       0
       1
       0
       0
       0
       0
       2
       0
       1
       0
       1
       1
       1
       0
       0
       0
       2
       0
       3
       1
       0
       3
       2
       1
       0
       1
       0
       0
       0
       2
       3
       0
       1
       0
       1
       0
       1
       1
       0
       1
       0
       0
       0
       0
       2
       0
       1
       0
       0
       0
       0
       2
       0
       0
       0
       1
       1
       0
       0
       1
       1
       2
       1
       0
       1
       1
       0
       0
       1
       0
       0
       0
       1
       0
       0
       2
       1
       2
       0
       0
       0
       0
       2
       0
       0
       1
       0
       1
       0
       1
       1
       0
       0
       0
       1
       0
       1
       0
       0
       0
       0
       1
       1
       0
       1
       0
       0
       0
       1
       0
       6
       0
       0
       1
       0
       0
       0
       0
       0
       2
       0
       0
       1
       0
       0
       0
       0
       1
       0
       0
       1
       1
       1
       2
       1
       0
       1
       0
       0
       0
       0
       2
       2
       1
       1
       2
       2
       0
       4
       1
       0
       1
       0
       0
       0
       0
       1
       1
       0
       1
       0
       0
       1
       1
       1
       0
       0
       3
       1
       0
       0
       0
       0
       1
       0
       1
       0
       1
       0
       0
       1
       0
       1
       1
       1
       0
       0
       0
       1
       1
       1
       1
       0
       1
       0
       0
       3
       1
       1
       1
       1
       1
       1
       1
       2
       0
       1
       0
       1
       0
       3
       0
       0
       2
       0
       0
       1
       0
       0
       0
       0
       0
       1
       0
       3
       1
       0
       0
       2
       2
       1
       0
       0
       0
       1
       0
       0
       1
       0
       0
       0
       0
       2
       0
       0
       0
       2
       1
       0
       0
       0
       0
       1
       1
       1
       1
       1
       0
       0
       1
       0
       2
       0
       1
       1
       1
       0
       0
       3
       2
       1
       2
       1
       0
       0
       0
       0
       0
       0
       0
       0
       1
       0
       0
       2
       2
       0
       1
       0
       0
       0
       2
       1
       1
       2
       0
       0
       1
       2
       1
       1
       0
       2
       0
       0
       1
       1
       0
       2
       1
       0
       0
       0
       0
       0
       1
       1
       0
       1
       2
       1
       0
       0
       1
       0
       0
       0
       1
       1
       1
       0
       0
       1
       1
       0
       1
       0
       1
       2
       0
       0
       0
       0
       1
       0
       0
       0
       3
       1
       1
       1
       0
       3
       1
       2
       1
       0
       0
       0
       0
       2
       0
       0
       1
       0
       0
       0
       0
       0
       0
       1
       3
       0
       0
       0
       1
       0
       0
       1
       0
       1
       0
       0
       0
       1
       1
       0
       0
       1
       0
       3
       0
       1
       1
       2
       2
       0
       0
       1
       1
       2
       2
       2
       0
       0
       1
       0
       1
       1
       0
       1
       2
       0
       0
       0
       0
       1
       1
       3
       0
       0
       1
       1
       1
       0
       1
       1
       0
       1
       0
       0
       1
       1
       1
       3
       2
       0
       1
       0
       1
       0
       0
       1
       0
       1
       0
       0
       2
       1
       0
       3
       2
       1
       1
       1
       1
       0
       1
       0
       0
       0
       0
       1
       1
       0
       0
       0
       3
       0
       2
       2
       0
       1
       0
       0
       0
       0
       1
       0
       1
       0
       0
       0
       0
       1
       1
       1
       1
       0
       0
       0
       1
       0
       0
       0
       0
       0
       0
       0
       1
       0
       1
       1
       1
       0
       0
       0
       0
       0
       1
       0
       1
       1
       1
       1
       0
       0
       1
       1
       0
       0
       3
       0
       0
       0
       2
       3
       0
       1
       0
       0
       1
       0
       0
       1
       1
       0
       0
       1
       0
       2
       0
       0
       0
       2
       1
       1
       1
       0
       0
       1
       0
       1
       1
       3
       0
       1
       0
       1
       0
       2
       0
       0
       0
       0
       0
       1
       3
       0
       0
       0
       1
       1
       0
       1
       0
       1
       1
       1
       0
       0
       1
       1
       1
       1
       0
       0
       1
       0
       2
       0
       0
       0
       1
       2
       3
       2
       0
       3
       1
       0
       1
       0
       0
       0
       2
       0
       1
       2
       0
       0
       1
       0
       0
       0
       1
       1
       0
       0
       2
       2
       0
       1
       0
       0
       1
       1
       0
       1
       0
       2
       0
       2
       0
       1
       0
       1
       4
       0
       0
       1
       1
       0
       0
       0
       2
       0
       2
       0
       0
       0
       0
       0
       0
       3
       1
       0
       1
       0
       1
       0
       0
       2
       0
       1
       1
       2
       1
       1
       1
       0
       0
       1
       0
       1
       0
       0
       2
       0
       1
       1
       0
       0
       0
       1
       1
       0
       0
       2
       1
       0
       0
       2
       2
       0
       0
       1
       2
       2
       0
       1
       0
       0
       0
       0
       1
       1
       0
       0
       0
       0
       1
       0
       1
       0
       0
       0
       0
       0
       0
       0
       0
       0
       1
       3
       0
       0
       1
       0
       0
       0
       2
       2
       0
       0
       1
       0
       0
       1
       2
       0
       0
       1
       0
       0
       0
       0
       2
       1
       0
       0
       0
       0
       0
       1
       1
       0
       0
       0
       1
       0
       0
       0
       0
       2
       1
       1
       1
       2
       0
       0
       2
       0
       0
       0
       0
       1
       0
       0
       0
       2
       0
       0
       0
       0
       1
       1
       0
       0
       1
       0
       1
       2
       2
       0
       1
       1
       0
       1
       0
       0
       0
       2
       2
       0
       1
       0
       0
       0
       1
       1
       1
       4
       0
       1
       1
       0
       0
       1
       1
       0
       0
       1
       1
       1
       0
       0
       0
       1
       0
       1
       0
       0
       1
       0
       0
       1
       0
       0
       2
       0
       1
       0
       0
       2
       2
       1
       1
       1
       1
       0
       0
       1
       0
       1
       0
       0
       0
       0
       1
       1
       1
       1
       0
       1
       1
       1
       0
       0
       0
       0
       0
       1
       1
       1
       0
       0
       3
       2
       0
       2
       1
       0
       0
       2
       2
       3
       1
       0
       0
       1
       0
       0
       0
       0
       1
       1
       0
       0
       0
       0
       1
       1
       0
       0
       1
       0
       0
       2
       1
       0
       0
       0
       1
       0
       2
       0
       2
       0
       1
       0
       0
       2
       1
       0
       0
       2
       0
       0
       1
       1
       0
       0
       0
       0
       0
       1
       0
       0
       2
       1
       0
       1
       1
       1
       0
       0
       1
       0
       1
       1
       0
       1
       3
       1
       0
       2
       0
       0
       0
       1
       1
       0
       0
       0
       0
       1
       0
       1
       1
       0
       4
       0
       0
       0
       0
       0
       1
       0
       1
       1
       1
       0
       1
       0
       0
       1
       0
       0
       0
       0
       0
       0
       0
       1
       0
       0
       0
       0
       0
       0
       0
       1
       0
       0
       1
       1
       0
       1
       1
       1
       0
       0
       0
       0
       1
       0
       0
       0
       2
       1
       1
       0
       1
       0
       0
       1
       1
       0
       1
       0
       1
       0
       2
       0
       1
       0
       0
       1
       0
       2
       1
       0
       1
       1
       0
       0
       2
       0
       0
       0
       1
       2
       3
       0
       2
       1
       1
       0
       0
       1
       0
       1
       0
       0
       0
       0
       0
       1
       0
       0
       0
       0
       0
       3
       2
       0
       1
       1
       0
       0
       0
       0
       0
       1
       0
       0
       0
       0
       0
       1
       2
       0
       1
       1
       0
       1
       1
       1
       0
       0
       2
       0
       0
       1
       1
       1
       0
       0
       1
       0
       0
       0
       1
       0
       0
       0
       1
       0
       1
       0
       0
       1
       0
       1
       0
       1
       1
       0
       2
       0
       1
       0
       1
       0
       2
       0
       2
       0
       1
       1
       1
       1
       2
       0
       2
       0
       1
       0
       0
       0
       0
       1
       1
       1
       2
       0
       0
       0
       0
       0
       0
       0
       0
       3
       0
       0
       2
       0
       0
       2
       0
       0
       0
       1
       0
       1
       1
       0
       0
       1
       0
       1
       0
       1
       1
       0
       0
       1
       0
       0
       1
       0
       0
       1
       1
       0
       0
       1
       1
       0
       0
       0
       0
       0
       0
       1
       1
       1
       1
       0
       0
       1
       0
       2
       1
       1
       0
       0
       1
       0
       0
       0
       1
       1
       0
       0
       0
       1
       1
       1
       0
       0
       1
       0
       0
       0
       0
       0
       0
       0
       0
       2
       0
       0
       0
       0
       2
       0
       0
       1
       1
       1
       0
       0
       0
       0
       1
       0
       0
       1
       0
       0
       1
       1
       0
       1
       0
       1
       2
       1
       0
       1
       0
       0
       0
       0
       2
       0
       0
       1
       0
       1
       1
       0
       0
       0
       0
       1
       1
       1
       0
       0
       0
       0
       0
       0
       3
       0
       0
       0
       0
       0
       0
       0
       1
       0
       0
       0
       1
       0
       0
       0
       0
       0
       0
       0
       0
       0
       0
       0
       1
       0
       2
       0
       0
       0
       0
       0
       0
       0
       1
       0
       1
       0
       0
       2
       1
       0
       1
       1
       0
       0
       1
       1
       0
       0
       1
       0
       0
       0
       0
       0
       1
       0
       0
       0
       0
       0
       2
       0
       0
       0
       0
       0
       0
       0
       0
       0
       0
       0
       0
       0
       0
       0
       1
       1
       0
       2
       0
       1
       0
       0
       0
       0
       0
       1
       0
       0
       0
       1
       0
       0
       2
       1
       0
       0
       0
       0
       0
       1
       0
       0
       0
       0
       0
       0
       0
       0
       0
       1
       0
       0
       0
       0
       1
       1
       0
       0
       0
       0
       0
       1
       0
       0
       0
       0
       1
       0
       0
       0
       3
       1
       0
       0
       0
       0
       1
       0
       0
       1
       0
       1
       0
       0
       0
       0
       0
       1
       0
       0
       0
       0
       0
       0
       0
       0
       0
       0
       0
       0
       1
       0
       1
       0
       0
       0
       0
       2
       1
       0
       0
       1
       1
       0
       0
       0
       0
       1
       1
       1
       0
       1
       0
       0
       0
       0
       0
       0
       0
       1
       0
       0
       1
       0
       1
       0
       0
       0
       0
       0
       0
       0
       0
       1
       0
       0
       0
       0
       0
       1
       0
       3
       0
       0
       0
       0
       0
       0
       0
       0
       0
       0
       0
       1
       0
       0
       0
       0
       0
       0
       0
       0
       0
       0
       0
       0
       0
       1
       0
       0
       0
       1
       3
       0
       1
       0
       1
       0
       0
       0
       0
       0
       0
       0
       0
       0
       0
       0
       0
       0
       0
       0
       0
       0
       0
       0
       0
       0
       0
       0
       1
       0
       0
       0
       0
       0
       0
       0
       0
       0
       0
       0
       0
       0
       0
       0
       0
       0
       0
       1
       0
       0
       0
       0
       1
       0
       1
       0
       2
       1
       0
       0
       0
       0
       0
       0
       0
       1
       1
       0
       0
       0
       0
       0
       0
       0
       0
       1
       0
       0
       0
       0
       0
       1
       0
       0
       2
       0
       1
       1
       0
       0
       1
       1
       1
       1
       0
       0
       0
       1
       0
       0
       0
       0
       0
       0
       0
       0
       1
       0
       0
       0
       0
       1
       0
       0
       0
       0
       2
       0
       1
       0
       0
       0
       0
       1
       1
       0
       1
       0
       0
       1
       1
       0
       0
       0
       1
       0
       0
       0
       0
       0
       1
       0
       0
       0
       0
       0
       1
       1
       0
       1
       0
       0
       1
       0
       0
       0
       0
       1
       0
       1
       0
       0
       1
       0
       0
       0
       1
       0
       0
       0
       1
       0
       0
       1
       0
       0
       0
       0
       0
       0
       1
       3
       0
       0
       0
       0
       0
       3
       0
       2
       3
       1
       1
       2
       2
       2
       0
       0
       3
       2
       1
       2
       2
       6
       5
       2
      11
       8
      10
       9
       9
       8
       3
       2
       0
       5
      10
       0
       0
       1
       3
       0
       0
       1
       0
       2
       0
       2
       1
       1
       0
       0
       1
       0
       0
       0
       0
       1
       0
       0
       1
       0
       0
       0
       0
       0
       0
       0
       1
       0
       0
       0
       1
       0
       0
       0
       0
       0
       0
       0
       1
       0
       0
       0
       0
       0
       0
       0
       0
       0
       1
       0
       0
       0
       0
       1
       0
       0
       0
       0
       0
       1
       0
       0
       0
       1
       0
       0
       0
       1
       0
       0
       0
       0
       0
       0
       0
       0
       0
       0
       0
       0
       0
       0
       0
       1
       0
       0
       0
       0
       0
       0
       0
       0
       0
       0
       0
       0
       1
       0
       0
       0
       0
       0
       0
       0
       1
       0
       0
       0
       0
       1
       0
       0
       0
       0
       0
       0
       0
       0
       0
       0
       0
       0
       0
       0
       0
       0
       0
       1
       0
       0
       0
       1
       1
       1
       0
       0
       0
       1
       0
       0
       0
       0
       0
       1
       0
       0
       0
       1
       0
       1
       1
       0
       1
       0
       1
       0
       0
       0
       0
       0
       0
       0
       0
       0
       1
       0
       1
       0
       0
       0
       0
       0
       0
       0
       1
       1
       0
       0
       1
       0
       0
       0
       0
       0
       0
       0
       0
       1
       0
       0
       0
       1
       0
       0
       0
       0
       1
       2
       0
       0
       0
       0
       0
       0
       0
       0
       1
       0
       0
       1
       0
       0
       0
       1
       0
       0
       0
       0
       0
       0
       0
       0
       1
       0
       0
       0
       0
       0
       0
       0
       1
       0
       0
       1
       0
       0
       0
       0
       2
       0
       0
       1
       0
       0
       1
       0
       0
       0
       0
       0
       0
       0
       0
       1
       0
       0
       1
       0
       0
       1
       0
       0
       0
       1
       2
       1
       0
       0
       0
       0
       0
       1
       0
       0
       0
       0
       1
       0
       0
       0
       0
       0
       0
       0
       1
       0
       0
       0
       1
       1
       0
       0
       0
       0
       0
       0
       1
       0
       0
       0
       0
       0
       0
       0
       0
       0
       0
       0
       1
       0
       0
       0
       0
       0
       0
       1
       0
       1
       0
       0
       0
       0
       3
       0
       0
       1
       1
       0
       0
       0
       0
       0
       0
       1
       2
       0
       0
       0
       0
       0
       2
       0
       0
       0
       0
       0
       1
       0
       0
       1
       0
       1
       0
       0
       0
       0
       0
       0
       0
       0
       0
       0
       0
       1
       0
       1
       0
       0
       0
       0
       0
       0
       0
       0
       0
       0
       0
       0
       0
       0
       0
       0
       0
       0
       1
       0
       0
       0
       0
       0
       0
       0
       0
       0
       0
       0
       0
       0
       0
       0
       0
       0
       0
       0
       0
       0
       1
       1
       0
       0
       0
       0
       0
       0
       0
       1
       0
       0
       0
       0
       0
       0
       0
       0
       0
       1
       0
       0
       0
       0
       0
       0
       0
       0
       0
       0
       0
       0
       0
       0
       0
       0
       0
       0
       0
       0
       0
       0
       1
       1
       0
       0
       0
       0
       0
       0
       0
       0
       1
       0
       0
       0
       0
       0
       0
       0
       0
       1
       0
       0
       1
       1
       0
       0
       0
       0
       0
       0
       1
       0
       0
       0
       0
       0
       1
       0
       0
       0
       0
       0
       0
       0
       0
       0
       0
       1
       0
       0
       2
       1
       0
       0
       0
       0
       0
       0
       0
       0
       0
       0
       1
       0
       1
       0
       0
       0
       0
       0
       0
       1
       0
       0
       0
       1
       0
       0
       0
       0
       0
       0
       0
       0
       0
       0
       0
       0
       1
       0
       1
       0
       0
       1
       0
       1
       1
       0
       0
       0
       0
       0
       0
       1
       0
       0
       0
       1
       0
       0
       0
       0
       2
       0
       0
       0
       0
       0
       1
       0
       0
       0
       0
       1
       1
       0
       0
       0
       0
       1
       0
       0
       0
       0
       1
       0
       0
       0
       0
       1
       2
       1
       2
       0
       0
       0
       1
       0
       1
       0
       1
       0
       0
       0
       0
       0
       0
       0
       1
       0
       0
       1
       0
       0
       0
       1
       0
       1
       0
       0
       0
       0
       1
       0
       0
       0
       0
       0
       1
       0
       0
       0
       0
       0
       0
       1
       0
       0
       1
       0
       0
       0
       1
       1
       0
       0
       0
       0
       1
       0
       0
       0
       0
       0
       2
       0
       0
       0
       1
       0
       0
       0
       0
       0
       0
       0
       0
       0
       0
       0
       0
       0
       0
       0
       0
       0
       0
       0
       1
       0
       1
       0
       1
       0
       1
       0
       1
       0
       0
       1
       0
       0
       0
       0
       0
       0
       0
       0
       0
       0
       0
       0
       0
       0
       0
       0
       0
       0
       0
       0
       0
       1
       0
       0
       0
       0
       1
       0
       0
       0
       0
       0
       0
       0
       0
       0
       0
       0
       0
       0
       1
       0
       1
       0
       1
       0
       0
       1
       0
       0
       0
       0
       0
       0
       0
       0
       1
       0
       0
       0
       0
       0
       0
       0
       0
       0
       0
       0
       0
       0
       0
       0
       0
       0
       1
       0
       0
       0
       0
       0
       0
       2
       0
       0
       0
       0
       0
       0
       1
       0
       0
       0
       0
       0
       0
       0
       0
       0
       0
       0
       0
       1
       1
       1
       0
       1
       0
       0
       1
       0
       0
       0
       1
       0
       1
       0
       0
       0
       0
       0
       0
       0
       0
       0
       0
       1
       0
       0
       0
       0
       0
       0
       1
       0
       0
       0
       0
       0
       1
       0
       0
       0
       0
       0
       0
       0
       0
       0
       0
       0
       0
       0
       0
       0
       0
       1
       0
       2
       0
       0
       1
       0
       1
       0
       0
       0
       0
       0
       0
       1
       0
       0
       0
       0
       0
       0
       0
       0
       0
       0
       1
       0
       0
       1
       2
       1
       1
       0
       0
       0
       0
       0
       1
       2
       1
       0
       0
       1
       0
       0
       0
       0
       0
       0
       0
       0
       0
       0
       1
       0
       1
       1
       0
       0
       0
       0
       1
       0
       0
       0
       1
       0
       0
       0
       0
       1
       0
       0
       0
       1
       0
       0
       0
       0
       0
       0
       1
       0
       0
       0
       0
       0
       0
       0
       0
       0
       0
       0
       0
       0
       0
       1
       0
       0
       0
       0
       1
       1
       0
       0
       1
       0
       2
       0
       0
       0
       0
       0
       0
       0
       0
       0
       1
       0
       0
       0
       0
       0
       0
       1
       0
       0
       0
       0
       0
       0
       0
       0
       0
       0
       0
       0
       1
       0
       0
       0
       3
       0
       0
       0
       0
       0
       0
       0
       0
       0
       0
       0
       0
       0
       1
       0
       1
       0
       0
       0
       0
       0
       0
       1
       0
       0
       0
       0
       1
       0
       0
       0
       0
       0
       0
       0
       0
       0
       0
       0
       0
       0
       0
       0
       0
       0
       0
       0
       2
       0
       0
       0
       0
       0
       0
       0
       0
       1
       0
       1
       1
       0
       0
       0
       1
       0
       0
       0
       0
       0
       0
       0
       0
       0
       0
       0
       0
       1
       0
       1
       0
       0
       1
       1
       0
       1
       0
       0
       0
       0
       0
       0
       0
       1
       0
       1
       0
       0
       0
       0
       0
       0
       0
       0
       0
       0
       1
       0
       0
       0
       0
       0
       0
       0
       0
       1
       1
       0
       0
       0
       0
       0
       0
       0
       0
       0
       0
       0
       0
       0
       0
       1
       2
       1
       1
       0
       1
       0
       0
       1
       0
       0
       0
       0
       0
       0
       0
       0
       0
       1
       0
       0
       0
       0
       0
       1
       0
       0
       0
       0
       0
       0
       1
       0
       0
       0
       0
       0
       1
       0
       0
       0
       0
       0
       1
       0
       0
       0
       0
       0
       0
       0
       0
       0
       0
       0
       0
       0
       0
       0
       0
       0
       0
       0
       0
       1
       1
       0
       0
       0
       0
       0
       0
       0
       0
       0
       1
       1
       0
       2
       0
       0
       0
       0
       0
       0
       0
       1
       0
       0
       0
       0
       0
       0
       0
       0
       0
       0
       0
       0
       0
       0
       1
       0
       0
       0
       0
       0
       0
       1
       1
       0
       0
       0
       1
       0
       0
       0
       0
       1
       0
       0
       0
       0
       0
       0
       1
       0
       0
       1
       0
       0
       0
       0
       0
       0
       0
       0
       0
       0
       1
       0
       0
       0
       0
       0
       0
       0
       1
       0
       0
       0
       1
       0
       0
       0
       0
       1
       0
       0
       1
       0
       0
       1
       0
       0
       0
       0
       0
       0
       0
       0
       0
       0
       0
       0
       0
       0
       0
       0
       0
       0
       0
       0
       0
       0
       1
       0
       0
       0
       0
       0
       0
       0
       0
       0
       0
       1
       0
       0
       0
       0
       0
       0
       0
       0
       0
       0
       0
       0
       0
       1
       0
       1
       0
       0
       0
       0
       0
       0
       0
       0
       0
       1
       0
       0
       1
       0
       0
       0
       1
       0
       0
       0
       0
       0
       0
       1
       0
       0
       0
       1
       0
       0
       0
       0
       0
       0
       1
       0
       1
       0
       0
       0
       0
       0
       0
       0
       0
       0
       0
       0
       2
       0
       0
       0
       1
       0
       0
       0
       1
       0
       0
       0
       0
       0
       0
       0
       0
       0
       1
       0
       0
       0
       0
       0
       0
       0
       0
       0
       1
       0
       0
       1
       0
       1
       0
       0
       0
       0
       0
       0
       0
       1
       0
       0
       0
       0
       0
       0
       0
       0
       0
       0
       0
       1
       0
       0
       0
       1
       0
       0
       1
       0
       0
       0
       0
       0
       1
       0
       1
       0
       0
       0
       0
       0
       0
       0
       0
       0
       0
       0
       0
       1
       0
       0
       0
       1
       0
       1
       0
       0
       0
       0
       0
       0
       0
       0
       1
       0
       0
       0
       0
       0
       0
       0
       0
       0
       0
       0
       0
       0
       0
       0
       0
       0
       0
       0
       0
       0
       0
       1
       0
       0
       0
       1
       0
       0
       0
       0
       0
       0
       0
       0
       0
       0
       0
       0
       0
       0
       0
       0
       0
       0
       0
       0
       0
       0
       0
       0
       0
       0
       0
       0
       1
       1
       0
       0
       0
       0
       1
       0
       0
       0
       1
       0
       0
       0
       0
       0
       0
       0
       0
       0
       0
       0
       0
       1
       0
       0
       1
       0
       0
       0
       0
       0
       0
       0
       0
       0
       1
       0
       0
       0
       0
       0
       0
       0
       0
       0
       0
       0
       0
       1
       0
       0
       2
       0
       0
       0
       0
       0
       0
       0
       0
       0
       1
       0
       0
       0
       0
       0
       0
       0
       0
       0
       0
       0
       0
       2
       0
       0
       0
       0
       0
       0
       0
       0
       0
       0
       0
       0
       0
       1
       0
       0
       0
       0
       0
       1
       0
       0
       0
       1
       0
       0
       0
       1
       0
       0
       0
       0
       1
       0
       0
       0
       0
       0
       2
       0
       0
       0
       0
       0
       0
       0
       0
       0
       0
       0
       0
       0
       0
       0
       0
       0
       0
       2
       0
       0
       0
       0
       0
       0
       0
       0
       0
       0
       1
       0
       0
       0
       0
       1
       0
       0
       0
       0
       0
       0
       0
       0
       0
       0
       0
       0
       0
       0
       0
       1
       0
       1
       0
       0
       0
       0
       0
       0
       0
       0
       0
       0
       0
       0
       0
       0
       0
       0
       0
       0
       0
       0
       0
       0
       0
       0
       0
       0
       1
       0
       0
       0
       0
       0
       0
       0
       0
       0
       0
       0
       0
       0
       0
       0
       1
       0
       0
       0
       0
       0
       0
       0
       0
       0
       0
       0
       0
       0
       0
       0
       1
       0
       0
       1
       0
       0
       0
       0
       0
       0
       0
       0
       0
       0
       0
       0
       0
       0
       0
       0
       0
       0
       0
       0
       0
       0
       0
       0
       1
       0
       1
       1
       0
       0
       0
       0
       0
       0
       0
       1
       0
       0
       0
       0
       0
       0
       0
       0
       1
       0
       0
       0
       0
       0
       0
       0
       0
       1
       0
       0
       0
       0
       0
       0
       0
       0
       0
       1
       2
       2
       0
       0
       0
       0
       0
       0
       0
       0
       0
       0
       0
       0
       0
       0
       0
       0
       0
       0
       0
       0
       0
       0
       0
       0
       0
       0
       1
       0
       0
       0
       0
       0
       0
       0
       0
       0
       0
       0
       0
       0
       0
       2
       0
       0
       1
       0
       0
       0
       0
       0
       0
       0
       0
       0
       0
       0
       1
       0
       1
       0
       1
       0
       0
       1
       1
       0
       0
       0
       0
       0
       0
       0
       1
       1
       0
       0
       0
       0
       1
       0
       0
       2
       0
       0
       0
       0
       0
       0
       1
       0
       0
       0
       1
       0
       0
       0
       0
       0
       0
       0
       0
       0
       0
       0
       0
       0
       0
       0
       0
       0
       0
       1
       1
       1
       0
       0
       0
       0
       1
       1
       0
       0
       0
       0
       1
       0
       0
       2
       0
       1
       0
       0
       0
       0
       0
       0
       0
       0
       0
       0
       0
       0
       0
       0
       0
       1
       1
       0
       0
       0
       0
       0
       1
       0
       0
       0
       0
       1
       0
       0
       0
       0
       0
       1
       0
       1
       0
       0
       0
       0
       0
       0
       0
       0
       0
       0
       0
       0
       0
       0
       0
       0
       0
       0
       0
       0
       0
       0
       0
       1
       1
       0
       0
       0
       0
       0
       0
       1
       0
       0
       0
       0
       0
       1
       0
       0
       0
       0
       0
       0
       0
       0
       0
       0
       0
       0
       0
       0
       0
       0
       0
       1
       0
       0
       0
       0
       0
       0
       0
       0
       0
       0
       0
       0
       0
       2
       0
       0
       0
       0
       1
       0
       0
       0
       0
       0
       0
       0
       0
       0
       0
       0
       1
       0
       0
       0
       0
       0
       0
       0
       0
       0
       0
       0
       0
       0
       0
       0
       0
       0
       0
       0
       0
       0
       0
       0
       0
       0
       0
       0
       0
       0
       1
       0
       0
       0
       0
       1
       0
       0
       0
       0
       0
       0
       0
       0
       0
       0
       0
       0
       0
       0
       0
       0
       0
       0
       0
       0
       0
       0
       0
       0
       0
       0
       0
       0
       0
       0
       0
       0
       0
       0
       0
       0
       0
       0
       0
       0
       0
       0
       1
       0
       0
       0
       0
       0
       0
       0
       1
       0
       0
       0
       1
       0
       0
       0
       1
       0
       0
       0
       0
       0
       0
       0
       0
       0
       1
       0
       0
       0
       0
       1
       0
       0
       0
       0
       0
       1
       0
       0
       0
       0
       0
       0
       0
       0
       0
       0
       0
       1
       0
       0
       0
       0
       0
       0
       0
       0
       0
       0
       0
       0
       0
       0
       0
       0
       0
       0
       0
       0
       0
       0
       0
       0
       0
       0
       0
       0
       0
       0
       0
       0
       0
       1
       0
       0
       0
       0
       0
       1
       0
       0
       1
       0
       0
       0
       0
       0
       1
       0
       0
       0
       0
       0
       1
       0
       0
       0
       0
       0
       0
       0
       0
       0
       0
       1
       0
       0
       0
       0
       0
       1
       0
       0
       0
       0
       0
       0
       0
       0
       0
       0
       0
       0
       0
       0
       0
       1
       0
       1
       0
       0
       0
       0
       0
       1
       0
       0
       0
       0
       0
       0
       0
       0
       0
       0
       0
       0
       0
       0
       0
       0
       1
       0
       0
       0
       0
       0
       1
       0
       0
       0
       0
       0
       0
       0
       0
       0
       0
       1
       1
       0
       0
       0
       0
       0
       0
       0
       0
       1
       1
       0
       0
       0
       0
       0
       0
       0
       0
       0
       0
       0
       0
       0
       0
       0
       0
       1
       0
       0
       0
       0
       0
       0
       1
       0
       0
       0
       0
       0
       0
       1
       0
       0
       0
       0
       0
       0
       0
       1
       0
       0
       0
       0
       0
       0
       0
       0
       0
       0
       0
       0
       0
       0
       0
       0
       0
       0
       0
       0
       0
       0
       0
       0
       0
       0
       0
       0
       0
       0
       1
       0
       1
       0
       0
       0
       0
       0
       0
       0
       0
       0
       0
       0
       0
       0
       0
       0
       1
       0
       0
       0
       1
       0
       0
       0
       0
       0
       0
       0
       1
       0
       0
       0
       0
       0
       0
       2
       0
       0
       0
       0
       0
       0
       0
       0
       0
       1
       0
       0
       0
       0
       0
       0
       0
       0
       0
       0
       0
       0
       0
       0
       0
       0
       0
       1
       0
       0
       0
       0
       0
       0
       0
       0
       0
       0
       0
       0
       0
       0
       1
       0
       0
       0
       0
       0
       0
       0
       0
       0
       0
       0
       0
       0
       0
       1
       0
       0
       0
       0
       0
       0
       0
       0
       0
       0
       0
       0
       0
       0
       0
       0
       0
       0
       0
       1
       1
       0
       1
       0
       0
       2
       0
       0
       0
       0
       0
       0
       0
       0
       2
       0
       0
       1
       0
       0
       0
       0
       0
       0
       0
       0
       0
       0
       0
       0
       0
       0
       0
       0
       0
       0
       0
       0
       0
       0
       0
       0
       0
       0
       0
       0
       0
       0
       0
       0
       0
       1
       0
       0
       0
       0
       0
       0
       1
       0
       0
       0
       0
       0
       0
       0
       0
       0
       0
       0
       0
       0
       0
       0
       0
       0
       0
       0
       1
       0
       0
       0
       0
       0
       0
       0
       0
       0
       0
       0
       0
       0
       0
       0
       0
       0
       0
       0
       0
       0
       0
       0
       0
       0
       0
       0
       0
       0
       0
       0
       0
       0
       0
       0
       0
       0
       0
       0
       1
       0
       0
       0
       0
       0
       0
       0
       0
       0
       0
       0
       0
       0
       0
       0
       0
       0
       0
       0
       0
       0
       0
       0
       0
       0
       0
       0
       0
       0
       0
       0
       1
       0
       0
       0
       0
       0
       0
       0
       0
       0
       0
       0
       0
       0
       0
       0
       0
       0
       0
       0
       0
       0
       0
       0
       0
       0
       1
       0
       0
       0
       0
       0
       0
       1
       0
       0
       0
       0
       0
       0
       0
       0
       0
       0
       0
       0
       0
       0
       0
       0
       0
       0
       0
       0
       0
       0
       0
       0
       0
       0
       0
       1
       0
       0
       0
       0
       0
       0
       0
       0
       0
       0
       0
       0
       0
       0
       0
       0
       0
       0
       0
       0
       0
       0
       0
       0
       0
       0
       0
       0
       0
       0
       1
       0
       0
       0
       0
       0
       0
       0
       0
       0
       1
       0
       0
       0
       0
       0
       0
       0
       0
       0
       0
       0
       0
       0
       0
       0
       0
       0
       0
       0
       0
       0
       0
       0
       0
       0
       0
       0
       0
       0
       0
       0
       1
       0
       0
       0
       0
       1
       0
       0
       0
       0
       0
       0
       0
       0
       0
       0
       0
       1
       0
       0
       0
       0
       0
       0
       0
       0
       0
       0
       0
       0
       0
       0
       0
       1
       0
       0
       0
       0
       0
       0
       0
       0
       0
       0
       0
       0
       0
       0
       0
       0
       0
       0
       0
       0
       0
       0
       0
       1
       0
       0
       0
       0
       0
       0
       0
       0
       1
       0
       0
       0
       0
       0
       0
       0
       0
       0
       0
       0
       0
       0
       0
       0
       0
       0
       0
       0
       0
       0
       0
       0
       0
       0
       0
       0
       0
       0
       0
       0
       1
       0
       0
       0
       0
       0
       0
       0
       1
       0
       1
       0
       0
       0
       0
       0
       0
       0
       0
       0
       0
       0
       0
       0
       0
       0
       0
       0
       0
       0
       0
       0
       0
       0
       0
       0
       0
       0
       0
       0
       0
       1
       0
       0
       0
       0
       0
       0
       0
       0
       0
       0
       0
       0
       0
       0
       0
       0
       0
       0
       0
       0
       0
       0
       0
       0
       0
       0
       0
       0
       0
       0
       0
       0
       0
       0
       0
       0
       0
       0
       0
       0
       0
       0
       0
       1
       1
       0
       0
       0
       0
       0
       0
       0
       0
       1
       0
       0
       0
       1
       0
       0
       0
       0
       0
       0
       0
       0
       0
       0
       0
       0
       0
       0
       0
       0
       1
       0
       0
       0
       0
       0
       0
       0
       0
       0
       0
       0
       0
       0
       0
       0
       0
       0
       0
       0
       0
       1
       0
       0
       0
       0
       0
       0
       0
       0
       0
       0
       0
       0
       0
       0
       0
       0
       0
       1
       0
       0
       0
       1
       0
       1
       0
       0
       0
       0
       1
       0
       1
       0
       0
       0
       0
       0
       0
       0
       0
       0
       0
       0
       0
       0
       1
       0
       0
       1
       0
       0
       0
       0
       0
       0
       1
       0
       0
       0
       0
       0
       0
       0
       0
       1
       0
       0
       0
       0
       0
       0
       0
       0
       0
       0
       0
       1
       0
       0
       0
       0
       0
       0
       0
       1
       0
       1
       0
       0
       0
       0
       0
       0
       0
       0
       1
       0
       0
       0
       0
       1
       0
       0
       0
       0
       0
       0
       0
       0
       0
       0
       0
       0
       0
       0
       0
       0
       0
       0
       0
       0
       1
       0
       0
       0
       0
       0
       0
       0
       0
       0
       0
       0
       0
       0
       0
       0
       0
       0
       0
       1
       0
       0
       0
       0
       0
       0
       0
       0
       0
       0
       0
       0
       1
       0
       1
       0
       0
       0
       0
       0
       0
       0
       1
       0
       0
       0
       0
       0
       0
       0
       0
       0
       0
       0
       0
       1
       0
       0
       0
       0
       0
       0
       0
       0
       0
       0
       0
       0
       0
       0
       0
       0
       0
$ROI:
0
$PRESETS:
Live Time
3600
0
$ENER_FIT:
0.137869 0.366631
$MCA_CAL:
3
1.378689E-001 3.666307E-001 -4.415950E-008 keV
$SHAPE_CAL:
3
2.301834E+000 9.195991E-004 -5.357180E-008
